1 19792.259101077892
2 45917.84041910135
3 56290.351479289944
4 59870.39421734796
5 85987.22271986971
6 145412.83892750746
7 157648.24781886165
8 132090.91059063136
9 162595.81557543718
10 233275.93535103975
11 198684.05062778454
12 228718.06495049506
13 207750.3264771123
14 260592.31001206272
15 311036.25787321065
16 358747.54726468225
17 382919.85474974464
18 327753.3732510288
19 368250.97398373985
20 321219.5351611553
21 403180.32338709675
22 401316.9053219055
23 448300.22351758793
24 537396.4152284263
25 483126.872719984
26 477755.8419787703
27 484794.8739328966
28 478667.2645867099
29 561106.6693267854
30 495648.5468062827
31 571646.3877343113
32 655028.9082419813
33 611960.8708026208
34 700727.7390860873
35 707708.2701149426
36 699713.5316809914
37 711053.3566255628
38 762967.1844403818
39 739721.1436276468
40 812618.9715966728
41 797048.3541370197
42 813724.650886382
43 757908.2279137288
44 825271.9710778194
45 860844.7370566654
46 846867.2919305414
47 804926.2672974571
48 929843.374379139
49 952424.6349173554
50 904610.7001204336
51 969394.2201529111
52 969689.5023885351
53 1014293.3873182553
54 996947.8112555871
55 1096471.6026758566
56 1130334.340318356
57 1040630.3775950668
58 1074662.6681762042
59 1161797.1933130699
60 1124768.13556231
61 1155193.662991179
62 1109075.8974256634
63 1221031.4653524493
64 1160261.8133858268
65 1216736.3791776383
66 1224995.0966360855
67 1175533.763988809
68 1318710.2927946688
69 1272627.530583501
70 1332510.3936897106
71 1251344.8810250151
72 1298382.0648242228
73 1395843.770917953
74 1371849.0174230146
75 1317087.037754896
76 1478958.2931562818
77 1337335.4444219887
78 1458308.5220151546
79 1481082.9756341123
80 1465115.309182644
81 1470155.6356907894
82 1475558.98669162
83 1565695.8893769968
84 1637081.5702966275
85 1615514.8557013117
86 1520544.340749897
87 1591888.4273172724
88 1638405.4205626391
89 1611469.9578313252
90 1717658.661313275
91 1670683.633326705
92 1705647.820854022
93 1683188.9915441917
94 1759211.6632488943
95 1816936.776272578
96 1742504.8444354183
97 1828843.7966512004
98 1833698.3597722189
99 1887839.5758810348
100 1825310.0774193548
101 1807871.746126341
102 1908061.749043303
103 2052399.1499595796
104 1835480.5650630915
105 1866378.4371980675
106 2004349.5114566286
107 1950562.1183183184
108 2077755.0099194048
109 2071621.8367431287
110 2172908.926942482
111 2070089.3608058607
112 2086607.9447266816
113 2064834.7819320937
114 2124349.295463669
115 2179938.695389571
116 2184121.7822841
117 2179564.160572337
118 2374287.5927887554
119 2184699.9299056036
120 2180385.9225251074
121 2249611.15879017
122 2294400.1433285214
123 2320495.833500905
124 2301151.502587456
125 2316406.8382202173
126 2374449.8098221505
127 2417872.8912252327
128 2338400.5511637237
129 2506703.9303205255
130 2384236.1045500506
131 2378859.3600903307
132 2564487.1578510683
133 2718487.5246103364
134 2609429.7100627655
135 2468547.7467705556
136 2670077.4609485366
137 2432769.5980509147
138 2440903.023018945
139 2532512.225184006
140 2643677.158762058
141 2635302.0506777894
142 2742614.703566275
143 2805338.932554862
144 2639003.982844604
145 2731442.9494887525
146 2858003.995108031
147 2720432.2354242057
148 2772680.347549723
149 2831735.1436585854
150 2857699.5179725364
151 2803011.3960784315
152 2765215.1904952074
153 2885123.275473218
154 2958456.958948433
155 2942593.89257213
156 2908878.118468289
157 3028011.794159114
158 2965477.81912038
159 2975948.443556648
160 2943320.602180937
161 3034620.681836169
162 2899800.5281490483
163 2989657.8306825045
164 3079391.4202
165 3158198.467437614
166 3218866.16912806
167 3116774.7002192545
168 3311159.471035333
169 3172467.418319362
170 3182946.856401743
171 3139867.8427011725
172 3070563.2791071786
173 3294952.294081381
174 3184122.647782258
175 3445629.220044009
176 3242725.2698220066
177 3418589.8140662895
178 3415501.2608695654
179 3363801.5994684114
180 3400302.2268857653
181 3573947.8208104256
182 3414684.300561798
183 3396289.49343266
184 3517548.5906882593
185 3597493.1285051443
186 3439508.106485188
187 3629917.946538304
188 3524041.793223107
189 3420666.6460355986
190 3589615.137262818
191 3539614.3316582916
192 3569433.831203084
193 3536296.62599959
194 3656745.973934128
195 3825670.7395076673
196 3663864.4520661156
197 3785886.880918221
198 3762040.257183042
199 3812671.63589319
200 3885289.303700724
201 3606174.25377036
202 3901558.655863885
203 3788928.272727273
204 3796777.732232736
205 3732318.513283109
206 3897678.2268907563
207 3991341.643682823
208 4100860.3585888958
209 3919668.076184763
210 4029811.4281039066
211 4041823.356579745
212 4110535.702593193
213 4004669.3801787165
214 4098111.7686218796
215 3981966.281584799
216 4122320.6014946476
217 4204353.989284978
218 4137633.3253424657
219 4190477.3042612504
220 4204475.7927891435
221 4215988.95832478
222 4327125.008076206
223 4255135.301743589
224 4347978.276001619
225 4284856.995812562
226 4312227.935188947
227 4288216.595986215
228 4274439.796884243
229 4615265.973716632
230 4593064.266914192
231 4515890.225630676
232 4419386.840425532
233 4366706.718022068
234 4585355.079435484
235 4594847.141513293
236 4384657.149574382
237 4477297.892702981
238 4554004.526001195
239 4743517.23943662
240 4424543.378286173
241 4692074.495683597
242 4778721.780584057
243 4764058.314404432
244 4735513.302320847
245 4902854.591729171
246 4737686.768378651
247 4858182.154607298
248 4807852.0141162025
249 5260534.13596838
250 4896376.078196689
251 4885028.516302105
252 4922564.682139253
253 4999411.1687814705
254 4664475.601434426
255 4907464.30203506
256 4871648.867308077
257 4889872.3358575525
258 5079089.742828486
259 4903385.730133118
260 4965752.051589682
261 4854182.18727491
262 4879723.9800163135
263 5196938.483525208
264 5059485.209827908
265 5084916.62694922
266 5052216.912340941
267 5232292.045398267
268 5454956.774964838
269 5113124.164406083
270 5258712.922654183
271 5171871.227418708
272 5287597.270530412
273 5286824.1273469385
274 5293592.811905244
275 5199470.152974504
276 5276369.1867494
277 5540275.324858757
278 5605225.189779518
279 5562938.355583281
280 5391976.086825141
281 5641348.397816858
282 5780114.461553945
283 5608052.843413584
284 5654723.411834554
285 5776331.461952027
286 5404491.883930358
287 5870543.30972194
288 5751667.182819833
289 5877794.454196933
290 5805066.1021406725
291 5905839.712739894
292 5805144.832105158
293 5918157.74796748
294 5840729.7179540275
295 5730832.778210915
296 5675259.836925579
297 5814342.444511825
298 5730574.517893452
299 6099832.450781409
300 5992966.973386296
301 6037211.512408179
302 6225751.664348537
303 5986892.113381001
304 6215610.39671079
305 6191439.496869319
306 6099700.893043828
307 6289562.982060909
308 6334269.060179519
309 6022473.233820878
310 6288154.444355644
311 6368319.705930138
312 6024501.210848287
313 6203690.134303875
314 6418521.993333333
315 6367659.068556494
316 6233889.154591322
317 6988181.080360804
318 6842109.531767109
319 6464299.055680655
320 7185500.685867106
321 6726814.173841738
322 6107106.70415296
323 6409028.1734384475
324 7071813.477167572
325 6561081.990464597
326 6800481.6970970975
327 6795372.602826711
328 6646611.117588737
329 6963946.889874949
330 7172607.880155961
331 6546023.158020751
332 7245270.353389656
333 7212116.748683678
334 6810285.150449714
335 7278192.724939856
336 6888128.8572302675
337 6807389.378473663
338 7209768.997764228
339 7144057.540822468
340 7564559.743287225
341 7348022.454639175
342 7334060.321922046
343 7903468.587487587
344 7269619.933087028
345 6967039.781446222
346 7725520.807785888
347 7296207.681755013
348 7851292.159149612
349 7449644.737973186
350 8020084.480289622
351 7370418.590103093
352 7689839.928184554
353 7278526.626934337
354 7520538.717334407
355 7686347.105961617
356 8336812.057522124
357 7701298.711002644
358 7916492.87762868
359 7557745.909622756
360 8523611.232553408
361 8366927.519123506
362 8231146.50576573
363 8452531.577304965
364 8076297.091111561
365 7768153.76379691
366 7620664.661661868
367 8067350.2041284405
368 8512538.985419199
369 8833144.054496478
370 9053040.595233327
371 8458859.835374422
372 8204923.9546191245
373 8340358.537244693
374 9441797.796101054
375 8374835.439951476
376 8684761.937310414
377 8062603.911560579
378 9139781.325726978
379 9235537.565467626
380 8456446.181233674
381 9144184.016047126
382 9121840.266975619
383 8447548.6994348
384 9970133.826879738
385 9013075.677689243
386 9514768.232473075
387 9287780.453527883
388 9430132.864637565
389 1.0000596603648758E7
390 9595234.202697262
391 9962592.75987842
392 9584330.578168733
393 1.1413617661877993E7
394 1.0024315922282938E7
395 1.1166625050142104E7
396 1.0887011962373083E7
397 1.1431599187727826E7
398 9164501.704977741
399 1.2933441434226554E7
400 9423692.0504254
401 1.1561100143757625E7
402 1.1033306518726217E7
403 1.1043819859327218E7
404 1.1871707975454E7
405 1.0826108695435518E7
406 1.1269884986155063E7
407 1.312656701663286E7
408 1.2357723307896348E7
409 1.1720877274156839E7
410 1.1718850500197472E7
411 1.1222269178817336E7
412 1.315273689049167E7
413 1.3527142127689242E7
414 1.1563362935803968E7
415 1.3275719086057503E7
416 1.295135124697684E7
417 1.6239290422747657E7
418 1.4430745703870572E7
419 1.27263398084E7
420 1.2794355328915171E7
421 1.4721380284353465E7
422 1.2525274E7
423 1.5327799102070097E7
424 1.4370621504880033E7
425 1.5224384005630404E7
426 1.5609965790470373E7
427 1.4691807399375E7
428 1.5555284646534253E7
429 1.6228245390998593E7
430 1.55121348742E7
431 1.469915810273003E7
432 1.719967318949725E7
433 1.9264838965403624E7
434 1.6117558932885906E7
435 1.680978308017402E7
436 1.5990987474162294E7
437 1.841788309135701E7
438 1.711676213922518E7
439 1.4966459835352533E7
440 2.2788784341627575E7
441 1.589103205680425E7
442 2.4258082265524194E7
443 1.9908092833678544E7
444 2.1133700008534852E7
445 2.6307149839446783E7
446 1.904226274657394E7
447 2.182712083397605E7
448 2.7717605153783727E7
449 2.205786467458432E7
450 4.11580526904277E7
451 2.7564856978381593E7
452 2.671426128352649E7
453 2.5696503719661903E7
454 2.336053719038817E7
455 3.2439486270971637E7
456 3.3320961154984582E7
457 2.595958024643216E7
458 3.1963783260502513E7
459 3.2883991692668024E7
460 4.358485059415713E7
461 2.9936212854637098E7
462 3.596175496942963E7
463 3.1786922779165827E7
464 3.699379729169181E7
465 4.230525630852341E7
466 4.7192092395315684E7
467 2.376152316639378E7
468 4.4138599399085306E7
469 4.478594827900442E7
470 4.8278188423031025E7
471 4.0324342107007384E7
472 3.6986100016350426E7
473 4.8487606897097625E7
474 5.21772675937247E7
475 6.344322221521783E7
476 4.7847098932955235E7
477 5.5959333835950084E7
478 6.372262353141092E7
479 5.260428754065534E7
480 3.764654723484697E7
481 5.902026098488817E7
482 3.805728874685853E7
483 7.636314384514436E7
484 6.114798124790517E7
485 6.627833575065039E7
486 5.2993942987431586E7
487 7.381100866329625E7
488 5.768935465959976E7
489 5.1960183151593626E7
490 6.752469622566824E7
491 5.237789267822893E7
492 6.667379383201139E7
493 4.8564571557609364E7
494 6.46920902970055E7
495 4.359267813535228E7
496 9.31882152818955E7
497 6.671995127983539E7
498 8.336776601977977E7
499 6.317915040288794E7
