1 1275.1338582677165
2 2626.0589592950064
3 4049.7351227632125
4 6870.636652542373
5 8752.977647569445
6 7964.670299145299
7 8477.753846153846
8 11576.294155844156
9 12673.422857142858
10 14057.056724028043
11 12858.131353273373
12 13166.64843104872
13 16765.599707968293
14 20576.49316508938
15 21297.86715234626
16 18813.37038581856
17 25703.501525719268
18 24017.700659250102
19 25623.35133431393
20 26517.717767131846
21 27748.167482443074
22 29464.64696051807
23 32304.021134128478
24 35214.26835978836
25 31905.088650242156
26 34917.48899403415
27 39560.39279801324
28 41313.31582332762
29 37993.64378320935
30 40713.86540066778
31 47716.657324840766
32 46855.79105725032
33 44290.021484375
34 40319.395758975435
35 46434.28276751182
36 48160.457549142615
37 45807.020225187654
38 52514.74
39 51577.25444685466
40 51351.461392804544
41 52632.30336134454
42 56505.395890701126
43 54224.272980501395
44 57140.66623986342
45 59360.93390684012
46 59775.40561821664
47 58334.57349192863
48 66280.54488517746
49 59098.041420118345
50 64079.583929322675
51 63704.45765230312
52 70497.81554648916
53 71515.60037759597
54 74348.54235493435
55 72942.59272951324
56 69808.47472574747
57 76585.491625817
58 70744.66772486773
59 69606.70604110442
60 76202.27390396659
61 78313.8185501066
62 84657.4408314468
63 83765.98518054686
64 86855.79991449337
65 83741.99772067965
66 93098.60596950827
67 88345.0780888234
68 89873.66617892977
69 90414.43006481288
70 90710.99829278703
71 95243.06467661691
72 97283.89525021204
73 99307.34510055627
74 98087.33002533784
75 102971.11848542863
76 96816.33055613414
77 101928.80067567568
78 111642.84390651085
79 109224.61118251928
80 97504.53393570078
81 105339.73233959818
82 108481.55510028035
83 105600.24910432033
84 110627.49937133277
85 110748.62257862945
86 112898.13122171945
87 117110.76305220883
88 120186.58913738019
89 114025.4395651247
90 121934.49041666667
91 121081.61895754519
92 127281.06503041745
93 125554.910479423
94 129517.31482663263
95 123577.06486486486
96 122883.23734371798
97 126845.3680361368
98 134633.9298538622
99 132527.89428690576
100 140318.44670157068
101 132927.07224890374
102 130998.79595744681
103 135461.31787538304
104 132897.44140875133
105 144421.31671991482
106 146487.65306980655
107 130619.22713738834
108 133149.54881595346
109 138394.9655958549
110 149666.64645619903
111 140844.38398999374
112 159255.5323710465
113 160817.59584295613
114 143322.70807846446
115 151830.46557445044
116 161902.71631799164
117 150064.05746883585
118 155901.76239067054
119 157591.09550321198
120 167843.51766448063
121 154583.33921093235
122 156046.33633440515
123 164710.7509964338
124 162656.60103092782
125 159806.6368948247
126 166737.81734277742
127 164854.22833821684
128 162603.08506576155
129 181570.90445724034
130 177409.69352088662
131 167135.3144993768
132 172945.57318855711
133 175249.6852953676
134 174518.39950525665
135 174939.54604166668
136 193797.05711867992
137 182575.77929441413
138 178139.7835289187
139 183541.5665035114
140 182808.97944501543
141 187310.22732078662
142 182181.64778272863
143 186863.25277067348
144 200345.94271720614
145 192898.07847387818
146 195914.50543705563
147 191636.58617043772
148 210704.88589035274
149 196847.44970047512
150 199259.72441430332
151 202023.62419722395
152 191850.03709106063
153 193633.60272251308
154 203818.5387849485
155 207761.9002118644
156 207419.84931506848
157 199461.46289308177
158 203543.10002141786
159 219752.75562700964
160 202345.60097169413
161 218994.46589473684
162 219242.2456622937
163 207985.79386243387
164 211717.2502124044
165 220881.11423771526
166 218770.16934460888
167 223754.11279143038
168 210552.5709838107
169 220242.7468897469
170 229476.30182280627
171 225207.44232331438
172 245444.68085556966
173 227755.58098223616
174 228182.55939753924
175 231001.65106923567
176 238840.02903296222
177 236404.48917568693
178 225024.43002703265
179 246528.45452644784
180 245317.64632574128
181 249127.8188390389
182 238636.0058418527
183 242561.10130033558
184 247254.8315228967
185 256486.08741112505
186 246079.6744923858
187 245946.45267042986
188 261751.34341968913
189 258524.99686978298
190 268895.7643934566
191 262256.4535472973
192 258619.93715615742
193 248092.098022356
194 263804.1447839831
195 261470.41973244149
196 266483.231554327
197 264845.66806988005
198 255794.437139324
199 245180.0711570946
200 275404.19871927286
201 267908.754429852
202 269004.13715870306
203 271832.3372906508
204 275202.48749211687
205 266022.470375876
206 280481.53170731704
207 279061.09274193546
208 273578.94841685885
209 279686.40691545437
210 289250.18552875693
211 294217.0928616551
212 279483.85811930406
213 292242.6724137931
214 299384.7200163733
215 296892.0699417152
216 287417.6706156124
217 297056.5393140945
218 291116.640625
219 286766.5382525084
220 288119.00781419576
221 295323.027789563
222 291540.24334038055
223 293808.08025477704
224 296893.8134562985
225 318315.61122704507
226 304372.3868243243
227 315812.6961220598
228 315710.96031581133
229 302796.806122449
230 304741.2007101086
231 320507.9535900104
232 328408.38592132507
233 323047.3850662036
234 309772.99494311
235 310732.7384548986
236 322993.8194848359
237 329691.1144677353
238 334021.17665549036
239 319655.3027355623
240 327733.4212982605
241 334148.87255310285
242 336585.86488758144
243 328021.6078553616
244 326051.84977721196
245 344415.56679991586
246 333861.7829490163
247 327307.47416156926
248 326467.6945288754
249 339479.038715167
250 332343.5712153518
251 335715.6753355705
252 339355.24578914535
253 346870.6039150354
254 346183.59159663867
255 359553.4273666456
256 336689.49989528797
257 346688.3095988238
258 342524.24361998716
259 339385.4341513292
260 348189.6856968712
261 342793.0051724138
262 365258.89815011696
263 348731.4849187935
264 351025.0021172983
265 380058.98428453266
266 361285.0621564482
267 386088.3209096652
268 361524.8854469854
269 377822.41622198507
270 376692.7852164731
271 384071.8934188742
272 372686.26868213754
273 376311.3980603448
274 385005.68653234356
275 390011.79410535115
276 382631.74344209855
277 393610.0534497445
278 375833.49196409935
279 388395.5442219441
280 383085.74498077744
281 367409.0475482912
282 388147.0566077889
283 409368.81747694884
284 397015.3014977209
285 390189.33187863673
286 390660.1048284625
287 393478.4168067227
288 400074.4127318718
289 385712.14883015596
290 380154.23583718005
291 408717.80369269947
292 377157.5878293601
293 415238.2002487562
294 415785.51806465245
295 397112.9949906074
296 399715.34410201915
297 416217.1008762556
298 392272.2304475115
299 420400.12502626603
300 440260.8072212838
301 424930.05336617405
302 432376.7064068008
303 431736.424847593
304 418971.8662952646
305 416715.08238993713
306 442848.9561068702
307 457468.15888650966
308 424581.7752525252
309 427495.55008347245
310 444924.04458464775
311 457938.66578032315
312 451788.1208096142
313 450051.46121505153
314 420326.37427776586
315 459041.2498949138
316 433710.3324105622
317 449734.9765219198
318 445142.5065096094
319 473573.5627887442
320 471740.2760824742
321 449435.65928270045
322 460556.3024614101
323 487220.77961144765
324 463601.2774701874
325 448366.77999161073
326 456128.6781487743
327 484728.54486626404
328 461832.0189267887
329 456738.639605622
330 457367.3236852833
331 482238.708821715
332 488369.0745783377
333 488377.9671431619
334 444923.6722671204
335 480137.68475073314
336 475773.49233354337
337 491567.95549344225
338 462434.6281672297
339 504102.21866325004
340 476873.3176147177
341 470356.04615052836
342 469858.7567106945
343 516740.96357127815
344 487234.5332504661
345 501237.3500942803
346 506040.13415655086
347 552431.7099417727
348 520656.24199288257
349 526604.9831508003
350 526304.7617449665
351 538624.0763799744
352 537937.6650051922
353 540371.8899491094
354 519006.23832767404
355 587190.3967275819
356 532481.2497387669
357 547726.3990066225
358 567194.4490459671
359 576464.3986102337
360 588683.5411319167
361 531234.0875399361
362 549983.4864357262
363 565532.917768595
364 545086.0245158632
365 548198.638388123
366 558884.0316255535
367 566827.699873631
368 591306.7812565226
369 608844.2928526249
370 595957.9074074074
371 580818.3443496801
372 591834.3467060811
373 601148.4985731757
374 606545.7043441585
375 620002.5927326191
376 562630.0688659794
377 640120.2317963697
378 583822.823479189
379 587341.309626881
380 605911.5258333334
381 629288.4698621683
382 609614.6266611295
383 601766.6693755346
384 602693.7912705272
385 703209.9684100419
386 600783.2195378151
387 702616.6561702128
388 645487.2767950052
389 639109.5624352868
390 678465.1104396749
391 611322.4339258942
392 682246.9015641293
393 612667.1658947369
394 703828.330929322
395 648832.5833678113
396 712394.7914267435
397 750235.1683899557
398 762297.5552288954
399 782028.1700797586
400 656881.9640482127
401 698501.2411602795
402 711625.1549384005
403 688794.4481380181
404 749780.0757890366
405 777186.0945973919
406 761489.9531084235
407 688220.396576915
408 677370.6427484236
409 793920.5106828655
410 747153.2545304778
411 759886.0632111252
412 855907.9602465987
413 756250.8108967564
414 694180.5550566602
415 831369.7321278385
416 875381.1689839573
417 883373.9676595745
418 952701.3203481144
419 877808.9484620085
420 873052.4596286251
421 765785.9900690847
422 1094166.200753611
423 910203.8256784969
424 929561.9838039867
425 771206.0213959286
426 940861.8992713245
427 860884.8456816258
428 1000726.678347935
429 1130554.7220239346
430 886174.4767860929
431 904899.2650399663
432 897260.1649916248
433 1028729.1058425064
434 1131074.3371244634
435 1079100.8635014836
436 752096.9819456245
437 956087.796124684
438 1071009.7906675308
439 1174598.174346995
440 1096104.4308189654
441 984454.034351145
442 1287092.284104875
443 1383586.3813040727
444 1291656.5987486965
445 1188009.1928222552
446 1237875.1341591433
447 1312794.961407973
448 1430330.1705040447
449 1120643.8916213275
450 1404135.3296563427
451 1519315.49250163
452 1789174.6537390186
453 1493798.8740276578
454 1662918.3317962692
455 1456082.5041448516
456 1635103.7395572264
457 1613531.1201011378
458 2054557.7281203645
459 2389714.310732113
460 1604431.8752607426
461 1969854.3445519563
462 2256599.39138538
463 2022710.795552677
464 1786489.9929181421
465 2404606.720653789
466 2376158.660985242
467 2624816.316088328
468 2976720.1115677007
469 4914036.885840895
470 2725610.9588870434
471 2948597.7878471497
472 2328970.7857889235
473 3504821.956055509
474 4936114.726245291
475 5385600.978829389
476 3338415.259689119
477 3661653.785973915
478 6004471.4060388515
479 4731661.590191538
480 5140065.882890365
481 7913307.038816618
482 6381779.723484849
483 5939845.706302521
484 1.1579404175632576E7
485 8998984.358900145
486 7327127.099710982
487 1.1745692861531897E7
488 7389505.903307888
489 1.9438949501738373E7
490 1.0451183601617366E7
491 1.5734961697405104E7
492 1.354521165708932E7
493 1.3161150650231775E7
494 2.0406285210119173E7
495 2.1205800847242765E7
496 1.3317351976739224E7
497 1.3211670995667424E7
498 1.7601415258606557E7
499 8010726.358819863
