1 1273.6110180142439
2 1933.353881278539
3 4249.502019987242
4 6548.777521975722
5 7305.473160621762
6 10422.677074422583
7 9935.389991371872
8 10517.590091043829
9 13715.609663064208
10 13319.667013527576
11 14046.485885372113
12 15688.167541465464
13 16765.980753138076
14 19236.686415573422
15 17786.165818490244
16 20510.635379061372
17 22436.553488372094
18 27226.11251314406
19 24814.40874249016
20 21502.83657262278
21 29233.425005288766
22 31066.582114500627
23 28523.897526501765
24 32565.422949461474
25 27524.952818371607
26 34838.79651639344
27 44478.74344885883
28 38928.16945562381
29 35175.19509617417
30 37742.11784163738
31 41807.30302393952
32 42553.541684210526
33 43020.97960484385
34 46089.76212666808
35 50506.1302190988
36 42675.618258132214
37 48620.47033195021
38 51897.361093452004
39 52909.416149068325
40 54463.416072585875
41 44711.29983108108
42 57087.44498416051
43 55917.02151683
44 61363.2375962361
45 56986.47828810021
46 62395.493430656934
47 59225.06860103627
48 64213.746076112664
49 62569.346604215454
50 66676.70389773679
51 68469.81293013555
52 67084.42775423729
53 72797.3624091381
54 72301.6762407603
55 70379.67354093627
56 80717.42860156085
57 69033.45633326285
58 78071.21238748393
59 72884.94581280788
60 88521.14926953208
61 81930.97333333333
62 84080.83608640407
63 74874.67115789474
64 91064.98840885142
65 83046.31131678587
66 82964.1311097126
67 81217.71212765957
68 88808.91634980988
69 90090.56781310837
70 98589.66181127296
71 98403.3278449354
72 90993.32741116751
73 92488.16024973986
74 104445.62225506757
75 98387.72841282895
76 93456.4665415885
77 103551.32346193952
78 94475.85042455912
79 112467.50980805737
80 100082.38881883144
81 112015.899509281
82 104379.55854329876
83 113159.60648626318
84 115997.45405405405
85 113246.65604060913
86 113707.37978877615
87 115374.95809155384
88 119735.77742946708
89 107917.77722342733
90 113712.23688061886
91 112406.04930629669
92 117560.34121186077
93 118211.65722801788
94 124494.61813355115
95 122850.13394968824
96 129003.10602461672
97 125989.18447430155
98 127580.56631892697
99 132583.10098724804
100 136880.93768176154
101 128836.90138150903
102 132903.04756780027
103 129435.28073471092
104 144159.53341635532
105 138170.2899768859
106 140475.80842590652
107 139684.48215767634
108 137876.81842931936
109 140254.97238372092
110 151161.50177861477
111 143308.4974306269
112 141694.79097682118
113 145651.45762359785
114 154519.26911639763
115 152579.6954652912
116 158724.3893824027
117 155187.7771379825
118 155551.2278000422
119 158522.9916089784
120 148318.24210972252
121 164255.53718657035
122 160704.41089414182
123 157955.1559991768
124 154772.66105717368
125 157055.1607105538
126 161179.7248193795
127 167843.86029251255
128 160727.2191127695
129 162278.5929541596
130 171425.89486806566
131 170306.9656634167
132 162339.4821017375
133 170089.24391805378
134 175873.9887827171
135 168626.98679050567
136 173351.82141389232
137 186695.5304967512
138 172677.24221668742
139 176981.52808988764
140 178550.53114548494
141 188362.3613289311
142 179225.44826853622
143 190355.46192468618
144 199409.0457867584
145 200932.2122179651
146 188890.50333055787
147 186450.40256734006
148 196767.87046186897
149 203801.11153278514
150 200505.11132315523
151 198414.12160137016
152 198830.5076729031
153 201963.37207819804
154 199625.99144585856
155 200869.62221287336
156 197027.80266393442
157 206907.24764440802
158 202863.3316380589
159 205111.27398767605
160 208794.67748647524
161 208886.9457154742
162 211600.72469718743
163 207183.8180327869
164 221499.22562616435
165 219004.21939419437
166 213639.4775518848
167 227296.82474008063
168 221943.39699436442
169 215131.19887429645
170 220188.28400165358
171 219708.49764150943
172 218756.8467277766
173 232045.3606213266
174 225240.99426751593
175 234384.26670937432
176 221128.60776043864
177 230120.22806282723
178 223561.46662559046
179 229683.78177309362
180 238866.60984848486
181 230430.10963178697
182 225226.90986855832
183 239078.86580618727
184 235801.9101859679
185 242364.9871794872
186 236350.11094452773
187 239959.9386762529
188 243419.63848272938
189 259436.36410366246
190 257114.81740795914
191 246202.5865282779
192 255762.0383393349
193 259482.27697622436
194 249832.87748556767
195 256240.55824539624
196 259855.0297818792
197 263252.7546460639
198 260870.01152368757
199 251997.38105489773
200 262694.6825931383
201 261644.93291495348
202 262933.4411576931
203 285700.3878852285
204 266285.74660822377
205 280985.8600797147
206 267356.7727467811
207 269458.26312486926
208 273975.99958566396
209 278171.3323236694
210 272116.3381443299
211 295283.1435064935
212 284244.92578616354
213 280271.7021503087
214 284249.0835257083
215 280976.4966230477
216 285599.5232876712
217 293373.6191471572
218 292248.35958614864
219 275588.39932956215
220 299310.4815533981
221 311134.02704456943
222 303205.4886628523
223 304487.6638406104
224 287543.72750104644
225 303090.0056770395
226 303383.771819366
227 318179.9971837088
228 305907.29763387295
229 293413.4062565172
230 316450.8170833333
231 307288.47616020346
232 303232.2708333333
233 307563.12784998934
234 319108.01605746883
235 308639.6922120961
236 323980.7015576324
237 316747.0258803564
238 325372.44062827225
239 337043.1548000855
240 303078.5261403874
241 332255.4990595611
242 324763.6701208981
243 330449.7998738701
244 324976.40203131613
245 334615.94503395585
246 337230.4092249368
247 342393.0697236181
248 337060.9172428695
249 318394.7025574898
250 340540.6737836173
251 331434.63131206424
252 329455.3017062006
253 352422.56323283084
254 334909.1379738968
255 345630.58624338626
256 346382.6193934216
257 337649.12831299956
258 337841.83607239445
259 349975.74195596954
260 358546.34376339475
261 356195.2397174907
262 351787.50875364733
263 348856.8073691015
264 362245.3674273859
265 363278.33213454625
266 347428.45258530456
267 359758.87362637365
268 355030.5633594246
269 364178.998332986
270 350359.18339475396
271 361251.37742541207
272 370903.6296696178
273 358644.7329179647
274 360714.24973789055
275 364372.2374438546
276 366553.11670190276
277 368921.37210282346
278 371494.63379383634
279 385052.99062433414
280 393174.31585544185
281 372246.1954715413
282 373106.48361344537
283 408241.0294741306
284 401483.9132083421
285 383315.4138801262
286 376286.63441084465
287 381680.0189927443
288 381312.4213810316
289 400314.28704487724
290 403828.5797714769
291 400750.64729501266
292 401389.69263069495
293 398268.22956705384
294 384915.14632124355
295 400503.2037815126
296 404029.30336608825
297 407037.55081688944
298 402235.51951065176
299 412539.01817422186
300 413382.34230769234
301 406555.32923525735
302 412953.8617521367
303 424131.8011563081
304 432973.80854166666
305 428526.91747572814
306 440549.41952675337
307 426720.4295006295
308 437111.3707274321
309 416610.74090431124
310 452638.21138716355
311 415033.1132352941
312 421438.8305049669
313 432486.01339752984
314 431309.746835443
315 434268.0942912123
316 442332.3591966173
317 429573.09077629383
318 454034.6978750263
319 428387.21000837523
320 451652.3493975904
321 469011.0861744405
322 440845.94344741234
323 458253.3962954986
324 441327.3845991115
325 438109.6001234822
326 464917.4028837998
327 463420.87762825907
328 464114.49391778524
329 454463.9096692112
330 465075.4431914894
331 514774.7659889877
332 459945.9368811881
333 489586.27006990043
334 457653.5490765719
335 480717.6694861493
336 456308.04557069845
337 452923.4285714286
338 491423.04242046166
339 499707.63057059556
340 519075.63842631143
341 502928.363713618
342 475451.11689989234
343 480433.2083507307
344 510321.6361771944
345 506078.50649078726
346 529580.7047738694
347 501892.8213762811
348 514822.75266569096
349 495973.67902786506
350 513968.59751996637
351 548371.9611464968
352 541823.2374787775
353 511617.232455216
354 477117.30355612683
355 526960.3279835391
356 516770.5257322176
357 552753.8920168068
358 549100.2239550842
359 495760.9463795651
360 554928.901381509
361 522842.4527720739
362 555809.3026859504
363 507764.2622415669
364 498970.9025932954
365 528216.4104131535
366 547058.2733704974
367 557709.9308254963
368 567659.9343881856
369 565942.0059942125
370 530747.9129172714
371 564143.0627728123
372 616213.4232469994
373 523142.337372449
374 594950.3525026625
375 639945.6145985401
376 622519.1519307871
377 536685.6429783623
378 643986.7011278196
379 586718.5085487907
380 576249.1717041801
381 615617.1629025512
382 565789.5421431597
383 606757.9077429983
384 577216.0895904436
385 655342.9720430108
386 635647.2883730656
387 623136.7358768971
388 596309.5275005309
389 620468.7450010307
390 605795.910729254
391 637217.4338235294
392 636217.793907563
393 601602.3844700945
394 661708.0730325289
395 637856.7138224564
396 703045.209868832
397 585719.8721537497
398 663056.2440301634
399 631461.5675057208
400 687471.3563784247
401 671501.9595400341
402 651481.4024696526
403 680833.3200334238
404 694235.833123161
405 681276.6600537301
406 657450.075257732
407 702994.1158276451
408 741444.8335102994
409 710389.9961489089
410 758945.4536626557
411 663951.1722645786
412 787520.3190416141
413 770229.6084299262
414 789960.8397129186
415 730612.2531403024
416 774804.0421661844
417 818618.6058108386
418 709064.0484773151
419 954514.2427205101
420 802795.6077595395
421 747171.4342596433
422 796578.6273584906
423 795965.4859094791
424 790831.4792391082
425 885828.5003133486
426 856585.998719317
427 849535.143267063
428 921568.4202778353
429 846543.1089297023
430 966881.397300717
431 1046204.4875
432 949609.2802415157
433 813316.4857019996
434 1132606.0372340425
435 1126025.106232598
436 1000603.0781283083
437 1107007.5605419136
438 1263915.745236566
439 1210963.7866833645
440 1272126.25589722
441 1197982.8064719478
442 1322322.6022087934
443 1589271.2779303063
444 1224706.1193287757
445 1305182.6107594937
446 1071908.492756666
447 1314118.44750105
448 1157959.2569784785
449 1160594.6958158996
450 1231296.2803996599
451 1260040.3724628584
452 1477886.9391618804
453 1763292.0233304794
454 1379835.2683336835
455 1694112.6628034113
456 1521630.623484365
457 1162283.9786142001
458 1868269.6096311475
459 1664473.9713461143
460 1931081.7703703705
461 2016297.3803680982
462 2156255.040902382
463 1935554.034453242
464 2246685.519452293
465 1990651.9256625727
466 2131606.5553150033
467 3342824.73879508
468 3154058.087564234
469 3038507.1588524943
470 4037340.648598131
471 4033857.6509180935
472 4093707.4774774774
473 3659138.4952780693
474 3669050.651242502
475 4057039.177597335
476 4074083.2815922494
477 5042666.865658931
478 4951138.834298718
479 7635121.759623797
480 4430220.396454641
481 1.19785504918553E7
482 8437734.262048822
483 9338486.88725176
484 6280146.283002952
485 1.3141670542921998E7
486 6665225.719874477
487 1.007391682795699E7
488 1.5870582044120708E7
489 2.1819160187224206E7
490 1.7314460478061967E7
491 1.2898135464011924E7
492 2.1224000798722044E7
493 1.5202083077900779E7
494 1.0841391957981419E7
495 1.659677489647207E7
496 1.5868996099729335E7
497 1.4386746383704012E7
498 9614365.094818544
499 1.8676041634115674E7
