1 1451.769803296119
2 4797.095250454192
3 5299.754502118644
4 5161.1181988742965
5 8344.201133144476
6 11557.66234796404
7 11491.241767068273
8 11546.71729091842
9 11422.922912205568
10 19858.015792291222
11 14344.190236136907
12 18224.02924576706
13 19251.385822652366
14 20765.98861831657
15 24488.326519916143
16 24856.037931034483
17 25160.485329103885
18 27800.12676056338
19 26912.805672268907
20 27720.094794094795
21 38031.70592927413
22 30351.490416560184
23 37948.943985544654
24 35833.39690044655
25 36526.617245005255
26 35715.14281997919
27 38836.35007890584
28 45098.804630593135
29 48289.34543568465
30 50512.90810810811
31 46011.1222513089
32 47554.65570703021
33 48884.003410283316
34 52963.100829445306
35 46583.0021851953
36 58917.75173121313
37 60894.179420214154
38 49563.4262166405
39 58476.72123669539
40 50752.31859795972
41 54530.16958618939
42 64526.10163243813
43 65203.45003954654
44 65558.03451882846
45 63170.432995194875
46 69976.93640865259
47 70949.72481124707
48 71010.18105484125
49 74022.78518713759
50 72161.71397675047
51 85934.48969344608
52 78996.59700735481
53 78295.42248677248
54 79229.34071146246
55 91330.50169050715
56 85930.87533016376
57 74606.3046937152
58 81807.27092805563
59 91865.93347193347
60 93012.02349936143
61 98595.41952232606
62 97689.93047256925
63 95589.02414957155
64 93236.46360052562
65 94615.02211434736
66 96240.2239199157
67 101772.97423887588
68 100238.88296732726
69 97737.74192694547
70 107390.95307233601
71 106457.72145417306
72 113944.48931680295
73 115792.95630429061
74 109171.11432360743
75 117047.93370311675
76 109120.54772547989
77 121661.61273067666
78 117537.03150867824
79 125454.84910086005
80 118800.23975840336
81 125758.89970580369
82 125301.70417326994
83 131158.99098860324
84 123074.6649823143
85 123572.88814016173
86 128003.1397368421
87 137294.40760722957
88 142491.79989412386
89 141670.30429094716
90 138671.0608
91 131623.302356722
92 141294.0371747212
93 135466.87903225806
94 143479.05737704918
95 130162.5089899524
96 138478.88434303697
97 156260.7312532774
98 149789.66522210184
99 145062.13026105487
100 143017.0213987474
101 157482.712321523
102 148355.00714285715
103 149357.44772967265
104 146854.6757246377
105 149934.27834780322
106 162498.3795149639
107 161608.97880332707
108 150531.05668874172
109 165497.93977812995
110 175416.15483701366
111 162461.97757255938
112 175270.00683850606
113 173736.01439413766
114 179172.61272584446
115 172127.13225119744
116 161420.41408890043
117 184790.68644514767
118 178071.40316948696
119 172292.42164179104
120 186039.25663488792
121 177102.20299545332
122 186595.87897245763
123 185229.0513368984
124 189028.22596786937
125 194446.35385018334
126 184488.0715977889
127 209930.46649350648
128 201714.6013874066
129 189856.78668442077
130 190760.34296415196
131 194562.91844251513
132 191182.25013333332
133 191666.99790466213
134 209848.47063450445
135 215744.4116080937
136 197193.30098559515
137 200334.00077041602
138 210330.0044997353
139 210011.32843757913
140 211724.8781446541
141 207504.9531573499
142 226659.976184379
143 213547.22133119486
144 210115.74792169483
145 221004.43036320878
146 208811.45644691554
147 211392.5428205128
148 227865.46392023092
149 228642.82775489186
150 224115.7111226882
151 230031.43556023145
152 227685.26545454544
153 217915.65649050794
154 232035.0139657444
155 228545.18558009647
156 232335.9514086327
157 224221.30426565875
158 239696.791383812
159 246888.34852546916
160 245394.5641981886
161 234857.90659200813
162 228052.64676220808
163 239365.09046009879
164 247498.44359916056
165 243384.23000802353
166 245825.74575821846
167 263550.3029989659
168 253583.5634425377
169 260334.28109387326
170 250757.27243503885
171 260027.19017094016
172 268951.5877261998
173 262051.51046480023
174 253825.20571428572
175 250862.670862346
176 247178.12114014252
177 272074.3545310016
178 268371.12941176473
179 272056.60320378153
180 274438.6372391653
181 286532.6192446974
182 275271.8171641791
183 289009.89406225475
184 269543.1969976297
185 288537.5996801706
186 294205.15189873416
187 274291.1273340249
188 321577.54644085735
189 283349.2384754056
190 295366.2109919571
191 318199.94089834514
192 295214.59914598346
193 296930.303721174
194 299977.0466188525
195 314708.8819481207
196 305037.6613535406
197 292935.6288384513
198 290741.4912601096
199 305626.79547844373
200 309907.13508541393
201 308655.36989862233
202 294078.8069202324
203 344339.60819496517
204 314224.0787716956
205 310447.82585890376
206 316217.50983562384
207 327973.31647891016
208 314733.5291491597
209 319855.5779840165
210 313846.24281571317
211 323474.25800476316
212 332731.2317201473
213 314953.5889091382
214 324529.1206620395
215 329040.8734939759
216 309447.2914882227
217 330234.6143652266
218 333915.4904953146
219 341898.4369165111
220 337073.9061696658
221 337396.81721572793
222 326092.7654749199
223 350407.67959883873
224 338891.7001047669
225 340470.9975708502
226 352482.3996869293
227 376839.0118465104
228 361659.8486875965
229 359904.54597851716
230 342813.46963350783
231 340092.979958355
232 368475.2401289283
233 365183.52
234 336750.1905864198
235 354775.13716233935
236 360508.03744149767
237 353588.8141382049
238 347014.28549141967
239 368220.9142098274
240 372316.79094540613
241 345787.05961487733
242 367722.0579483164
243 377916.0164369035
244 369960.8457943925
245 361213.5066958185
246 376158.94353602454
247 375442.19091146515
248 379301.66069039336
249 391057.2063157895
250 381243.5741434689
251 392613.6592091571
252 389501.1794470527
253 388777.2045635447
254 395766.05325288564
255 386686.57281553396
256 391871.30781414994
257 370575.3703896104
258 393537.5735031847
259 386565.8808466162
260 416497.3253012048
261 409570.0081003397
262 402328.14994635194
263 405302.07655137335
264 433977.9393939394
265 448748.1725315126
266 415100.7443196657
267 400582.2985499741
268 423089.7354200107
269 407403.6441215324
270 407693.5097831835
271 413685.13718411553
272 438138.88541392906
273 434912.3619344774
274 413155.1179716237
275 448182.6722556982
276 415663.1681091004
277 437057.58213256486
278 443618.45418432204
279 458215.8420245399
280 443623.11841405
281 463384.47657730844
282 450356.9965959675
283 425715.13174436876
284 464781.53051025775
285 449988.26649145863
286 452763.0927694407
287 447704.6447606727
288 432593.7232049948
289 449930.5189189189
290 441054.3070927514
291 494358.6769815418
292 447701.02616671164
293 470512.13759278896
294 468022.599205298
295 448147.52777073294
296 453893.80795218295
297 500595.48353963654
298 481748.4476487399
299 497826.8090005233
300 474916.17069892475
301 475487.3263268523
302 492316.1862368892
303 483106.8821391485
304 461826.48007246375
305 498904.46638655465
306 538672.9726614848
307 483153.28024193546
308 488521.48558582383
309 520124.2327110176
310 511266.02498684905
311 518572.2339055794
312 527543.2186836518
313 517221.15239096165
314 523927.0308449974
315 516560.8196371398
316 501133.4071146245
317 510456.2019535375
318 526951.573657289
319 548623.1752258064
320 505607.4508822755
321 511854.62958010164
322 514436.82121131977
323 539940.28072479
324 536133.2477990679
325 526157.7552501945
326 540906.3447046843
327 568413.688194812
328 534804.5838908216
329 558179.517136329
330 551681.9641231593
331 538344.9810261892
332 571447.3055198973
333 535633.0398732506
334 516571.6216931217
335 553833.4877038571
336 582119.754711901
337 582146.2871981304
338 577779.5223062875
339 563759.7238045466
340 586474.8119590874
341 606554.1499733618
342 638038.7082334133
343 604465.5020790021
344 592897.12486911
345 579558.3364978903
346 552107.743895966
347 541203.5559517279
348 599117.1773162939
349 623316.0792797635
350 589684.7969206265
351 597496.6866104376
352 571348.7077043207
353 632241.372971535
354 638021.8154450261
355 655999.3409981709
356 579559.5899921404
357 638033.1746611053
358 575093.3872307293
359 629855.7412677879
360 595705.9808866472
361 598328.2695890411
362 639014.2172878667
363 604526.7168949771
364 671051.4444152431
365 606777.4555790587
366 593548.0097214924
367 605158.210241894
368 640143.9281825253
369 664195.4153185035
370 665128.3083399106
371 635836.0881820533
372 637042.4224867725
373 681136.9603882476
374 655586.2738461539
375 683721.4492276525
376 693170.8164763459
377 745630.1354250469
378 649277.2277707006
379 730490.8701809599
380 741946.9599790741
381 749668.9488666315
382 643137.5899261603
383 656810.364921466
384 718451.0657718121
385 712910.0952133194
386 693400.7274189226
387 677254.1816272966
388 768151.6681685661
389 720792.4303256808
390 700539.5994243851
391 754805.6921675775
392 682475.3547270306
393 820614.5284659989
394 832017.67687434
395 802647.109284088
396 770440.9125033757
397 766122.6628332462
398 795003.2272358822
399 842943.9737184491
400 812191.6608878382
401 837418.3428347281
402 798025.6936554287
403 994331.1636164982
404 832952.511596548
405 751036.6193361433
406 877424.8858049167
407 862515.3667736758
408 861110.8584510727
409 961894.3955145119
410 696169.3809774041
411 944053.315177155
412 967511.9704433498
413 956085.7726918076
414 885182.9844760672
415 973580.0586666666
416 996474.9559021242
417 879171.8781982942
418 903483.4010471205
419 868462.4071166929
420 905294.7994201371
421 977400.367764206
422 1137676.9287029728
423 1197827.7457716702
424 918411.5283574103
425 1213792.5009116956
426 1123442.4873515747
427 1158905.1950078004
428 1209763.4849543257
429 1126712.1690694627
430 1037152.5540078843
431 1259350.938433797
432 1096209.6061165305
433 877891.0517285531
434 1244719.0782021305
435 1313732.040924794
436 1152521.226370135
437 1401990.7810026386
438 1597747.5309734512
439 1483250.1923375614
440 1197420.2931570762
441 1320991.6269389866
442 1923250.684892459
443 2041611.962565445
444 1387767.1699785178
445 1536095.7513020833
446 1681138.6895268473
447 1363867.8791910592
448 2086011.2295698924
449 2240231.303651169
450 1713279.6609195403
451 2052618.6411140584
452 2401836.8154211775
453 1433824.5031762838
454 2452943.5795484036
455 2841167.001026167
456 1522392.269423229
457 2970695.377863578
458 1604340.045174538
459 1797912.3013839056
460 3224351.276173285
461 1813691.6966321932
462 2158918.3829391445
463 3275622.3920786814
464 3098098.0268384325
465 2413710.583445673
466 5445506.940047962
467 4095596.4750717827
468 4222029.490979382
469 6035808.235201263
470 6988246.517493472
471 3658406.5064136824
472 7628823.852211434
473 5772418.818253344
474 8716710.606029375
475 5829980.637113951
476 7453833.289191311
477 1.1058590339777542E7
478 6068935.770711933
479 1.4030904622375764E7
480 8060495.504899433
481 8169191.708857442
482 1.0458971276054097E7
483 1.155065169816205E7
484 2.002026574757804E7
485 1.6771885311827958E7
486 6796399.251454257
487 1.4928747440695835E7
488 2.3489942261348728E7
489 1.206454479651314E7
490 2.08305955978317E7
491 1.8542905133420367E7
492 1.7947047114859644E7
493 1.8948195072861668E7
494 2.108026007628701E7
495 2.9856530171443738E7
496 3.0648598883513514E7
497 1.5169336649275362E7
498 2.3519977160406888E7
499 2.4439331140895218E7
