1 29980.84081287045
2 30027.108416252075
3 52052.37227051092
4 79212.19402356903
5 81811.34583772391
6 121437.76575256437
7 154123.25482211745
8 156935.0358271865
9 171890.8708785365
10 162563.92818748657
11 233811.6233821345
12 235883.3697371233
13 292570.2069546892
14 238691.27607875995
15 298699.92903225805
16 320153.86883858684
17 356560.5511627907
18 414782.7384423157
19 352527.295929356
20 405707.4859479866
21 462066.87317282887
22 395779.53464132437
23 415159.9879543988
24 437949.98410994204
25 505835.17451933236
26 500891.2721880957
27 522146.83457402815
28 563389.7210336793
29 559354.5519102094
30 628706.6590128755
31 610691.8700345423
32 583958.6917148362
33 725205.2249429342
34 643041.9045300593
35 753001.9242819843
36 669006.9795830647
37 750861.7270820222
38 793730.0185771586
39 719183.4825668449
40 728923.2019271052
41 776763.1909090909
42 740956.9784653983
43 756116.4541062802
44 930617.0685559491
45 917069.9815738131
46 850096.5848509934
47 940067.5920376712
48 943086.0164249147
49 904247.4286606957
50 990748.2397648541
51 971267.1240094239
52 1049189.9251255183
53 978607.1089385474
54 1053511.7547764014
55 1133273.265910523
56 1098232.0022878535
57 1146207.4142435736
58 1135715.497009825
59 1161021.2289416846
60 1213037.4318381706
61 1109352.9109473685
62 1188159.0214408233
63 1230146.50694746
64 1229803.2489725286
65 1130758.9009009008
66 1371195.5522648084
67 1327370.5964144256
68 1374884.710932544
69 1354303.3055733505
70 1287920.9109425785
71 1355706.097339527
72 1418492.3692406144
73 1468800.7622348247
74 1323212.09137577
75 1449909.6414571793
76 1457005.9891122277
77 1525342.7943746005
78 1530784.6614426794
79 1521126.0182081524
80 1655446.1331504537
81 1684393.979987226
82 1514235.198609941
83 1733326.2542478242
84 1649760.5647229115
85 1719017.9035543997
86 1694264.4346904156
87 1715522.8495575222
88 1719722.649820258
89 1665369.7415443524
90 1704424.4473034171
91 1873355.0225066196
92 1687588.362224554
93 1768952.7693272044
94 1828934.7253681808
95 1770411.6005886062
96 1848866.8225358136
97 1925179.1612834225
98 1961837.6113612005
99 1957331.448516949
100 1903979.9984955941
101 1831175.2317412721
102 2058434.8749733758
103 2061588.392603741
104 1959005.4733291166
105 2034934.2876595745
106 2141443.566520924
107 2076074.1740967673
108 1975750.9028400597
109 2102734.3549222797
110 2063520.45800084
111 2107101.2909906064
112 2223804.572949947
113 2175343.575010716
114 2127959.1085702074
115 2320201.7024931908
116 2192709.9864611537
117 2184804.3799003684
118 2317419.1230277186
119 2317772.37540523
120 2321870.240143369
121 2271965.994901211
122 2204125.3173361523
123 2487070.6517914613
124 2253615.4976497036
125 2566219.660462131
126 2440144.3727446403
127 2549607.4244223023
128 2556425.4898550725
129 2437003.771115409
130 2494500.765614939
131 2578104.581024349
132 2570114.8154533845
133 2555971.2747252746
134 2614326.5504899872
135 2679538.6085304054
136 2755437.9370839596
137 2617257.883289125
138 2645513.1086398633
139 2836226.8089117394
140 2782842.196605071
141 2825764.504075504
142 2815432.602143623
143 2730329.873334743
144 2727218.5981504833
145 2664579.2364793215
146 2863533.4426333616
147 2852012.173253578
148 2959949.4552811785
149 2925906.4469035966
150 2760811.016302016
151 2962709.3728706622
152 3011403.648257035
153 2908444.6387776607
154 3080909.1300864434
155 2914643.430749129
156 3047266.9633607077
157 2900516.43487351
158 3157692.729850746
159 3035079.23486786
160 3031264.5880972696
161 2994788.242739029
162 3284586.969300129
163 3205280.9945170814
164 3239828.1820325903
165 3245869.4383301707
166 3286351.1413321947
167 3231061.3753164555
168 3268795.766652342
169 3300864.1162196677
170 3197335.5220302376
171 3266454.067961165
172 3416532.0283280085
173 3308963.9225206613
174 3495573.998479913
175 3651996.511322751
176 3413798.487060804
177 3122446.511494253
178 3522258.511830635
179 3582384.9284493807
180 3577100.658898305
181 3691167.636883337
182 3583651.8159602075
183 3515714.703703704
184 3779340.8399750935
185 3512093.116932104
186 3485768.3963065166
187 3798988.1286929273
188 3701993.4934025523
189 3478304.010935857
190 3679714.78939586
191 3826455.3233624455
192 3673109.2101344364
193 3871182.408
194 3878868.3594812923
195 3723678.615256008
196 3726714.4196804035
197 4000982.72862929
198 3878565.596907435
199 3789864.720965309
200 3991519.8899697363
201 3831398.699148936
202 3942715.4220430106
203 4083448.3448563097
204 3938986.9280135105
205 3994095.955546236
206 4017081.5264407513
207 4067174.5410526316
208 4092162.9141156464
209 4100465.715387823
210 4083624.217809097
211 4088090.205239274
212 4198838.246076585
213 4247352.194205333
214 4121319.110237849
215 4173035.1522149905
216 4312702.913661434
217 4176530.5419830764
218 4213796.741983122
219 4309514.546222126
220 4350398.937986126
221 4398432.067576076
222 4451923.125796855
223 4389126.432848233
224 4384242.7663374655
225 4585627.959515952
226 4355989.411603375
227 4448044.994383236
228 4446078.691445809
229 4465823.762510425
230 4427634.727194493
231 4592456.870777027
232 4735764.32011031
233 4730545.427174365
234 4821905.900496438
235 4644195.111633875
236 4605824.666526581
237 4673001.932523051
238 4736278.038849538
239 4937038.641677531
240 4893207.892244054
241 4771527.185783183
242 4817702.84892686
243 4706856.887127457
244 4924136.212303721
245 4924685.064119171
246 5023861.723041762
247 4891961.368587048
248 4852698.5954165775
249 5198515.468495499
250 5009527.215774769
251 5167915.308308731
252 4880229.436232832
253 5236562.359028068
254 5000447.426959247
255 5176611.239303376
256 4888752.248253969
257 5082201.089229478
258 5022372.608157164
259 5434990.214255409
260 5625530.897307452
261 5419868.7419763515
262 5090746.753450839
263 5205713.745780591
264 5161771.7199577615
265 5327432.279982928
266 5272413.16359743
267 5167383.425992779
268 5251963.305716121
269 5464380.886086957
270 5552594.899044454
271 5361754.809860664
272 5343256.63322884
273 5470770.996847415
274 5491773.054315156
275 5588148.027287994
276 5346944.189807817
277 5532007.6698113205
278 5884443.743907563
279 5356852.694249947
280 5587382.687792429
281 6028934.906509393
282 5863803.8162581185
283 5628056.641649049
284 5400761.563577586
285 6055973.793455164
286 5846803.998713827
287 6005608.390310979
288 6026742.097311139
289 5743373.859451414
290 5987201.642473696
291 6276396.112964527
292 6043185.302725367
293 6283935.614790997
294 5804271.809753035
295 5945858.026546778
296 5871166.173603849
297 5983394.425847458
298 6674528.81383201
299 5996619.3086872175
300 6248306.576026408
301 6363670.343002329
302 6167787.263056093
303 6021416.670105308
304 6521509.902526316
305 6347266.317602041
306 6083638.685659817
307 6622845.761356366
308 6393973.199869366
309 6323944.925395468
310 6320396.21780303
311 6348203.980059397
312 6236816.487486856
313 6348954.465774131
314 6741981.83042289
315 6603737.049263158
316 6972075.876759062
317 6541605.556320401
318 6534614.041265769
319 7062846.658531409
320 6714907.654934004
321 6947424.971119134
322 6589946.16160964
323 6684647.685645725
324 7084487.093532758
325 7067024.019335856
326 7018973.205404264
327 6909344.573344688
328 6973891.961133777
329 6890250.644049884
330 7211818.854296388
331 7031923.166415175
332 7105741.119343296
333 7200762.933319131
334 7235056.285683942
335 7226447.777614756
336 7452165.309816613
337 7108097.55008489
338 7039655.810645908
339 7102656.329923274
340 7523642.727040816
341 7399618.386354035
342 7217743.0861454625
343 8012836.827549725
344 7687349.466165413
345 7620007.465899582
346 7497433.590841637
347 7848969.553510274
348 7799173.033880471
349 7277669.462648009
350 7864009.879295715
351 7178790.03030303
352 7910360.584889822
353 8356218.91162099
354 8683752.040665824
355 8248442.925639372
356 7895117.245925926
357 7943949.369788256
358 7872177.914249146
359 8139538.758878505
360 7944779.950343939
361 7760327.347910384
362 8784630.798416436
363 9079049.047518479
364 8563857.60597202
365 8220441.318791946
366 8281570.841415193
367 8766361.754574133
368 8710069.752609603
369 8400228.503096307
370 9051499.180824222
371 9124808.59434935
372 8513419.086427523
373 1.0001283730711369E7
374 9306510.807905983
375 9009590.88751571
376 8703092.77770794
377 8550895.78780698
378 9148116.0889029
379 9272589.394478142
380 9887959.024270812
381 9350019.024541143
382 9093603.028960818
383 9511423.648978733
384 9579876.015378043
385 1.0723010426971043E7
386 9643651.386594595
387 1.0583837719471255E7
388 8837869.754052902
389 1.0916287932352295E7
390 1.0142513084658269E7
391 1.0565305581055308E7
392 1.1503913278376665E7
393 1.0410827041133845E7
394 1.216856691704868E7
395 9851914.412098298
396 1.060175479275151E7
397 1.0526231593143597E7
398 1.0342188541639905E7
399 9921272.678601695
400 1.1562373640033465E7
401 1.0525500961611474E7
402 1.17825471731227E7
403 1.0973949189340211E7
404 1.3096803191001324E7
405 1.0318549486048989E7
406 1.3148780849416755E7
407 1.0942127432443617E7
408 1.1251207502309954E7
409 1.2627661991761724E7
410 1.1928533147195276E7
411 1.2476170065690376E7
412 1.291524570018856E7
413 1.1047005678767413E7
414 1.2432302469815716E7
415 1.5581322496044474E7
416 1.3328169118293472E7
417 1.4487110574242745E7
418 1.1236218110536523E7
419 1.5435709415131152E7
420 1.3216301722858928E7
421 1.3222360874338904E7
422 1.4880910460512606E7
423 1.4077985893271461E7
424 1.566400977262181E7
425 1.612544440633131E7
426 1.2393727004638415E7
427 1.5214388783604452E7
428 1.6594844405515177E7
429 1.7818773660020985E7
430 1.6237968570498005E7
431 1.5665888112171331E7
432 2.3061007985386223E7
433 1.5887849129493378E7
434 2.136669519384745E7
435 1.8206378443817787E7
436 2.2478211106734436E7
437 1.4872169216619028E7
438 2.3489797608677424E7
439 2.252834765707828E7
440 2.025013636904277E7
441 1.5613510811320756E7
442 1.6851820208211143E7
443 2.2043277460647136E7
444 2.1516029754744835E7
445 2.290771394611931E7
446 2.345699366052688E7
447 2.4735326162995595E7
448 2.9341301199075047E7
449 2.0052668534007158E7
450 2.932897842306874E7
451 2.778611096146352E7
452 3.250192340172643E7
453 3.7211525395891294E7
454 2.9074450310979478E7
455 3.33660562517632E7
456 2.7432485490247644E7
457 2.8175455254255548E7
458 4.6995284088192575E7
459 3.3322373617610324E7
460 2.5597176735857267E7
461 3.3495969103989534E7
462 3.6319693648159966E7
463 3.472325081521739E7
464 3.959174296388358E7
465 3.962456946687831E7
466 3.4414231665529735E7
467 3.550668705758398E7
468 3.734282510492367E7
469 4.555079191894216E7
470 5.945000670439299E7
471 3.5020649715075485E7
472 4.342450870302648E7
473 4.2951987850447826E7
474 5.125132812307033E7
475 5.569620273765234E7
476 4.344154667867095E7
477 5.91728268346723E7
478 3.696610452883992E7
479 3.3886953739408135E7
480 5.0084163703259006E7
481 4.938675065613067E7
482 6.123805976077171E7
483 3.549139400021035E7
484 5.1995604105329946E7
485 5.125284842730993E7
486 3.780818794812242E7
487 5.53491416601183E7
488 4.687530687767322E7
489 4.9765389711839326E7
490 3.919173540047393E7
491 5.2774599957894735E7
492 3.877511583274611E7
493 3.5376966877042316E7
494 4.635950170907928E7
495 5.610661356092802E7
496 3.2424447094980214E7
497 5.6257678634724036E7
498 3.251431498287671E7
499 6.2325622511546075E7
