1 187.986278723756
2 318.6464230571282
3 384.0855551805602
4 546.896686491079
5 894.7289517470882
6 1224.1427334141695
7 1276.4818258664413
8 1376.352961140336
9 1502.1948073701842
10 2291.8712324179505
11 1968.332486879973
12 2021.611167002012
13 2390.3876073413035
14 2577.1044223978474
15 2806.849431335936
16 2868.9555290509456
17 3741.8791946308725
18 3744.5129658251763
19 3080.2616680707665
20 3300.754828871569
21 3664.413734489206
22 4138.133570943653
23 4195.746553728616
24 3948.0497461928935
25 4590.029323558813
26 4474.207623545286
27 5190.377273485733
28 5204.263307666555
29 4739.07667238422
30 5499.548721492743
31 5633.135098206661
32 5869.253360215053
33 5921.50085499316
34 6151.6998139692205
35 6674.052703627653
36 6992.245820228439
37 6168.293539087672
38 6767.866252726968
39 7292.7173247106875
40 7056.764175038311
41 7231.816990125979
42 7607.508875739645
43 7583.271223628692
44 8276.002907473918
45 8196.068457538995
46 8319.696168192608
47 9318.837313949463
48 8700.516397709527
49 9122.875771218944
50 8825.064647148418
51 9357.955201086033
52 9121.938292766541
53 9285.446585239979
54 9977.974698590593
55 9825.567159110205
56 10923.305073318726
57 11044.42247606249
58 10192.127695994523
59 11264.49280027105
60 11693.925779231962
61 11923.37378392217
62 11712.07496675532
63 11845.118164889114
64 12093.449862164025
65 12829.366997143337
66 13099.710147411724
67 12868.223525412204
68 13349.017823152795
69 13023.702042182793
70 13189.01727287826
71 14019.572653884965
72 13464.829069964424
73 14966.122365737594
74 13850.988075243533
75 14530.215608919383
76 14866.183475497575
77 15675.888342934599
78 17086.410887772196
79 15506.2347694379
80 16730.573166610342
81 15492.439156118144
82 16014.185704629943
83 16111.822869579775
84 15425.465776293822
85 17784.111653872995
86 17516.99360377041
87 17855.01030057413
88 17161.47039586919
89 17808.269692227437
90 18926.887013434378
91 18188.122244828755
92 18805.44160159495
93 18484.809151216192
94 18182.057404326122
95 18574.897510231924
96 20828.760814249363
97 20122.087262963585
98 20450.510660247593
99 20548.82842316706
100 20744.113327601033
101 21571.76320706642
102 21734.821569920845
103 22665.95476629251
104 22529.162266042782
105 21455.87098999655
106 21318.153281015195
107 24755.84041312677
108 24238.859396200813
109 24403.83126382038
110 22995.09368042473
111 24491.96280125742
112 22781.503515232675
113 24053.039380679907
114 25309.585365853658
115 23275.48222748815
116 24873.659079663532
117 25888.693081117926
118 26024.656908063687
119 24438.15888629543
120 27404.923102753524
121 28456.204483230664
122 28009.314592135197
123 27173.263822525598
124 28718.16845567867
125 27382.76686606846
126 28023.97598105548
127 28047.43356282272
128 27811.52278218847
129 27739.16394535155
130 29304.359780182036
131 28795.581554227156
132 29576.43362977602
133 31000.09184205949
134 31471.502521008402
135 30164.37015830246
136 31613.766867989645
137 34056.02103834408
138 31616.350210260724
139 31479.79936037704
140 31358.023935715508
141 33586.9100737944
142 33039.63216641299
143 32460.490959187187
144 34745.677710843374
145 35727.20586721565
146 32893.22789287519
147 35733.31381104212
148 35127.786736239694
149 34238.94061399094
150 34860.42010925231
151 37579.47899017282
152 35888.20758853288
153 38547.8487394958
154 37363.75025227043
155 39050.620483980914
156 37508.206873315365
157 37412.628895663955
158 38061.28824230049
159 39678.31821259309
160 40352.05268507539
161 42406.02858592693
162 40761.928547467294
163 40003.84725050916
164 41016.9417989418
165 43236.37564677475
166 42203.66478499087
167 42163.72332609785
168 40378.143634200234
169 40613.80594162613
170 45654.61592039801
171 43245.25607064018
172 43371.71175577669
173 43148.41767204758
174 44221.43580683156
175 43623.38269550749
176 42425.028169014084
177 45501.024927437255
178 48339.602991746906
179 47659.05239952518
180 46210.769244045565
181 46602.16068085106
182 48189.76501526977
183 48794.31672900374
184 47159.49479610988
185 50735.29921391537
186 52435.824750970794
187 50900.831053351576
188 51539.06727828746
189 51169.69265367316
190 50560.3872733493
191 53282.46437857514
192 53600.67916226681
193 52047.18824127415
194 52333.88553909044
195 53052.777569136226
196 54751.97886123423
197 56126.71850965647
198 52764.01429555632
199 54824.96089765386
200 57896.29773954116
201 52415.521281922884
202 57315.480405405404
203 57942.67499577917
204 59258.49867197875
205 59766.51523874026
206 61941.592164741334
207 54630.16883550217
208 63002.95695644806
209 63201.539706884796
210 60986.9527904232
211 62247.90517241379
212 65607.55204460966
213 63136.86707050311
214 63151.14839255499
215 63606.58631153068
216 65441.056613310866
217 65682.19179939004
218 65587.85020380435
219 64850.433485849855
220 63761.55557398806
221 62852.90901316915
222 69049.39613034623
223 69052.60392222594
224 64097.346180676665
225 70282.17428817946
226 70392.46543313708
227 71077.49759450172
228 67803.78708173797
229 68699.91800204568
230 70038.21956054849
231 75299.42182325257
232 73285.67808219178
233 69850.60832480382
234 75320.31678286006
235 72563.32626262626
236 71944.06777133388
237 77186.45465414177
238 74132.5885494909
239 71537.5001693767
240 78241.50609247205
241 76364.20280918122
242 77896.24563426689
243 78526.94114610222
244 77009.88335872693
245 81146.09928334208
246 82672.87678841945
247 79063.66626065773
248 82307.0115932428
249 81605.94288611018
250 79280.41090181697
251 79450.10203735145
252 79020.37424749164
253 83977.42902524662
254 84720.44256813242
255 83532.66078838175
256 84917.7682339259
257 87080.90713186249
258 87307.16528651872
259 90825.28495997275
260 92492.83244635194
261 91653.01334488735
262 96699.54551618919
263 95574.05506948018
264 90219.79676713252
265 93388.82450553135
266 89580.80447786703
267 89979.74940536867
268 90628.83147562802
269 95004.5979417408
270 98164.39270919636
271 98876.70643776824
272 93529.35217903416
273 101895.16189013989
274 95069.25890896808
275 102356.12640929279
276 101770.44665985003
277 106084.87525389303
278 101244.14551495017
279 99815.07750631846
280 104362.5692333671
281 94875.15330951166
282 102704.25639311383
283 107976.14611168209
284 100990.66898187362
285 107021.82569755426
286 109531.48365334717
287 106711.36513886522
288 106009.26374391092
289 109940.90635055039
290 112419.16871374958
291 105411.64457932895
292 114201.05606849086
293 113228.0483189728
294 114768.94759825327
295 114344.5109451892
296 110385.3611249792
297 114001.31761325219
298 111487.19757595882
299 119241.45852417302
300 119100.59856508371
301 109994.26331967213
302 111250.59718026183
303 119233.92776831346
304 119361.86103127642
305 119435.33693786475
306 117563.46629986246
307 124327.80496453901
308 115374.3286171467
309 124420.66718080548
310 122839.024465355
311 122089.96734550562
312 123988.7080840882
313 130668.11213012632
314 126381.72394220847
315 131788.08564102565
316 129033.73125740395
317 127152.43660531698
318 119636.14647467725
319 141045.58958755917
320 128692.34936112979
321 131838.02691121015
322 138750.84943326
323 129964.59272972064
324 133308.24574414294
325 129737.1102726805
326 128764.340407325
327 139767.05985552116
328 139370.53287255563
329 137528.8401167783
330 134374.48210922786
331 133308.36029411765
332 133796.66208184752
333 139489.94547623105
334 141564.61642675698
335 145119.58710976838
336 141837.37883669662
337 152882.6510760888
338 145632.1740516952
339 143463.10786406172
340 137711.86986870534
341 140247.13199181447
342 146416.00462427747
343 138328.45093378608
344 154815.57518987343
345 147508.3497148608
346 146817.78079834825
347 142109.31695906434
348 151322.02602359472
349 151180.26919887212
350 154766.4265770424
351 149987.3971058388
352 153847.5408460353
353 151543.45911949687
354 148785.90946572754
355 154103.3221363789
356 153791.4028017987
357 155315.44239945468
358 159125.84025885558
359 158411.32929947163
360 161692.52073578595
361 159006.53455832772
362 151533.75348446684
363 167480.31757779646
364 161581.46613011401
365 162050.10678949163
366 165214.11754799596
367 165927.818212824
368 171046.9516239316
369 170722.44412510566
370 163820.06303436714
371 165547.29721415142
372 160995.05194805196
373 169396.08837056503
374 170410.433299389
375 168624.88793248945
376 171339.42647058822
377 171915.47557884062
378 175030.7868307283
379 182365.74380447785
380 169529.51743278405
381 178779.56194318374
382 183411.60113324175
383 179042.98726655348
384 186111.12269633074
385 172598.39162049862
386 178218.07692307694
387 181894.1235764066
388 180393.99882273798
389 188653.0480866915
390 175941.73773032546
391 192531.66063954463
392 181117.80514643644
393 175864.6659250385
394 195286.82499148793
395 173824.09599447515
396 180055.8249708285
397 187111.28361656494
398 194949.6223386279
399 174175.9421459805
400 191791.81104953238
401 195729.74785389664
402 190920.42789034566
403 195622.49860724233
404 191261.5007706799
405 191929.5787278415
406 189826.32665874765
407 194602.8228116711
408 199393.73769952278
409 187398.96326952922
410 186239.780577957
411 195740.88800943078
412 199491.07560020432
413 199047.265370555
414 199180.6338322311
415 189150.74546388222
416 203804.94371772805
417 201715.8667559424
418 204890.74411617426
419 212491.27768428138
420 201494.7510620221
421 199684.3678553148
422 202494.40020754063
423 206195.36446239272
424 199429.30678516492
425 206507.13226452906
426 205078.32894508922
427 213084.01200657894
428 207933.1378729142
429 211111.4409068178
430 196237.95849121598
431 200322.7754716981
432 199234.08874641472
433 209623.01557210562
434 216112.85017064845
435 209330.93316582913
436 214536.84683458135
437 205765.65520644843
438 220368.9975707097
439 212141.7672647258
440 216147.5248906828
441 216379.35046265696
442 218629.79500168862
443 213779.22031886026
444 220890.4198341396
445 220982.5171472445
446 214154.50373134328
447 206371.1451881452
448 222627.7310638298
449 223599.52023809523
450 220265.24399795674
451 230433.27722772278
452 226987.5923867273
453 222764.84673366835
454 222816.70621657753
455 221226.90108954714
456 220442.5398783095
457 238067.70373588183
458 221630.83843163765
459 237877.53992908998
460 228097.84855158394
461 233946.9320605435
462 232089.3343760862
463 226651.5112895133
464 220426.8596491228
465 225247.7200341006
466 221728.82327001356
467 237362.4120323559
468 231522.11161161162
469 228171.90460639395
470 226876.1050779286
471 232930.81863811277
472 238946.173521414
473 223966.9285229202
474 228272.57559993287
475 234227.59924515354
476 237994.14141073238
477 231748.2748634784
478 237726.3267026298
479 234301.90161182
480 247896.28537495757
481 239906.1212476941
482 229591.33082706766
483 241338.91638627189
484 232012.74221304423
485 242855.84437648658
486 235047.78572636563
487 231633.5246651975
488 233833.65866035182
489 241561.8983191879
490 252033.27131385615
491 239508.9300509338
492 252881.38687028261
493 244496.28312532057
494 244676.64548941137
495 233895.4558452481
496 235382.84656260378
497 236598.9378657487
498 238732.87136929462
499 247599.9603960396
