1 146.0
2 185.0
3 612.0
4 523.6
5 1065.4
6 1152.25
7 956.0
8 1095.8333333333333
9 279.0
10 2008.3333333333333
11 364.5
12 296129.125
13 1132.0
14 349.0
15 325.75
16 220.5
17 487.5
18 300.8333333333333
19 1052.0
20 361431.2
21 524.5
22 335.4
23 759045.7777777778
24 433.2
25 1892587.25
26 2520.3333333333335
27 5958545.6
28 897.0
29 408.3333333333333
30 2146.6666666666665
31 1094.5
32 6520798.285714285
33 7338888.0
34 607.75
35 252.0
36 9939775.6
37 2383.6666666666665
38 445.0
39 489.5
40 312.5
41 328.8
42 1595516.5
43 841.5
44 653.0
45 998.1666666666666
46 3893757.1666666665
47 446.42857142857144
48 492.3333333333333
49 1094.6666666666667
50 500.8
51 1458.0
52 3542113.3333333335
53 405.0
54 1.0836181E7
55 6313510.5
56 1.3779990666666666E7
57 331.2
58 734.0
59 416.25
60 1729.6666666666667
61 1521351.75
62 7743007.888888889
63 660.0
64 528.2
65 4180137.625
66 9738636.75
67 2190.5714285714284
68 520.4285714285714
69 1210.0
70 2662.8
71 1.8442295E7
72 4001606.7
73 688.8
74 394.0
75 399.6666666666667
76 886150.2
77 3040178.0
78 561.0
79 48056.09090909091
80 613497.8571428572
81 1244.0
82 913866.25
83 2893.0
84 378.25
85 1112.25
86 923.6666666666666
87 583.75
88 1.304168975E7
89 3424913.0
90 413.6666666666667
91 327.0
92 484.0
93 1259.2
94 565.0
95 3251403.5555555555
96 423.0
97 648.2
98 1352.0
99 725039.8
100 7218133.75
101 4.6282707E7
102 2210.0
103 2983.2
104 4270.333333333333
105 657.0
106 1394134.0
107 419.5
108 1.608538475E7
109 5021281.0
110 609.0
111 175030.0
112 3537189.5
113 7386660.2
114 1679096.8
115 437.0
116 578.5
117 751.0
118 2531.25
119 8709872.125
120 346.0
121 2355578.3333333335
122 1.2624466666666666E7
123 1.23669466E7
124 2976.8
125 7147528.0
126 901.0
127 641.0
128 3590031.0
129 2139842.0
130 8259252.2
131 1.40955335E7
132 699.0
133 8190588.75
134 6619892.666666667
135 2075711.8333333333
136 719.0
137 1.69760095E7
138 14474.0
139 7736.0
140 8901928.875
141 1.104798775E7
142 656541.0
143 1264495.0
144 1.157698857142857E7
145 7659834.8
146 1.3805861125E7
147 1.365949E7
148 1604682.2
149 630.0
150 1826883.5
151 516.25
152 703.3333333333334
153 7808233.2
154 0
155 1.656372325E7
156 5671836.666666667
157 3437.714285714286
158 1.88471296E7
159 2.65637196E7
160 334.5
161 2.21914285E7
162 1.516397642857143E7
163 797.5
164 4337818.4
165 2632723.0
166 9205882.25
167 4909872.0
168 7054642.125
169 5506372.333333333
170 518.0
171 725.5
172 3478632.3333333335
173 1.7914357E7
174 3308321.0
175 1.834033325E7
176 664.6666666666666
177 9778816.5
178 887.0
179 2.70393E7
180 792.0
181 6659003.25
182 6266807.0
183 2.4008110666666668E7
184 1003.0
185 7345.75
186 6750356.6
187 1224.5555555555557
188 9634902.285714285
189 1.3947307166666666E7
190 9090666.142857144
191 2.56125775E7
192 430.0
193 772.0
194 1040.6666666666667
195 7042018.0
196 5.1305245E7
197 1227553.6666666667
198 562.2857142857143
199 1.0926607E7
200 5499668.5
201 679.7142857142857
202 5936059.666666667
203 2.841787385714286E7
204 1.2596288666666666E7
205 4116.0
206 507.0
207 5.9754721E7
208 794.25
209 1.40551106E7
210 721.0
211 6034403.5
212 1.791939325E7
213 1.8024149333333332E7
214 0
215 3092820.2
216 7301386.666666667
217 1.136041E7
218 1685107.4285714286
219 2.25328675E7
220 1475647.5
221 2.679505825E7
222 9694794.25
223 9145643.666666666
224 8.0477107E7
225 9.5247485E7
226 5016001.6
227 1.780362014285714E7
228 1.3507029666666666E7
229 9485142.333333334
230 3296874.5
231 4251.5
232 866.25
233 2.095650057142857E7
234 5755587.333333333
235 7630749.166666667
236 5902.0
237 3.25697645E7
238 1.6787395E7
239 1.0758847888888888E7
240 6890741.0
241 8009210.0
242 4.8715402666666664E7
243 3.205884325E7
244 4.2773406E7
245 1.0167800833333334E7
246 3.46668185E7
247 4285426.0
248 2.9852101E7
249 1.7110918125E7
250 7456547.0
251 2.294047275E7
252 978.5
253 6189212.0
254 4.5001153428571425E7
255 2.99336278E7
256 1.89048195E7
257 1.083002725E7
258 2929766.75
259 2401.5
260 2.374617014285714E7
261 865.75
262 1.44703745E7
263 1.64192254E7
264 2.138087075E7
265 873.0
266 2262.0
267 2.733746275E7
268 1088.0
269 2.31642695E7
270 3.1954389E7
271 2.0529449E7
272 3643075.6666666665
273 1.2554678E7
274 8672536.8
275 5985256.5
276 2659524.0
277 7009608.0
278 6.7443925E7
279 886112.1666666666
280 5421113.5
281 1.4080544142857144E7
282 6.5951226E7
283 758.3333333333334
284 8887378.2
285 8376055.5
286 4280707.0
287 3633964.5
288 2470874.5
289 1227.6666666666667
290 1.5813420857142856E7
291 1270.75
292 1.5634970714285715E7
293 5365681.25
294 6726468.25
295 7538082.0
296 3.0772091E7
297 3.11033994E7
298 9030086.125
299 2.822325485714286E7
300 2.540326875E7
301 2.2574567166666668E7
302 1.14224082E7
303 2.4368058E7
304 1.5955985666666666E7
305 982424.6666666666
306 1.4851772E7
307 2.5511231666666668E7
308 2602288.6
309 7543308.0
310 2405442.2
311 2.2753797375E7
312 740.0
313 5441.5
314 677.6666666666666
315 2.3121158375E7
316 3099668.6666666665
317 1.5403363333333334E7
318 9808008.222222222
319 2.16073545E7
320 1.5115708E7
321 8.3274235E7
322 8626845.57142857
323 8246329.375
324 1239.0
325 1.16157724E7
326 2.0531700333333332E7
327 5.87934065E7
328 207.0
329 3.557055225E7
330 2485799.5714285714
331 1.9920439833333332E7
332 2.115013342857143E7
333 5657271.6
334 456690.4
335 806.0
336 2.77896296E7
337 2620163.6666666665
338 5.77395255E7
339 1245.0
340 2.41487315E7
341 1.33949886E7
342 1.3983798142857144E7
343 1.7219238666666668E7
344 3.92886288E7
345 15498.333333333334
346 7845178.5
347 7.8622286E7
348 1.6534027833333334E7
349 9474005.5
350 8069135.666666667
351 5.586813675E7
352 9801948.333333334
353 1.5901617E7
354 6.60769915E7
355 4.0745558833333336E7
356 4521727.0
357 379.0
358 3.811266875E7
359 2.9252487777777776E7
360 1868183.5
361 28475.666666666668
362 1733.0
363 1163.0
364 7310295.375
365 2.05229805E7
366 798.6666666666666
367 3.8353657333333336E7
368 364.0
369 4.8585228333333336E7
370 6.148422614285714E7
371 4.99220466E7
372 3.14065488E7
373 7709888.25
374 4515210.833333333
375 1.7914222833333332E7
376 7971698.4
377 2.6463297166666668E7
378 1760.5714285714287
379 969.0
380 6.06971965E7
381 22168.0
382 3883822.0
383 1.6113151555555556E7
384 4.788066325E7
385 8540907.2
386 702.0
387 4.2138057333333336E7
388 4.396468925E7
389 2.8022989333333332E7
390 5.3638297E7
391 1.49303115E7
392 2.4415072E7
393 3611164.6
394 3.09255545E7
395 1.4040711857142856E7
396 4083643.0
397 4.0569413833333336E7
398 39814.5
399 205063.5
400 1.2675276E7
401 2.53274655E7
402 3.235784257142857E7
403 4.5826280666666664E7
404 3.465918525E7
405 988284.5
406 4773090.25
407 6.0392296E7
408 6205466.0
409 3.7415091333333336E7
410 1.4254289333333334E7
411 2.46598828E8
412 239.0
413 1417.0
414 8871158.75
415 955.6
416 8401370.2
417 8.12265E7
418 2.026980757142857E7
419 0
420 1.672146025E7
421 4.6856242666666664E7
422 1310.0
423 5.9543781666666664E7
424 9747249.0
425 6.47872105E7
426 2.56372315E7
427 2.32421605E7
428 2.5808546666666668E7
429 2.8166333E7
430 2.0427303166666668E7
431 1.10191985E7
432 3.92816558E7
433 150142.83333333334
434 2.339115585714286E7
435 2.0392204166666668E7
436 0
437 4.5892797833333336E7
438 5068388.5
439 3.8704835E7
440 3.483036075E7
441 2.8092787E7
442 1.5601899333333334E7
443 5505932.25
444 3.81194265E7
445 1.0577333111111112E7
446 1.14468202E7
447 1.5947554E7
448 7384829.875
449 8.59030935E7
450 1.38619334E8
451 2.8433836625E7
452 1.026354755E8
453 3.289771E7
454 2.165484825E7
455 2.83529742E7
456 2.49827908E7
457 1.76350114E7
458 2557.6
459 3563155.8333333335
460 4.4436243333333336E7
461 4.154188955555555E7
462 3178953.6666666665
463 1.49608321E8
464 1.6031187E7
465 1407.0
466 0
467 2.3898264666666668E7
468 1.0350343233333333E8
469 3.9428298666666664E7
470 5.1806459E7
471 2.3681090166666668E7
472 2.9282812833333332E7
473 4.4544689666666664E7
474 5.4689980666666664E7
475 1.8556201166666668E7
476 5.1341117E7
477 3.925125625E7
478 1.066511375E7
479 1.6157132E7
480 2.2352050625E7
481 6.656433975E7
482 1.8185615333333334E8
483 1.88952695E7
484 1.34942485E7
485 1.63593608E7
486 22044.0
487 9070548.5
488 1.9495732333333332E7
489 3.21707715E7
490 1.454654966E8
491 1045.0
492 4.5506091666666664E7
493 922.75
494 857.0
495 1.1007358272727273E7
496 1434.0
497 4.90850622E7
498 2.8361963285714287E7
499 2.6269737888888888E7
