1 9667.2
2 4191.75
3 11114.5
4 5188.8
5 456.0
6 2878.875
7 3401.75
8 5273.6
9 4215.666666666667
10 9371.333333333334
11 3933.3333333333335
12 10507.2
13 11155.0
14 9219.0
15 4826.75
16 8618.285714285714
17 17239.8
18 14007.5
19 10420.875
20 9433.42857142857
21 6146.6
22 2031.2
23 11437.5
24 1383.25
25 5671.0
26 487425.75
27 5003.75
28 2918.6666666666665
29 5503.666666666667
30 5247.333333333333
31 5007.875
32 11397.777777777777
33 5949.8
34 6994.0
35 1634.0
36 7625.5
37 7922.625
38 3395.0
39 11615.333333333334
40 8307.0
41 3928.6666666666665
42 10652.4
43 2088.0
44 11213.5
45 6801.857142857143
46 5041.8
47 8543.0
48 6645.333333333333
49 4795.166666666667
50 3406.1666666666665
51 7228.2
52 6031.6
53 360501.5714285714
54 7039.666666666667
55 6273.571428571428
56 9237.555555555555
57 7920.2
58 4203.4
59 1992.0
60 5644.333333333333
61 11817.0
62 2771.75
63 4602.333333333333
64 7670.0
65 3878.5
66 3930.714285714286
67 607850.75
68 8503.25
69 10283.0
70 6580.714285714285
71 9075.333333333334
72 5566.5
73 8453.333333333334
74 183093.88888888888
75 6835.0
76 14994.0
77 7385.666666666667
78 4736.333333333333
79 4362.0
80 7368.2
81 434486.625
82 655362.6666666666
83 3199.5714285714284
84 5862.833333333333
85 1449.0
86 9016.714285714286
87 5666.571428571428
88 6633.6
89 7588.4
90 12438.0
91 6135.75
92 5933.5
93 2629.5
94 417585.0
95 4401.0
96 5917.25
97 1183.0
98 3357.1666666666665
99 4204.8
100 0
101 2095.75
102 9734.75
103 727793.0
104 8119.25
105 7797.333333333333
106 6816.0
107 8285.625
108 335955.6
109 4172.0
110 3283.2
111 7132.0
112 3437.5
113 4694.0
114 9337.714285714286
115 6866.166666666667
116 9666.666666666666
117 7448.666666666667
118 8200.5
119 6785.7
120 3411.4
121 624.5
122 9018.4
123 3027.6
124 4812.333333333333
125 690945.1428571428
126 9187.875
127 6259.25
128 6133.0
129 5697.285714285715
130 1346.0
131 7595.8
132 12965.285714285714
133 8143.857142857143
134 730862.8571428572
135 6083.0
136 11213.0
137 232978.7142857143
138 4078.6666666666665
139 9332.8
140 20839.444444444445
141 3300.5
142 406581.0
143 4436.0
144 6301.0
145 9075.57142857143
146 4371.6
147 4583.5
148 467275.5
149 773111.3333333334
150 4725.6
151 7238.4
152 3138.0
153 10885.6
154 7655.0
155 4436.5
156 4425.5
157 287140.0
158 1528424.75
159 7930.8
160 279.0
161 8180.0
162 1420925.4
163 9715.8
164 8174.666666666667
165 10043.0
166 591279.0
167 0
168 3766.75
169 1727.0
170 8118.75
171 4296.333333333333
172 3194.5
173 9507.333333333334
174 1461023.6666666667
175 5319.571428571428
176 9824.25
177 6728.0
178 1953.5
179 267033.5
180 151954.0
181 333924.3333333333
182 6449.666666666667
183 5553.428571428572
184 13812.0
185 6255.4
186 397192.2
187 8132.5
188 6409.75
189 11106.5
190 6046.75
191 6021.0
192 10887.2
193 4828.4
194 9150.75
195 1701970.7142857143
196 5656.5
197 3526.0
198 5971.0
199 5292.0
200 7573.0
201 2201.6666666666665
202 641896.2727272727
203 263252.85714285716
204 9014.75
205 0
206 144176.25
207 6020.666666666667
208 5069.125
209 6066.0
210 6846.0
211 978276.0
212 5767.0
213 1223779.3333333333
214 3751.2
215 1469597.75
216 5099.25
217 7494.0
218 394494.5714285714
219 10213.0
220 6679.8
221 12619.0
222 9757.5
223 3921.8333333333335
224 8658.0
225 744323.1666666666
226 2072391.0
227 634383.3333333334
228 1124595.25
229 566580.2857142857
230 1813067.6666666667
231 7270.75
232 5281.25
233 627206.4
234 756.5
235 392.5
236 1640.0
237 1908659.875
238 2327749.3333333335
239 4590.285714285715
240 4292.4
241 9601.75
242 3476.714285714286
243 835.0
244 13214.0
245 20814.0
246 4442.666666666667
247 1337012.3333333333
248 1775.8333333333333
249 7580.777777777777
250 725.0
251 501687.2
252 8133.25
253 733719.4444444445
254 2771.6666666666665
255 591105.5
256 367990.5
257 4026.25
258 3244.0
259 5557.5
260 6830.5
261 5395.0
262 5220.857142857143
263 718.0
264 9780.5
265 10207.714285714286
266 4572.75
267 7039.333333333333
268 4671.666666666667
269 1024.5
270 10462.333333333334
271 2786.625
272 4774.0
273 4575.25
274 924342.6666666666
275 678109.3333333334
276 8413.2
277 2769317.25
278 5354.6
279 59647.0
280 201143.83333333334
281 866615.6666666666
282 1689839.5
283 5712.6
284 428537.25
285 6174.5
286 3653.8333333333335
287 428242.4
288 520007.22222222225
289 9266.25
290 504873.6666666667
291 7209.0
292 5553.5
293 7441.75
294 1788.3333333333333
295 529120.75
296 8719.2
297 1948193.3333333333
298 3008.0
299 14241.0
300 1118964.5
301 4570.833333333333
302 1013343.0
303 220887.2857142857
304 5514.0
305 4205.5
306 1076474.1666666667
307 6584.5
308 4770.5
309 5318.75
310 7320.666666666667
311 113035.0
312 2233.6666666666665
313 668989.75
314 572970.8333333334
315 679978.6666666666
316 6144.5
317 7881.909090909091
318 8425.0
319 1923109.0
320 9017.0
321 6239.2
322 12243.666666666666
323 3210654.0
324 423571.0
325 9697.5
326 5386.142857142857
327 1470571.0
328 454915.8
329 5057.666666666667
330 1144.0
331 2919.6
332 2047.6
333 5463.5
334 401543.28571428574
335 4225.571428571428
336 913382.5
337 3664990.0
338 224949.0
339 446154.75
340 789001.5555555555
341 3793.6666666666665
342 3908.3333333333335
343 3665084.6
344 7099.625
345 6102.75
346 4625.25
347 0
348 867847.5714285715
349 5262.75
350 3302.2
351 1543.5
352 6184.0
353 809403.5
354 6503.875
355 12241.5
356 5821.875
357 6797.2
358 1172168.8333333333
359 6339.0
360 6339.2
361 3201.0
362 7402.0
363 408594.125
364 1663.6
365 10717.0
366 1997044.0
367 510556.0
368 9231.666666666666
369 1019153.3333333334
370 4617.5
371 452915.85714285716
372 644200.8
373 11412.0
374 1491735.4444444445
375 4015764.6666666665
376 4539.5
377 863134.0
378 1382652.4
379 316039.25
380 5034.5
381 2521.4
382 2784.0
383 10323.8
384 27794.333333333332
385 886447.0
386 6584.5
387 4264.0
388 1745566.8
389 563350.6
390 1820198.0
391 1005657.2
392 1404343.4
393 1592186.4
394 1025001.0
395 1302.3333333333333
396 6915.0
397 5007819.4
398 10753.714285714286
399 5953.0
400 91231.85714285714
401 311199.125
402 861439.25
403 5212.0
404 6767.5
405 1086578.2
406 4402.8
407 701885.7142857143
408 736177.2
409 681580.4285714285
410 7009.0
411 165095.33333333334
412 10697.0
413 777347.0
414 5158.666666666667
415 7122.333333333333
416 429097.375
417 1140926.0
418 371280.5714285714
419 4947.75
420 2473.25
421 578123.75
422 1430022.5714285714
423 1188865.25
424 528123.2857142857
425 584357.6666666666
426 908974.6
427 10650.5
428 4491.166666666667
429 12788.5
430 0
431 2076775.6666666667
432 792711.6666666666
433 1003749.5
434 780.0
435 7903.833333333333
436 3087.285714285714
437 639383.75
438 4616.714285714285
439 730711.0
440 2051898.5
441 7189.5
442 1718.5
443 6115.6
444 828369.0
445 496678.0
446 338116.75
447 8150.0
448 15507.0
449 1422630.857142857
450 392.0
451 241249.7142857143
452 13678.0
453 4425932.0
454 632923.0
455 819692.25
456 686599.375
457 8144.333333333333
458 1208509.5714285714
459 1201609.0
460 5704.25
461 966137.25
462 1265744.8333333333
463 3770.0
464 208288.625
465 426235.0
466 595508.0
467 531892.3333333334
468 7870.833333333333
469 7881.5
470 11092.0
471 1735.25
472 554195.3333333334
473 1681064.0
474 1545045.125
475 446973.3333333333
476 536.0
477 7191.166666666667
478 2479.0
479 4934.142857142857
480 3543.75
481 305207.14285714284
482 2405.0
483 7125.333333333333
484 11273.333333333334
485 5254.2
486 3290121.0
487 2621.4
488 1486526.5
489 11734.333333333334
490 1503.4
491 1932.0
492 974010.375
493 2502212.6
494 7813.857142857143
495 395988.8
496 8404.5
497 304847.5
498 1697813.3333333333
499 2586007.0
500 10354.5
501 6566.5
502 2056470.0
503 467882.0
504 2198647.8
505 4785.25
506 14581.333333333334
507 9456.0
508 7442.0
509 7296.666666666667
510 531157.0
511 2042781.6666666667
512 1378344.875
513 4011.5
514 2372921.714285714
515 6335.333333333333
516 9042.166666666666
517 2419884.222222222
518 1083306.8333333333
519 10937.0
520 1164.5
521 838510.0
522 763661.25
523 65395.25
524 233982.5
525 2476497.0
526 230789.0
527 1422600.5714285714
528 780972.625
529 515682.1666666667
530 1991150.6666666667
531 899482.25
532 6346.0
533 1163.6666666666667
534 84769.75
535 50769.166666666664
536 8058.5
537 10467.5
538 7976.5
539 722603.8
540 798885.0
541 2030435.5714285714
542 766107.75
543 3123.5
544 4708.25
545 5475.0
546 4925.333333333333
547 428143.55555555556
548 3019884.0
549 1100217.3333333333
550 4174.5
551 5745.4
552 757226.25
553 217386.14285714287
554 886878.0
555 1922015.75
556 3014.0
557 1960937.4
558 478242.3333333333
559 238863.0
560 6693.142857142857
561 333657.85714285716
562 8498.25
563 6492.0
564 1163.0
565 5745.6
566 4881.166666666667
567 4731.25
568 848955.0
569 7449.333333333333
570 467223.0
571 8357.0
572 1542043.4545454546
573 8276.0
574 454516.25
575 380986.1666666667
576 3441.3333333333335
577 212806.0
578 914699.75
579 395989.4
580 3211.4
581 1634403.0
582 535918.6666666666
583 735286.7272727273
584 1872098.25
585 7458.571428571428
586 612770.4285714285
587 10998.5
588 1178738.6
589 11916.5
590 5632.5
591 6663.75
592 757061.25
593 290544.4
594 625.0
595 1587.8
596 1733728.3333333333
597 13246.5
598 1942.1666666666667
599 6130.833333333333
600 2049852.142857143
601 3457170.0
602 6238.75
603 2396658.6666666665
604 1115.5
605 1590045.6666666667
606 5811.0
607 1985194.3333333333
608 7537.2
609 378364.3333333333
610 3540941.0
611 1800.8
612 375434.0
613 520909.5
614 523465.75
615 1119594.0
616 1783.0
617 5249.333333333333
618 706974.8
619 1407845.75
620 2748838.5
621 9588.75
622 1296999.375
623 6516.25
624 138762.5
625 447650.71428571426
626 1580701.5
627 1192548.3333333333
628 6477.75
629 1155720.0
630 5464.8
631 908601.6666666666
632 7144.333333333333
633 4683432.666666667
634 771741.0
635 34580.0
636 1835.5
637 1281.0
638 1170081.4
639 1444467.6666666667
640 1152876.0
641 12060.0
642 9638.666666666666
643 119478.0
644 1073042.0
645 7289.833333333333
646 152403.2857142857
647 1541515.5
648 5478.2
649 673517.4285714285
650 563129.6666666666
651 9884.0
652 1882.8
653 2050899.3333333333
654 2423811.4
655 3950.5
656 427033.25
657 676048.125
658 1955994.0
659 1436485.3
660 512.0
661 11926.25
662 1282150.8
663 4100.0
664 3653543.0
665 168274.7142857143
666 1286.6666666666667
667 9568.0
668 5424283.0
669 2067684.7142857143
670 317774.0
671 1734256.6666666667
672 3395.8571428571427
673 4318.25
674 819.5
675 1004530.1428571428
676 4276.285714285715
677 682298.7142857143
678 933895.0
679 699533.5
680 295048.0
681 6789.333333333333
682 908705.8333333334
683 2779804.5
684 1004960.2
685 955124.3333333334
686 3724708.0
687 347331.5
688 1615407.0
689 1676109.5
690 2126242.8333333335
691 1590.8
692 8836.666666666666
693 2408797.4
694 1246351.0
695 4684813.285714285
696 1765320.25
697 8976.0
698 564356.8333333334
699 5840.6
700 1497818.4444444445
701 295728.0
702 441476.1111111111
703 3311.8
704 1232.3333333333333
705 6669.571428571428
706 13113.333333333334
707 420927.2727272727
708 1776485.7142857143
709 1003250.5
710 9346.333333333334
711 1406205.0
712 1889995.0
713 1004823.0714285715
714 4721123.0
715 1356082.2
716 1233083.25
717 26906.777777777777
718 8332.25
719 3950.5
720 2956217.5
721 9510.4
722 940.5
723 7876.2
724 4744.666666666667
725 3142.6666666666665
726 4518.142857142857
727 549570.75
728 3130.3333333333335
729 403566.1666666667
730 1685710.7142857143
731 80402.33333333333
732 0
733 478475.0
734 6107233.666666667
735 457407.3333333333
736 1224472.8
737 2863576.8
738 5317.5
739 6396.8
740 1385498.25
741 20568.0
742 342790.8333333333
743 7251.75
744 3354840.6666666665
745 1755142.857142857
746 1260249.3333333333
747 3795.0
748 1954463.6666666667
749 7297.0
750 7781756.4
751 524741.5714285715
752 3371120.5
753 3992297.5
754 950778.1666666666
755 1734148.0
756 2565.6666666666665
757 1717499.0
758 8296.333333333334
759 1346665.3333333333
760 727234.25
761 182369.0
762 1027183.0
763 2244.0
764 8843.5
765 0
766 227652.16666666666
767 608576.1111111111
768 1887183.8333333333
769 630779.6
770 1.1331499E7
771 481.0
772 2275.0
773 49864.5
774 822697.8
775 8180.25
776 1495.8
777 1629.75
778 6789.666666666667
779 2719366.3333333335
780 1170237.8333333333
781 1386672.3333333333
782 853975.0
783 5910290.0
784 743050.8333333334
785 906.5
786 547955.75
787 1230008.4
788 3035.7272727272725
789 12019.0
790 545572.25
791 1511767.8
792 878726.5
793 2682974.8
794 1285725.6
795 4766272.0
796 660482.8
797 693335.3333333334
798 1518.5
799 3272264.1428571427
800 7824.0
801 2019174.1666666667
802 5991472.5
803 4375.0
804 2150955.0
805 1078276.2
806 2533.0
807 8352.666666666666
808 1715.8
809 1789975.4285714286
810 1345860.6666666667
811 1072.0
812 2171402.0
813 1005713.5
814 4716.666666666667
815 5756375.666666667
816 306865.5
817 4631.0
818 4117864.111111111
819 1652549.857142857
820 1047626.5
821 2209275.6
822 576868.75
823 1563555.5714285714
824 10019.2
825 10224.2
826 206645.5
827 3772067.0
828 4599.0
829 8318.0
830 977583.0
831 0
832 533673.0
833 1264761.8
834 600350.25
835 155185.5
836 844933.0
837 387022.5714285714
838 986054.8
839 2801.3333333333335
840 1883241.75
841 1414034.7142857143
842 248034.45454545456
843 501.0
844 2544181.75
845 1226562.0
846 927625.625
847 859154.0
848 1903739.857142857
849 7138045.166666667
850 1499129.75
851 702.0
852 1556795.875
853 2302577.2
854 227800.5
855 1348108.5
856 385795.25
857 3169664.2
858 5124.714285714285
859 5859988.5
860 5006533.6
861 2534211.0
862 3046086.2
863 1067029.0
864 1201.2
865 2952.25
866 762163.0
867 1569547.6
868 2073517.3
869 2051.6666666666665
870 1499816.5555555555
871 1624924.3333333333
872 720329.0
873 334071.7
874 742551.0
875 3246308.0
876 3446926.2
877 2069450.6
878 695881.8
879 5115.25
880 4104100.0
881 1182208.6
882 3833273.4
883 1129996.0
884 993374.0
885 0
886 8460.333333333334
887 937279.75
888 1386028.0
889 1190672.75
890 2049.0
891 610.0
892 820419.3333333334
893 8736.5
894 4890882.333333333
895 2218134.0
896 1545.0
897 2972134.0
898 2881195.0
899 952137.8
900 3145.4285714285716
901 7167.75
902 626181.0
903 1547160.4
904 2796256.0
905 4435.6
906 5142775.5
907 2796000.5
908 628028.0
909 1.76243465E7
910 260381.11111111112
911 2349355.5714285714
912 3885162.5
913 2262782.75
914 2093705.25
915 180612.2857142857
916 3593077.8333333335
917 707688.0
918 4636036.5
919 734080.8333333334
920 1039308.5555555555
921 8883.0
922 352354.8
923 921462.2222222222
924 3983823.3333333335
925 1560281.0
926 792013.0
927 5853237.0
928 5773.0
929 2818636.25
930 8955816.333333334
931 286980.0
932 482650.75
933 3830555.5
934 2.2324148E7
935 202204.5
936 7641.0
937 3084620.0
938 1014488.6
939 1881081.5714285714
940 4733.25
941 1232631.0
942 3427103.625
943 2450164.25
944 2075087.875
945 1452996.5
946 847236.4285714285
947 7393.25
948 559.0
949 3866127.0
950 3247098.4
951 1.1932646333333334E7
952 1110418.0
953 13199.0
954 3922151.0
955 6403.0
956 670.5
957 3370343.75
958 2088690.875
959 969480.25
960 0
961 1051872.2
962 958092.25
963 4920.0
964 456717.85714285716
965 3967270.3333333335
966 6846.1
967 6399090.0
968 2072357.6
969 1028468.8
970 1700.0
971 1.5272502333333334E7
972 3235511.75
973 2538059.0
974 2661169.25
975 1267110.6
976 749.3333333333334
977 11703.0
978 9142.0
979 636418.0
980 5801822.0
981 585.5
982 7866.2
983 1849476.3333333333
984 2945869.3333333335
985 4558.25
986 697974.3333333334
987 4490846.6
988 1030229.2
989 1039564.8
990 7470.5
991 9128297.142857144
992 2481401.5714285714
993 4461735.166666667
994 2126817.0
995 1707042.6
996 11901.0
997 1651034.0
998 5410.0
999 3105.25
1000 15114.666666666666
1001 1450.2
1002 4110954.0
1003 3246851.0
1004 1574455.6
1005 53810.5
1006 6669.5
1007 1070039.6666666667
1008 2755112.4
1009 1050443.6666666667
1010 6085471.833333333
1011 2430670.6
1012 2256.0
1013 597138.0
1014 516311.75
1015 2381226.7
1016 1.0821127333333334E7
1017 1798547.2857142857
1018 792322.8333333334
1019 7851.333333333333
1020 4652799.333333333
1021 6823503.0
1022 1058268.3333333333
1023 730723.3333333334
1024 1791.0
1025 778551.3333333334
1026 1090163.2
1027 303253.6
1028 9584.666666666666
1029 578208.875
1030 1553545.0
1031 2245708.1428571427
1032 5045.75
1033 6111.0
1034 2125232.5
1035 2175197.4
1036 2079553.25
1037 667245.1666666666
1038 0
1039 6726.0
1040 1515595.8
1041 2114134.1428571427
1042 2036999.3333333333
1043 3914.0
1044 4365.0
1045 1.5794761E7
1046 2396352.4444444445
1047 1690411.0
1048 1416576.0
1049 2124493.8
1050 1066038.6666666667
1051 12319.666666666666
1052 8525996.5
1053 859.4
1054 7923462.0
1055 4363145.5
1056 3918063.0
1057 1516835.125
1058 5907.25
1059 3599.5
1060 7356.25
1061 2150224.0
1062 1678231.8333333333
1063 2021965.6
1064 1374747.25
1065 424352.6
1066 5741661.2
1067 1342016.2222222222
1068 6871185.0
1069 8486057.0
1070 4052117.25
1071 854763.1666666666
1072 1196084.5
1073 4553091.833333333
1074 0
1075 2494880.375
1076 3064438.0
1077 2042353.9090909092
1078 820892.6666666666
1079 4436469.2
1080 547394.6
1081 4337.25
1082 343790.0
1083 1533615.2
1084 5213.0
1085 6798.333333333333
1086 861774.0
1087 3284671.6
1088 91879.375
1089 3129.4
1090 5151913.6
1091 315719.25
1092 5294294.2
1093 2433012.25
1094 544.3333333333334
1095 0
1096 2226037.2
1097 766355.4285714285
1098 12928.0
1099 940862.6666666666
1100 6514328.6
1101 2335.4
1102 2092.5
1103 1057971.8
1104 2369860.1666666665
1105 2905151.0
1106 1.2312706666666666E7
1107 4597.0
1108 1.29021014E7
1109 3736.5
1110 1.31818875E7
1111 4454.8
1112 1972586.5
1113 926918.0
1114 915555.8333333334
1115 1684315.4
1116 6404.0
1117 8384.8
1118 1.138957E7
1119 2332953.4285714286
1120 3356828.090909091
1121 670829.6
1122 8355904.25
1123 4533.833333333333
1124 696189.3333333334
1125 6061.333333333333
1126 761056.3333333334
1127 6140.333333333333
1128 1046306.8333333334
1129 4622084.5
1130 4629688.071428572
1131 4629098.6
1132 7019136.4
1133 8187853.333333333
1134 9612271.666666666
1135 359936.6
1136 4213268.25
1137 2844094.25
1138 3399178.0
1139 1715388.3333333333
1140 1.534084E7
1141 6018356.333333333
1142 1696667.857142857
1143 367004.8333333333
1144 1544402.2
1145 545794.0
1146 1584166.2857142857
1147 2793627.3333333335
1148 6732757.666666667
1149 2323435.3333333335
1150 4241787.0
1151 4972963.714285715
1152 8693167.166666666
1153 6257.75
1154 1994211.5
1155 1326302.3333333333
1156 2146768.714285714
1157 3042751.5
1158 7176.8
1159 2111803.6666666665
1160 1111581.4285714286
1161 4138.2
1162 6455.5
1163 2436723.714285714
1164 2657168.5714285714
1165 248504.25
1166 7857572.4
1167 5237822.0
1168 1990539.25
1169 3970436.8333333335
1170 431704.75
1171 220617.66666666666
1172 1892430.0
1173 708047.75
1174 742970.6
1175 2446.5
1176 5561.666666666667
1177 7380605.666666667
1178 7183249.8
1179 824.0
1180 199757.6
1181 6738.0
1182 1983250.2857142857
1183 6059516.111111111
1184 3652328.1666666665
1185 433987.0
1186 1196659.8
1187 608261.8333333334
1188 2896965.111111111
1189 7124566.75
1190 1615489.75
1191 1097170.3333333333
1192 5459.25
1193 7570.166666666667
1194 5501859.857142857
1195 1703861.75
1196 704973.0
1197 1965110.0
1198 3032.5
1199 1108122.0
1200 110401.6
1201 3609363.1428571427
1202 4149.0
1203 2.1961002E7
1204 1.0795295666666666E7
1205 4427.0
1206 7098.0
1207 5364845.857142857
1208 2368468.8
1209 4742871.916666667
1210 7712762.857142857
1211 1793219.0
1212 1093.5
1213 798186.0
1214 4667932.333333333
1215 7013.666666666667
1216 2122380.285714286
1217 2205.0
1218 686537.5
1219 4505614.666666667
1220 2713697.5
1221 816000.75
1222 3695772.0
1223 2404747.111111111
1224 39828.857142857145
1225 283897.85714285716
1226 3248.285714285714
1227 9236508.25
1228 4896.5
1229 4685377.5
1230 1329731.5714285714
1231 6612.333333333333
1232 3358018.6666666665
1233 4819.5
1234 384265.0
1235 6726.666666666667
1236 3051.5
1237 2758031.75
1238 1104555.0
1239 7891.2
1240 2318511.8
1241 4372125.166666667
1242 3250.0
1243 6859823.0
1244 44835.75
1245 3559232.0
1246 5102562.857142857
1247 2663757.0
1248 3161533.4
1249 4078423.0
1250 3777.3333333333335
1251 5059829.75
1252 4312362.75
1253 7984.833333333333
1254 4349.0
1255 4034103.0
1256 4750153.6
1257 3189.5
1258 2831245.8333333335
1259 8106226.142857143
1260 8016713.428571428
1261 8605773.0
1262 1063381.2857142857
1263 447166.0
1264 1189354.0
1265 5854739.666666667
1266 7375.75
1267 7008403.6
1268 2201363.0
1269 4468901.5
1270 3618747.0
1271 676414.0
1272 3840.0
1273 690.0
1274 5183471.125
1275 4284.5
1276 2250359.25
1277 1238150.5
1278 12667.5
1279 3847760.1428571427
1280 1.16673364E7
1281 1365765.0
1282 1046457.4
1283 13643.0
1284 4774142.666666667
1285 419182.3333333333
1286 5108065.428571428
1287 1287876.8333333333
1288 310473.5
1289 1153819.5
1290 5181.5
1291 1983001.6666666667
1292 2281648.75
1293 1521428.3333333333
1294 1958815.25
1295 4490.0
1296 1186022.625
1297 720070.8333333334
1298 2383099.8
1299 621209.3333333334
1300 10086.0
1301 1.28272986E7
1302 523303.6666666667
1303 1388837.0
1304 8191954.6
1305 784.0
1306 3045443.75
1307 4957557.4
1308 4937339.8
1309 3364246.5
1310 2027.0
1311 2064058.0
1312 6391987.833333333
1313 6006.666666666667
1314 5106080.0
1315 5329.0
1316 6353691.833333333
1317 4108.8
1318 1483340.857142857
1319 3532871.4285714286
1320 978.0
1321 649824.4
1322 5407.0
1323 8398066.666666666
1324 1547969.1666666667
1325 4612290.6
1326 264072.28571428574
1327 890065.6
1328 4945018.333333333
1329 5171112.6
1330 6354988.0
1331 1017272.6666666666
1332 1.2052825E7
1333 1922543.625
1334 3484363.5
1335 3745434.5
1336 4423080.142857143
1337 5984.6
1338 5190.0
1339 2716013.0
1340 4074708.5
1341 3426433.0
1342 3920490.5
1343 4914.2
1344 2653385.4285714286
1345 637550.5714285715
1346 5996843.25
1347 2874880.5714285714
1348 3771936.2
1349 4050090.8571428573
1350 2348079.0
1351 6352941.285714285
1352 1004743.0
1353 510123.25
1354 1561.0
1355 2947444.1666666665
1356 3621.0
1357 2299292.8333333335
1358 7562.666666666667
1359 1832302.8
1360 1.07971236E7
1361 1.93711505E7
1362 1012566.0
1363 5254.666666666667
1364 5588.0
1365 3888627.6666666665
1366 4231187.8
1367 4977.5
1368 5208212.818181818
1369 424137.625
1370 4633201.0
1371 5592110.0
1372 5924.333333333333
1373 4716.5
1374 1665450.5
1375 626727.2857142857
1376 1355322.3333333333
1377 1.19678548E7
1378 1.0401149E7
1379 6921851.666666667
1380 2471074.2
1381 4385982.75
1382 1845115.3333333333
1383 821450.0
1384 4342501.333333333
1385 2838281.5
1386 9517648.0
1387 697608.75
1388 6309148.5
1389 8481715.5
1390 5099.875
1391 3694.0
1392 2647509.6666666665
1393 1443856.2
1394 4356199.0
1395 8322114.5
1396 3804471.75
1397 1.2938815714285715E7
1398 13033.5
1399 4309746.8
1400 7369.5
1401 1.0427594E7
1402 6703.6
1403 910000.6666666666
1404 4637.8
1405 1.36965435E7
1406 7401923.666666667
1407 2058984.6
1408 1364168.8
1409 433274.4285714286
1410 5546472.0
1411 2879805.714285714
1412 3660210.0
1413 8851411.1
1414 2330754.1666666665
1415 945584.1
1416 9299827.25
1417 604635.75
1418 3621.3333333333335
1419 987571.6666666666
1420 1377969.6
1421 2632424.5
1422 707287.5
1423 430882.25
1424 4967.75
1425 3914581.2
1426 7331452.2
1427 3868442.5
1428 1835498.5
1429 5977.0
1430 1788177.5
1431 13875.0
1432 9533500.2
1433 846730.6666666666
1434 2154719.3333333335
1435 307114.1666666667
1436 4911381.0
1437 18783.333333333332
1438 7888795.571428572
1439 4178424.375
1440 3156401.0
1441 4499761.2
1442 4051568.0
1443 2.2057848666666668E7
1444 998847.0
1445 430149.0
1446 1035418.5
1447 4994.666666666667
1448 2264910.3333333335
1449 1488.2
1450 7734661.5
1451 1993156.3333333333
1452 5313.75
1453 1202661.0
1454 6971640.4
1455 5896361.5
1456 4563.666666666667
1457 2148.6666666666665
1458 1598121.5
1459 14109.0
1460 9937765.25
1461 397133.75
1462 6861.0
1463 2198872.6
1464 1823129.7
1465 5048.5
1466 2824743.6
1467 10906.0
1468 8494535.0
1469 2502649.6
1470 647933.3333333334
1471 4522237.0
1472 658587.7777777778
1473 8016146.6
1474 2205067.3333333335
1475 825947.6666666666
1476 1098368.6
1477 844201.3333333334
1478 1999282.8333333333
1479 6791.666666666667
1480 1.0635792666666666E7
1481 2477340.25
1482 4976131.571428572
1483 5321624.714285715
1484 3315404.3333333335
1485 2.08411205E7
1486 11341.25
1487 2623427.5555555555
1488 934724.5
1489 2009.3333333333333
1490 1971253.3
1491 1833.6666666666667
1492 9747688.8
1493 1.2978242E7
1494 812729.625
1495 4483510.4
1496 4164482.5
1497 1692456.4
1498 7215581.285714285
1499 1.365669157142857E7
1500 3198731.6666666665
1501 2440758.6
1502 16646.333333333332
1503 6265033.75
1504 430735.25
1505 7406.0
1506 2569055.6
1507 3306865.7
1508 2867725.1666666665
1509 796.0
1510 272782.8
1511 230380.41666666666
1512 1795638.0
1513 626106.6
1514 2100.0
1515 2305572.6666666665
1516 3867.5
1517 4839476.625
1518 1823862.7142857143
1519 4508622.0
1520 94243.14285714286
1521 1.04447725E7
1522 1.2604566333333334E7
1523 5017690.875
1524 2852692.7
1525 2652394.5
1526 3572867.3333333335
1527 2145055.125
1528 1.0139494E7
1529 1065645.142857143
1530 1775399.0
1531 2099132.8
1532 2351922.5454545454
1533 7220367.75
1534 5839.833333333333
1535 4867804.166666667
1536 6583.5
1537 3542756.75
1538 1.3574990285714285E7
1539 3742231.25
1540 1319.5
1541 2841.0
1542 6112.25
1543 1250506.111111111
1544 2650473.0
1545 1519654.7777777778
1546 1029832.2
1547 8821213.25
1548 5067587.222222222
1549 4021.5
1550 4295.2
1551 818620.4
1552 3758117.6666666665
1553 425810.4
1554 1972.25
1555 4819225.5
1556 2546679.6666666665
1557 3648002.25
1558 5722312.5
1559 2527026.2
1560 2979931.6666666665
1561 405029.1666666667
1562 6449247.5
1563 6932081.75
1564 1892741.5
1565 5678805.571428572
1566 7045038.25
1567 2912883.5714285714
1568 3145.5
1569 1232808.2
1570 3083.0
1571 3730123.3333333335
1572 2059136.2
1573 1052983.6666666667
1574 2757504.8
1575 2584240.6666666665
1576 8516.5
1577 9778968.25
1578 3263580.0
1579 8595361.0
1580 259769.875
1581 2143648.3333333335
1582 3592174.375
1583 821911.75
1584 3732.3333333333335
1585 4150.0
1586 1275138.0
1587 741.0
1588 1483200.5
1589 6951.0
1590 8752658.333333334
1591 2852751.6666666665
1592 6619.5
1593 6954566.0
1594 8530376.75
1595 909.6666666666666
1596 604561.5555555555
1597 1803.0
1598 1704527.4285714286
1599 1974540.0
1600 679873.0
1601 1150028.6
1602 9657255.0
1603 1522519.4
1604 6080784.0
1605 5639223.6
1606 1.3770462333333334E7
1607 4919.333333333333
1608 1647250.0
1609 7435841.166666667
1610 7524029.0
1611 6284904.8
1612 528716.375
1613 4254344.0
1614 1547265.0
1615 7548212.0
1616 463754.0
1617 7963.0
1618 4225352.0
1619 5985523.444444444
1620 76988.2
1621 1799549.1666666667
1622 1.464420575E7
1623 1.1308618E7
1624 3584599.714285714
1625 2738454.6666666665
1626 1.62908522E7
1627 7992959.75
1628 4021937.8
1629 4424439.833333333
1630 7593132.714285715
1631 2337502.5
1632 7180433.142857143
1633 2271056.8
1634 5596881.285714285
1635 215232.0
1636 2336527.0
1637 2437313.0
1638 1357010.75
1639 7252230.4
1640 1.0001021E7
1641 2246778.0
1642 2644088.1428571427
1643 1115375.375
1644 6990955.6
1645 1.657278E7
1646 6576561.0
1647 6058187.0
1648 2629582.0
1649 1078096.6666666667
1650 6495767.4
1651 2128367.9166666665
1652 2.6236891666666668E7
1653 6354826.25
1654 821.0
1655 2072.6666666666665
1656 715.0
1657 4652069.0
1658 6407385.285714285
1659 3201.6
1660 1.3956634142857144E7
1661 3399863.285714286
1662 1517127.75
1663 1038866.0
1664 4673642.0
1665 2974934.111111111
1666 6669238.5
1667 1186636.2857142857
1668 307180.0
1669 1042.3333333333333
1670 3330258.714285714
1671 1768566.25
1672 4722442.571428572
1673 9401989.333333334
1674 4992.142857142857
1675 499253.0
1676 3060986.875
1677 139761.33333333334
1678 1518.0
1679 1.555900657142857E7
1680 9552187.8
1681 2455912.5
1682 7148109.2
1683 7419291.571428572
1684 1.2626200142857144E7
1685 7011947.125
1686 7310808.25
1687 1572092.0
1688 7551.8
1689 1.95497655E7
1690 3051179.6666666665
1691 3954118.8
1692 633021.5
1693 1340817.0
1694 1.25921435E7
1695 5695.75
1696 5784455.5
1697 4766258.285714285
1698 5572022.666666667
1699 4016490.5
1700 1.0067779666666666E7
1701 1105120.1666666667
1702 3722.5
1703 1413148.75
1704 788953.6
1705 1485296.0
1706 1947.25
1707 516016.6666666667
1708 3597091.5
1709 4169.0
1710 3640978.25
1711 4082237.1666666665
1712 5498334.666666667
1713 1.795466875E7
1714 2993344.25
1715 3237.0
1716 9729244.0
1717 972.5
1718 5830021.6
1719 2803168.25
1720 12297.0
1721 4056305.0
1722 7259.2
1723 6110650.166666667
1724 3446.75
1725 1718734.4444444445
1726 9992249.285714285
1727 2149.1666666666665
1728 3396793.375
1729 8389266.857142856
1730 4600.0
1731 9610210.0
1732 1.2907665666666666E7
1733 3954626.0
1734 1.7999016E7
1735 6360873.333333333
1736 3.6745948666666664E7
1737 668468.75
1738 8215.5
1739 657776.0
1740 869060.5
1741 3190.0
1742 1028888.1428571428
1743 2902692.4285714286
1744 163714.85714285713
1745 6121251.0
1746 1470000.25
1747 8716872.4
1748 3966179.076923077
1749 6943084.0
1750 1.2341599E7
1751 9087449.833333334
1752 4413709.571428572
1753 2100404.714285714
1754 7975975.75
1755 3651577.5
1756 3521425.3333333335
1757 2072.5714285714284
1758 1331246.6
1759 1.5335934E7
1760 1508425.0
1761 1214267.8
1762 1268240.2727272727
1763 2679658.7
1764 1.7925131833333332E7
1765 3721615.0
1766 1007016.5
1767 8787316.666666666
1768 6056730.8
1769 1.0790012333333334E7
1770 8308937.714285715
1771 4443826.0
1772 3733217.0
1773 8882124.0
1774 1182365.5
1775 6321756.25
1776 3694746.6
1777 763770.6
1778 3576118.5
1779 1.658012625E7
1780 1.32688935E7
1781 3188866.6666666665
1782 2029515.0
1783 9147702.666666666
1784 2665074.0
1785 1.0752700142857144E7
1786 1570974.75
1787 2280875.6666666665
1788 811623.0
1789 4066804.0
1790 1.0694749E7
1791 3040741.6666666665
1792 1.2503553E7
1793 4841281.875
1794 2.078544875E7
1795 7119356.0
1796 325271.5
1797 5568446.714285715
1798 6359872.428571428
1799 1531252.2222222222
1800 7065999.5
1801 1.1590717E7
1802 23489.8
1803 3722568.0
1804 0
1805 1.4010224833333334E7
1806 2894467.1666666665
1807 9962619.142857144
1808 9786853.0
1809 5750.5
1810 3465085.0
1811 3182301.111111111
1812 4693554.375
1813 1019312.0
1814 2854921.2
1815 355939.75
1816 5313.0
1817 7101.333333333333
1818 1.69823326E7
1819 5366699.2
1820 7467156.2
1821 2246624.6
1822 11989.0
1823 1616958.2857142857
1824 3169.0
1825 2633274.75
1826 731915.5
1827 493615.75
1828 2418661.714285714
1829 5357753.6
1830 1844558.25
1831 6905.0
1832 5419902.75
1833 9440533.6
1834 1.06368885E7
1835 1.373619E7
1836 4629115.25
1837 6707468.833333333
1838 3177972.5
1839 9727832.5
1840 1796294.1666666667
1841 5415566.625
1842 3514.4
1843 1.38552824E7
1844 0
1845 6065955.5
1846 3407528.5
1847 2.84325895E7
1848 6466050.428571428
1849 1159903.8
1850 2303349.5
1851 7701487.5
1852 6332774.333333333
1853 6253.0
1854 1.5012678E7
1855 5537.333333333333
1856 3825212.6666666665
1857 4231323.4
1858 1.0819041666666666E7
1859 4058.6666666666665
1860 3801791.6
1861 1664797.5
1862 4880.0
1863 1.2625779333333334E7
1864 3793992.8571428573
1865 8775329.5
1866 894219.8
1867 3582034.75
1868 2754511.5
1869 2612251.5
1870 6867867.571428572
1871 1.2211693E7
1872 2.139149725E7
1873 8843789.666666666
1874 1901589.625
1875 2746.25
1876 9052250.363636363
1877 2053479.3333333333
1878 4294911.666666667
1879 5422650.0
1880 6609970.25
1881 5715547.0
1882 2006401.8333333333
1883 8622811.666666666
1884 3748311.4285714286
1885 2700039.75
1886 3967610.909090909
1887 1.6646000857142856E7
1888 1.49450354E7
1889 4056109.3333333335
1890 1.59239988E7
1891 2.473604075E7
1892 1.3893405285714285E7
1893 346482.0833333333
1894 3172765.4444444445
1895 3039703.6666666665
1896 1.154518057142857E7
1897 3362797.75
1898 1038596.0
1899 305238.5
1900 926932.6
1901 8792237.25
1902 2412026.0
1903 4853316.0
1904 5008671.5
1905 1.15257658E7
1906 576567.3333333334
1907 11205.333333333334
1908 1.938421875E7
1909 9824016.285714285
1910 13254.6
1911 3841889.2
1912 3379589.6
1913 2766379.5
1914 1.4530597666666666E7
1915 3.7405215666666664E7
1916 2865054.5
1917 8516683.333333334
1918 2081577.5555555555
1919 7158791.125
1920 3594827.1666666665
1921 1.2743447E7
1922 2182486.2
1923 5960503.875
1924 1443713.6666666667
1925 4789.5
1926 7391508.8
1927 1484557.375
1928 1378147.3333333333
1929 1.71722086E7
1930 3005570.5
1931 2532057.1428571427
1932 1761910.1666666667
1933 1772391.3333333333
1934 1596709.4
1935 0
1936 1036.6666666666667
1937 5607737.75
1938 1.5156022666666666E7
1939 805438.75
1940 6684391.8
1941 4669571.8
1942 8784673.666666666
1943 246035.57142857142
1944 6523.6
1945 5597.75
1946 1372373.5
1947 8407745.0
1948 3290836.5
1949 2799912.0
1950 9515591.0
1951 1072320.6666666667
1952 6787433.0
1953 2491.6666666666665
1954 1838613.0
1955 4683848.75
1956 4.00536145E7
1957 1.41478565E7
1958 1154112.1666666667
1959 4794213.555555556
1960 3955.25
1961 4554942.6
1962 5485093.5
1963 7827561.428571428
1964 3530101.5
1965 1645456.0
1966 1230092.3333333333
1967 3200722.5
1968 804943.0
1969 1310332.0
1970 10201.666666666666
1971 2103154.0
1972 8177321.285714285
1973 6183805.666666667
1974 1.0218687666666666E7
1975 389223.8333333333
1976 0
1977 683115.8333333334
1978 1.694480175E7
1979 1447493.6
1980 9566068.2
1981 1.1411221E7
1982 3450248.6
1983 4.436892E7
1984 2542379.0
1985 7964484.833333333
1986 6009.5
1987 9670.0
1988 6802729.666666667
1989 4572.0
1990 4986223.4
1991 657284.4
1992 6348979.0
1993 3622486.0
1994 1339366.0
1995 415094.44444444444
1996 7619.25
1997 2710298.1666666665
1998 1889745.25
1999 9967065.4
2000 6705305.333333333
2001 8966598.714285715
2002 2334576.222222222
2003 1.537319625E7
2004 2309002.2
2005 1.5028637666666666E7
2006 2794903.5384615385
2007 6485516.5
2008 5835608.75
2009 1.64844562E7
2010 2.24851634E7
2011 7521.0
2012 1195196.8
2013 1361703.0
2014 930467.8333333334
2015 3685381.0
2016 9860413.75
2017 4983481.75
2018 3157101.4285714286
2019 9507759.57142857
2020 1.1707671090909092E7
2021 1.08080215E7
2022 1.6373301285714285E7
2023 2091361.0
2024 5940771.333333333
2025 3724.0
2026 2183518.6666666665
2027 2535.8
2028 1762917.857142857
2029 1.1975138E7
2030 1045851.0
2031 8250333.4
2032 1.38618635E7
2033 404120.25
2034 1311796.5
2035 5797570.5
2036 5152419.666666667
2037 9884740.0
2038 1.3177513333333334E7
2039 7270703.75
2040 5708864.0
2041 2983916.6666666665
2042 1.4751516E7
2043 4026720.5
2044 2.2533112E7
2045 9363.0
2046 1.66526875E7
2047 1.53355566E7
2048 9901915.75
2049 2854131.6666666665
2050 1.480253E7
2051 2.8646102E7
2052 111951.0
2053 1.8876465E7
2054 8060111.0
2055 6267804.8
2056 1.816810775E7
2057 6787122.0
2058 3857649.0
2059 1.3677595666666666E7
2060 1.0283854E7
2061 6068.857142857143
2062 1940465.0
2063 8898494.0
2064 7033676.6
2065 1.365070157142857E7
2066 6157471.666666667
2067 1844290.857142857
2068 6601504.25
2069 3029002.0
2070 7341041.0
2071 4836.333333333333
2072 6308659.125
2073 1.2849608E7
2074 3782.0
2075 751416.3333333334
2076 2.62231065E7
2077 2985921.6
2078 2993007.75
2079 1491344.5
2080 6654.0
2081 522380.6
2082 3126838.5
2083 6982564.0
2084 9570.666666666666
2085 350498.6
2086 1022223.0
2087 3001898.4
2088 9146821.0
2089 9730509.4
2090 3037501.5
2091 846085.75
2092 1.7104563375E7
2093 3741039.0
2094 634930.75
2095 1.34237245E7
2096 6952242.0
2097 6553494.0
2098 3219.6666666666665
2099 3178.5
2100 6409.0
2101 2745555.714285714
2102 7269373.2
2103 2171913.6
2104 2333.0
2105 3620.3333333333335
2106 1.1649512E7
2107 4276002.166666667
2108 6319.5
2109 1.20996524E7
2110 2.3922523333333332E7
2111 6918.0
2112 2425079.8333333335
2113 1.266407E7
2114 1.0062328333333334E7
2115 5921001.625
2116 6449349.0
2117 3708176.0
2118 350510.85714285716
2119 1.91398816E7
2120 2754612.0
2121 2036326.0
2122 3824166.3333333335
2123 3841340.6
2124 7890575.6
2125 1311777.8333333333
2126 6662822.666666667
2127 1294560.6666666667
2128 8048.333333333333
2129 2177103.2
2130 4029448.5
2131 1112681.6666666667
2132 5064405.125
2133 1719.0
2134 1.0706256666666666E7
2135 2.23640124E7
2136 3656302.2
2137 1734036.8
2138 1335675.25
2139 4785934.833333333
2140 1232634.0
2141 4088.0
2142 5113876.5
2143 96973.0
2144 1.912698E7
2145 3135352.1666666665
2146 4819727.6
2147 1.3437291333333334E7
2148 3698554.3333333335
2149 2322630.75
2150 2736253.0
2151 1.9585552666666668E7
2152 346660.8333333333
2153 5423241.833333333
2154 1953093.4
2155 4315269.5
2156 3776973.8
2157 3639777.375
2158 1.4352401E7
2159 8159492.0
2160 5722800.2
2161 3939735.5
2162 5280298.8
2163 6.989445166666667E7
2164 275127.0
2165 1660563.8333333333
2166 482690.75
2167 3081889.714285714
2168 7012999.2
2169 7364101.0
2170 336404.0
2171 792620.2857142857
2172 5171521.857142857
2173 1122309.6
2174 2573146.25
2175 1.51973802E7
2176 1.074706342857143E7
2177 1.2326607888888888E7
2178 2.39540152E7
2179 4229481.5
2180 4190308.8
2181 6899755.666666667
2182 1.1528731625E7
2183 6080.8
2184 610744.6666666666
2185 4369477.0
2186 2.4251122E7
2187 7501814.75
2188 1.5299539285714285E7
2189 2.012015475E7
2190 2.452568575E7
2191 1.3798517E7
2192 8729983.0
2193 9015741.5
2194 4292.5
2195 1.0022906666666666E7
2196 10808.0
2197 5426.0
2198 8.0346258E7
2199 1500593.25
2200 1.560946E7
2201 1.05928E7
2202 7645097.533333333
2203 1.99114305E7
2204 1.28143056E7
2205 5559618.6
2206 1.01992365E7
2207 8767385.4
2208 2466537.777777778
2209 1387015.25
2210 2055.0
2211 9033193.0
2212 87374.0
2213 4128057.0
2214 4171903.0
2215 1.12298158E7
2216 5695519.833333333
2217 11463.0
2218 888411.0
2219 1366338.5
2220 8753582.0
2221 2613296.25
2222 3266.5
2223 3542744.6666666665
2224 1256733.8333333333
2225 1.11890685E7
2226 882324.2
2227 338759.75
2228 5192662.166666667
2229 2633.6666666666665
2230 7035493.0
2231 1.0529593E7
2232 1112390.0
2233 1.7520804E7
2234 870.5
2235 1.9470943333333332E7
2236 6020881.25
2237 3849689.0
2238 2022.3333333333333
2239 3884.5
2240 2.095545275E7
2241 1.5266952E7
2242 9385151.6
2243 1.402803375E7
2244 1456868.0
2245 1.5291165E7
2246 1777233.2
2247 6746896.0
2248 3897729.25
2249 3678075.0
2250 6681901.142857143
2251 1633129.75
2252 8407757.0
2253 3643.5
2254 476334.75
2255 2.6652281333333332E7
2256 4977.0
2257 5013.0
2258 4104409.0
2259 9287219.2
2260 1.238688325E7
2261 8138295.6
2262 6887473.6
2263 4645.75
2264 9235654.0
2265 9432280.666666666
2266 2456743.5
2267 6840733.666666667
2268 1298.5
2269 1.0623314166666666E7
2270 5685.8
2271 8934044.0
2272 1548121.5
2273 5576.0
2274 6700.666666666667
2275 7163047.333333333
2276 2120.5
2277 3554875.1428571427
2278 1294.5
2279 5284464.25
2280 2.41305825E7
2281 5341829.5
2282 2149687.285714286
2283 2.3717656E7
2284 9881922.2
2285 1.22985014E7
2286 903233.6
2287 4418965.166666667
2288 3201002.0
2289 1.4804462857142856E7
2290 1.8499538666666668E7
2291 5427892.4
2292 5052.5
2293 2.415867275E7
2294 4582057.0
2295 1.5720640333333334E7
2296 1.0381985833333334E7
2297 7642972.5
2298 2.53485425E7
2299 2511639.5
2300 4485855.666666667
2301 2339745.6
2302 8948758.714285715
2303 1.240308475E7
2304 6091.0
2305 8614979.666666666
2306 2836.2
2307 1.78994385E7
2308 1.5849956833333334E7
2309 5438199.833333333
2310 1.2990698E7
2311 2.050182025E7
2312 1.17284225E7
2313 35820.0
2314 946168.0
2315 5102957.25
2316 4585030.875
2317 1.075465375E7
2318 8457.5
2319 1.60244064E7
2320 1.08515554E7
2321 6588852.8
2322 884515.8571428572
2323 3235826.4285714286
2324 33783.833333333336
2325 1217680.25
2326 2.1077452333333332E7
2327 1.435849625E7
2328 6018655.5
2329 1.529951575E7
2330 2.6760494E7
2331 1.3827631375E7
2332 1.5773361E7
2333 2361971.25
2334 1.166853725E7
2335 2.3714844E7
2336 3984790.0
2337 1615.0
2338 4996.5
2339 1.08390565E7
2340 1265469.5
2341 6320391.166666667
2342 9103178.2
2343 0
2344 1731813.111111111
2345 6723971.142857143
2346 4761.666666666667
2347 2626140.3333333335
2348 2.1721365E7
2349 6442009.142857143
2350 2170126.4285714286
2351 3257800.0
2352 2518412.6
2353 1.216875275E7
2354 4220.0
2355 1.8938541333333332E7
2356 1.65860925E7
2357 1668.0
2358 6021727.25
2359 1165005.25
2360 3944386.6666666665
2361 3955778.6
2362 3.21998495E7
2363 2.26963462E7
2364 2751618.1666666665
2365 3766.1666666666665
2366 3197.4
2367 8963748.42857143
2368 2291826.0
2369 580035.25
2370 5676827.5
2371 8006907.5
2372 3288561.1666666665
2373 5847.0
2374 7771240.916666667
2375 8983212.0
2376 2.9251150222222224E7
2377 2.451093285714286E7
2378 1976212.8333333333
2379 1.06249165E7
2380 5060145.571428572
2381 955790.8
2382 6015380.8
2383 6912987.75
2384 4971.5
2385 1.421847625E7
2386 8788716.75
2387 2580149.25
2388 3.8133941E7
2389 2182347.0
2390 8402235.375
2391 3558637.1428571427
2392 7655.5
2393 4970580.4
2394 6459801.0
2395 4810789.333333333
2396 1.14591185E7
2397 4820616.5
2398 1.0717309333333334E7
2399 5130735.0
2400 1.73851431E7
2401 1270798.7272727273
2402 1.0344407E7
2403 2562023.3333333335
2404 1.027863E7
2405 1.6200372444444444E7
2406 672620.1666666666
2407 1.1102172E7
2408 1.061372E7
2409 3.1469303625E7
2410 8055900.125
2411 1.21944776E7
2412 1.479084E7
2413 2915947.8
2414 1627562.75
2415 3.71675665E7
2416 6632356.125
2417 3.1210457E7
2418 8204731.5
2419 1.42332502E7
2420 359308.6
2421 4700765.0
2422 3653639.6
2423 1915518.5714285714
2424 2.03582787E7
2425 7864832.428571428
2426 5869154.0
2427 8220187.0
2428 2.09627385E7
2429 8292.0
2430 1.5893951666666666E7
2431 8569888.888888888
2432 2478808.0
2433 1.2094792714285715E7
2434 5793493.6
2435 1.5159211333333334E7
2436 2114168.4285714286
2437 2.1163611E7
2438 7414839.666666667
2439 1.85999736E7
2440 9496898.714285715
2441 7438.6
2442 0
2443 1865802.2
2444 5818110.142857143
2445 1.188288557142857E7
2446 19692.0
2447 3.26315464E7
2448 8621968.833333334
2449 7504.5
2450 2.41388024E7
2451 1.2441413E7
2452 2432942.5
2453 2.12836376E7
2454 9192885.5
2455 9364269.6
2456 1.2216770833333334E7
2457 1875211.0
2458 6676066.5
2459 8022.0
2460 2370990.3333333335
2461 5432.0
2462 2.55468786E7
2463 1.7181214333333332E7
2464 2184.1428571428573
2465 2.0638350333333332E7
2466 1170.0
2467 9535267.0
2468 6279.0
2469 4464133.166666667
2470 3.30749006E7
2471 7266101.0
2472 9507357.5
2473 5404150.2
2474 4452036.0
2475 3270.8
2476 1.6021237E7
2477 1.1393720111111112E7
2478 2.73882665E7
2479 4.710730985714286E7
2480 9350273.0
2481 5255842.833333333
2482 1.5063556333333334E7
2483 2.3630631E7
2484 1527395.25
2485 8505060.5
2486 4575566.142857143
2487 2274767.0
2488 6021.0
2489 1.2436016888888888E7
2490 9794067.25
2491 8851761.6
2492 1.657223525E7
2493 1963501.6666666667
2494 4322293.0
2495 1.44325708E7
2496 3.76655025E7
2497 7274698.9
2498 204227.2
2499 9288011.166666666
2500 1660808.6
2501 6974329.0
2502 3652.75
2503 3826.0
2504 4825391.0
2505 1871007.0
2506 2660607.0
2507 1859837.6666666667
2508 8555315.6
2509 14110.0
2510 3132.3333333333335
2511 6054.0
2512 1.705391314285714E7
2513 1.253714325E7
2514 6741611.666666667
2515 1.0631454E7
2516 5143523.25
2517 4574310.333333333
2518 5.019546475E7
2519 7602117.333333333
2520 9849032.75
2521 3112966.25
2522 2165.4
2523 9794979.333333334
2524 12658.0
2525 1.9857680833333332E7
2526 1.8784382833333332E7
2527 2.81383835E7
2528 1734076.0
2529 1.649792225E7
2530 4309405.333333333
2531 2.7397208714285713E7
2532 8701699.75
2533 8047838.166666667
2534 3339.0
2535 7555334.6
2536 3.7336192625E7
2537 6967940.0
2538 6146899.571428572
2539 6748149.666666667
2540 1419443.8
2541 1.6011628E7
2542 2591065.5714285714
2543 5923.166666666667
2544 1.23950216E7
2545 1.3774636375E7
2546 1.3035096E7
2547 5.1524760333333336E7
2548 3034587.3333333335
2549 2.96285545E7
2550 3429325.4
2551 1388996.0
2552 6260175.75
2553 1.8313057E7
2554 3389989.5
2555 2.60060955E7
2556 5889.6
2557 106359.83333333333
2558 6608822.5
2559 1.23801266E7
2560 8220059.5
2561 9376419.25
2562 1.5042559833333334E7
2563 1.4853614111111112E7
2564 2.556474E7
2565 6972287.25
2566 9049790.555555556
2567 7674969.0
2568 3567.6
2569 2.2505404166666668E7
2570 1.1339147666666666E7
2571 1.2329602E7
2572 4.059745E7
2573 1.2127307909090908E7
2574 4975634.666666667
2575 2.2139467E7
2576 7827343.0
2577 8093941.75
2578 1427246.625
2579 1.5069122666666666E7
2580 4620745.0
2581 8753921.75
2582 956684.25
2583 6374257.222222222
2584 8516575.25
2585 2.1760371E7
2586 902033.0
2587 1.39843248E7
2588 5213198.0
2589 4758374.0
2590 1.15442055E7
2591 1.089028342857143E7
2592 3621712.5
2593 7079.0
2594 7.44219275E7
2595 3.5475238333333336E7
2596 2.601131309090909E7
2597 1888578.142857143
2598 2.208818757142857E7
2599 1.367588975E7
2600 9807799.5
2601 2.71620736E7
2602 2397565.4285714286
2603 2094892.0
2604 1.79624462E7
2605 3999.3333333333335
2606 1437941.2
2607 2100809.5
2608 6642771.5
2609 276043.6666666667
2610 0
2611 1.6420672E7
2612 977040.5
2613 6789346.0
2614 4579669.0
2615 6615797.0
2616 9021269.4
2617 8473333.5
2618 1166941.0
2619 6235571.75
2620 2.2949392166666668E7
2621 1.3239895E7
2622 4.92696065E7
2623 1957606.0
2624 860099.8333333334
2625 1.52825826E7
2626 1550897.857142857
2627 3306026.2
2628 1.62002915E7
2629 1371.5
2630 3.8125689666666664E7
2631 6532208.0
2632 2.7663106333333332E7
2633 3.930668725E7
2634 30227.222222222223
2635 2.2451022E7
2636 3829678.625
2637 5108985.0
2638 2.0892089E7
2639 5282742.714285715
2640 4921720.0
2641 2.6430236714285713E7
2642 2.34507164E7
2643 1.912307757142857E7
2644 1.353812142857143E7
2645 4661014.0
2646 3.979087E7
2647 2.14349825E7
2648 1.31416353E7
2649 9999832.5
2650 4357431.8
2651 4191106.0
2652 44956.8
2653 3037.0
2654 1.63476496E7
2655 1854499.6
2656 2159287.1
2657 7829951.714285715
2658 3.39184902E7
2659 1162659.2
2660 6250452.0
2661 5489139.0
2662 8981430.666666666
2663 7.6861261E7
2664 5461240.4
2665 3957565.2
2666 6885.75
2667 1.38992814E7
2668 1.089961475E7
2669 1.9635004E7
2670 1.4163768333333334E7
2671 1.42010948E7
2672 1.00771775E7
2673 1.1395395E7
2674 3.8738055E7
2675 1000382.5
2676 6380127.428571428
2677 1.7183573285714287E7
2678 1.238538725E7
2679 1.325586975E7
2680 2614856.6666666665
2681 2.919316285714286E7
2682 2578474.8
2683 2.3804864555555556E7
2684 6.5776932E7
2685 13740.0
2686 3.09284955E7
2687 3503356.0
2688 2.5818297888888888E7
2689 1.40078534E7
2690 1882019.6666666667
2691 1.103341242857143E7
2692 1.2987649285714285E7
2693 2.8823798E8
2694 1295931.2
2695 2.4102182285714287E7
2696 1.251880075E7
2697 227151.83333333334
2698 1.11737816E7
2699 1.1127801777777778E7
2700 3620662.6666666665
2701 8625526.333333334
2702 1677248.0
2703 1.05117991E7
2704 3206924.25
2705 5262.0
2706 1.09969005E7
2707 1327.5
2708 8441288.4
2709 2163471.4
2710 2.4219059333333332E7
2711 1.433826E7
2712 7111536.75
2713 1896737.1666666667
2714 12281.0
2715 7794173.285714285
2716 7594715.75
2717 1.395717575E7
2718 2.2406986E7
2719 1.793348175E7
2720 1.0775052666666666E7
2721 7948595.25
2722 5723.666666666667
2723 1.4026161666666666E7
2724 5834574.5
2725 155448.85714285713
2726 0
2727 1882088.6
2728 7350444.0
2729 1586321.4
2730 9080601.2
2731 772826.0
2732 1.02957564E7
2733 8202416.7
2734 5187.5
2735 2.55339298E7
2736 1.5613515666666666E7
2737 2668090.4285714286
2738 1978.0
2739 295554.0
2740 1.457961425E7
2741 5825656.714285715
2742 5725657.25
2743 1.8487732E7
2744 1.584723E7
2745 615852.75
2746 6988249.5
2747 6797119.4
2748 3549600.6
2749 1.9648608E7
2750 4832.0
2751 4177.5
2752 3211477.6
2753 3.12952518E7
2754 1.03255464E7
2755 4274715.5
2756 1.8765132E7
2757 8569.8
2758 2.01993484E7
2759 3313688.8
2760 2533375.5
2761 3.091562714285714E7
2762 1.0761736727272727E7
2763 3.1763800111111112E7
2764 7101654.2
2765 2.026687825E7
2766 1.6597798285714285E7
2767 1.537457525E7
2768 6943249.166666667
2769 6240534.857142857
2770 7331.0
2771 1.2542389333333334E7
2772 1806.8333333333333
2773 2183057.8333333335
2774 1.2419675333333334E7
2775 1.8110876833333332E7
2776 7213.333333333333
2777 1470184.3333333333
2778 3288160.5
2779 4532298.0
2780 141178.75
2781 8364375.571428572
2782 2.2651195E7
2783 1.36185182E7
2784 8876383.857142856
2785 1.2584535666666666E7
2786 4.873269625E7
2787 4942.8
2788 4252123.5
2789 1.110526775E7
2790 4085375.5714285714
2791 3744929.2
2792 4177439.5
2793 1.2638043625E7
2794 1.7915563E7
2795 9359562.666666666
2796 4811785.666666667
2797 4035.0
2798 1.48799026E7
2799 1.9018942545454547E7
2800 1.3159374333333334E7
2801 2565444.285714286
2802 3.46380635E7
2803 1.0328713333333334E7
2804 5464324.25
2805 1472525.25
2806 583096.5
2807 3299.0
2808 1.874945E7
2809 6921257.5
2810 3378.4
2811 4399145.75
2812 1423272.6666666667
2813 2.74756905E7
2814 9262778.333333334
2815 7539.25
2816 1.66341666E7
2817 1521354.4166666667
2818 7706570.333333333
2819 6360.0
2820 7232423.0
2821 10295.0
2822 9256568.444444444
2823 8511147.0
2824 3374531.4
2825 875003.5555555555
2826 2766.5
2827 7.06047465E7
2828 9793473.5
2829 2.4094362E7
2830 1241.3333333333333
2831 1.369144057142857E7
2832 1.959512375E7
2833 857081.75
2834 8729653.285714285
2835 4695415.0
2836 3.029024557142857E7
2837 2.505930157142857E7
2838 2.093345785714286E7
2839 6784126.75
2840 9243908.0
2841 5608707.0
2842 92690.5
2843 1.02908764E7
2844 1910567.25
2845 2553704.3333333335
2846 886905.5
2847 2.6753011333333332E7
2848 1.5248238666666666E7
2849 1830959.625
2850 2808670.0
2851 1688019.4
2852 1.9940767076923076E7
2853 5.3885358428571425E7
2854 1537.0
2855 2.0904106222222224E7
2856 3853.0
2857 9190274.75
2858 1.3370624E7
2859 4205182.5
2860 8859764.142857144
2861 1.62097998E7
2862 1.0854757E7
2863 2.8346574E7
2864 7368769.125
2865 1.0918795333333334E7
2866 2648681.5
2867 8907587.5
2868 4.227003825E7
2869 4.26983492E7
2870 1.4883698714285715E7
2871 2.9795066E7
2872 1.0542933833333334E7
2873 1.4103474888888888E7
2874 7387.0
2875 1.38035856E7
2876 4.1463288E7
2877 6164272.714285715
2878 2.385500457142857E7
2879 3727368.4285714286
2880 2.4981189666666668E7
2881 2.28279764E7
2882 6413288.2
2883 10270.0
2884 3.13619636E7
2885 1.63534475E7
2886 2.201290675E7
2887 2.8976213583333332E7
2888 1.766092757142857E7
2889 2.70469612E7
2890 1.2408864E7
2891 2326091.8
2892 3282008.0
2893 3277908.8
2894 1019575.8
2895 1.3200286833333334E7
2896 2.959188014285714E7
2897 1.82255872E7
2898 1.8426213E7
2899 3.0838355E7
2900 4233223.4
2901 4883.142857142857
2902 5276620.666666667
2903 3128590.125
2904 6849131.25
2905 3604929.1428571427
2906 2.96752688E7
2907 1.6239163E7
2908 6576005.857142857
2909 1.4275870444444444E7
2910 2324.5
2911 2.6702483666666668E7
2912 9768065.875
2913 7.03123302E7
2914 5195.0
2915 1.62703514E7
2916 1.7287650666666668E7
2917 4443946.0
2918 1.28245855E7
2919 7.068820166666667E7
2920 2.6685531166666668E7
2921 1.8755118E7
2922 1837815.25
2923 1.76230586E7
2924 2.753027257142857E7
2925 5996135.571428572
2926 8373.666666666666
2927 526742.6666666666
2928 2.12903885E7
2929 9205100.7
2930 2.352151625E7
2931 8260.75
2932 1.2836542666666666E7
2933 1820745.2
2934 5639.0
2935 4257629.333333333
2936 9376534.166666666
2937 2999.6666666666665
2938 1.83989452E7
2939 6.1044469E7
2940 7183582.8
2941 9091861.333333334
2942 1.0363505375E7
2943 3.5757854125E7
2944 1.723861185714286E7
2945 904426.1666666666
2946 8239021.714285715
2947 2.52354785E7
2948 5.2741567E7
2949 2.4615567E7
2950 1.6503461E7
2951 9422733.5
2952 2.08514296E7
2953 1282146.6666666667
2954 9932098.888888888
2955 1.9089519666666668E7
2956 3327823.75
2957 9650230.0
2958 6007839.0
2959 4456084.0
2960 2196034.5
2961 1.2030321142857144E7
2962 7614463.6
2963 1.752516575E7
2964 4064.0
2965 816292.0
2966 1.38849462E7
2967 5490.5
2968 2.19501134E7
2969 543534.6666666666
2970 2.556642E7
2971 4074900.5
2972 5315213.444444444
2973 3.09655756E7
2974 2.7940320125E7
2975 7165661.0
2976 4.80857302E7
2977 9018763.2
2978 1.988280614285714E7
2979 3.60160185E7
2980 1.929106625E7
2981 1.023636025E7
2982 3.6494355625E7
2983 1726287.3333333333
2984 1361975.5
2985 5769058.25
2986 9381498.6
2987 2527212.0
2988 8735663.5
2989 9285338.166666666
2990 1.3751234E7
2991 3387479.4285714286
2992 6679373.333333333
2993 1.9374546E7
2994 9714918.0
2995 1.1528424E7
2996 1.6439183555555556E7
2997 731902.0
2998 5813.0
2999 2929828.3333333335
3000 1.69670708E7
3001 8953058.333333334
3002 5257606.0
3003 1.1236904E7
3004 1.958445885714286E7
3005 849183.25
3006 8211200.8
3007 2731106.2
3008 2.054323E7
3009 2.961010325E7
3010 5847585.75
3011 1645461.4
3012 5947471.666666667
3013 3916186.0
3014 445848.0
3015 3820494.1666666665
3016 1.0150155E7
3017 3.0748253285714287E7
3018 1463.6666666666667
3019 2.24790835E7
3020 5270127.857142857
3021 5598753.333333333
3022 3265606.6
3023 8331.0
3024 1.925212775E7
3025 5.213789125E7
3026 1.7614266888888888E7
3027 1.3381556E7
3028 6.751069527272727E7
3029 2822167.1428571427
3030 2790.0
3031 80104.75
3032 6873061.8
3033 2.3805445818181816E7
3034 4860257.333333333
3035 2.93634845E7
3036 3021137.1666666665
3037 8994076.2
3038 5.150096271428572E7
3039 1.037640575E7
3040 3734867.75
3041 3.05141925E7
3042 1710934.2857142857
3043 7559607.9
3044 3.4624137E7
3045 9226.5
3046 3.77432384E7
3047 4472111.875
3048 6566712.375
3049 3.8407202666666664E7
3050 2.0720117333333332E7
3051 2.7295528714285713E7
3052 2309.5
3053 4.3172459E7
3054 8804752.5
3055 3.18603634E7
3056 5343.0
3057 2.2090312E7
3058 6668.0
3059 3.19872235E7
3060 2209939.4285714286
3061 5200134.0
3062 2.52517415E7
3063 1.7939387285714287E7
3064 3734068.25
3065 1.1777059714285715E7
3066 3529988.5
3067 1106915.0
3068 1.3970415E7
3069 1.5205797666666666E7
3070 4984.6
3071 582808.0
3072 4.6316505333333336E7
3073 5405.0
3074 3.11814895E7
3075 3.86610255E7
3076 3482.0
3077 6641569.5
3078 1.10420174E7
3079 2527549.6
3080 1294692.0
3081 3.335813575E7
3082 9182.0
3083 2.6378788285714287E7
3084 3323103.0
3085 1.314083757142857E7
3086 1.3036542222222222E7
3087 5807215.8
3088 9914475.0
3089 1.35873725E7
3090 1321605.2857142857
3091 7769301.666666667
3092 4.3995726833333336E7
3093 2.207343775E7
3094 1.1835131666666666E7
3095 1.1208478E7
3096 1.65328118E7
3097 2.0142997E7
3098 9295225.2
3099 2.2123537E7
3100 309195.5714285714
3101 6161934.75
3102 2.00857215E7
3103 8329.0
3104 1935456.5
3105 5674740.166666667
3106 3.941826825E7
3107 1.28600986E7
3108 7.7339255E7
3109 1248199.125
3110 3801201.714285714
3111 2.3189350714285713E7
3112 4.103684075E7
3113 3.33027916E7
3114 1.68123955E7
3115 2102.5
3116 4.416601725E7
3117 3056780.5
3118 2704235.1666666665
3119 1.84367135E7
3120 1.9894793833333332E7
3121 4145798.5
3122 3585802.0
3123 2.347364875E7
3124 2.67872218E7
3125 3.0230663333333332E7
3126 3.7084914666666664E7
3127 1.77846016E7
3128 5.2580833333333336E7
3129 5261456.8
3130 8561214.25
3131 2766.3333333333335
3132 2.99659516E7
3133 4013.5
3134 2.3780034666666668E7
3135 2.4261906666666668E7
3136 5537.5
3137 2.715748425E7
3138 2715819.0
3139 8.6480267E7
3140 1.03735144E8
3141 2.4228782333333332E7
3142 5704.0
3143 2746325.5
3144 4.01314E7
3145 2.0135257333333332E7
3146 2.9458692E7
3147 7373.666666666667
3148 2562288.2
3149 6698161.0
3150 413359.4
3151 3539004.875
3152 5356126.333333333
3153 1.31113385E7
3154 2.17799095E7
3155 6359688.666666667
3156 5662026.428571428
3157 1.975200425E7
3158 5253.0
3159 1610.0
3160 1.88881074E7
3161 8421882.5
3162 2.6621709E7
3163 8675054.8
3164 2.9289204E7
3165 2.9505068333333332E7
3166 2.112123042857143E7
3167 969030.0
3168 4384491.333333333
3169 1.1020442E7
3170 1.6915933E7
3171 1.109672175E7
3172 9141575.25
3173 2.580449E7
3174 6954.0
3175 2.03973555E7
3176 2781378.6666666665
3177 1.9389392E7
3178 3.72252505E7
3179 3.88579286E7
3180 5358.0
3181 3530163.0
3182 8642570.333333334
3183 4.1158601E7
3184 1.0585948714285715E7
3185 1.83706826E7
3186 7187295.875
3187 10552.5
3188 2.6179774333333332E7
3189 4679.333333333333
3190 2.93856745E7
3191 5926280.25
3192 2.7174623166666668E7
3193 3633.0
3194 2.3412300333333332E7
3195 2.4029470916666668E7
3196 5724806.571428572
3197 2986383.4
3198 9.716221275E7
3199 3.3855913428571425E7
3200 8826899.5
3201 6.5569794E7
3202 2.01191935E7
3203 7969.5
3204 9700481.5
3205 3177533.9166666665
3206 1177813.0
3207 2136245.3333333335
3208 0
3209 5750.666666666667
3210 8924384.5
3211 1.2793664333333334E7
3212 1.6771249625E7
3213 1.6758012857142856E7
3214 6142929.8
3215 8824.75
3216 2.5224766333333332E7
3217 3017851.1666666665
3218 2.8037885E7
3219 1.474170425E7
3220 3.94496397E7
3221 4.8049983333333336E7
3222 4320036.25
3223 1.0737771775E8
3224 1.2299611714285715E7
3225 2.9412910625E7
3226 4.36433975E7
3227 3.32514705E7
3228 1.2052727125E7
3229 2641.6666666666665
3230 6.35841846E7
3231 0
3232 3825.0
3233 9780593.5
3234 6.47774578E7
3235 331832.44444444444
3236 2661910.3333333335
3237 3.46233408E7
3238 4310.25
3239 1.5533259166666666E7
3240 4747460.25
3241 1022851.5
3242 2.88009822E7
3243 1.4017802555555556E7
3244 4543155.0
3245 4.9185732E7
3246 1.12959788E7
3247 5.14340655E7
3248 1883.5
3249 1.002834155E8
3250 4143715.5
3251 1.4252004666666666E7
3252 9713488.6
3253 2.227028525E7
3254 1.46143434E7
3255 3.3895776E7
3256 1.0725120666666666E7
3257 6.479740725E7
3258 1.1733838E7
3259 3.3524805666666668E7
3260 32397.0
3261 6542509.714285715
3262 3666575.0
3263 2.8077427333333332E7
3264 2.09442028E7
3265 1732576.75
3266 9765778.666666666
3267 2.81767594E7
3268 4.5670884333333336E7
3269 6393558.6
3270 1.57605182E7
3271 6.727977671428572E7
3272 3539145.6
3273 3.313469757142857E7
3274 8.105310733333333E7
3275 2323443.3333333335
3276 7267925.777777778
3277 3.21250212E7
3278 6957528.5
3279 1.114234357142857E7
3280 5598234.0
3281 1.2160639714285715E7
3282 1.7496430875E7
3283 2.716340325E7
3284 4.01358975E7
3285 1419.0
3286 4359115.142857143
3287 8310.0
3288 2.6031884285714287E7
3289 1.6789635E7
3290 7789990.125
3291 6304.0
3292 2.5886924E7
3293 5576128.2
3294 3.1813921222222224E7
3295 5.7860570666666664E7
3296 5.8919674333333336E7
3297 6653567.0
3298 2.867469725E7
3299 2.1249991E7
3300 8901661.285714285
3301 1.0577960333333334E7
3302 6928817.0
3303 6686.8
3304 3006144.1428571427
3305 1.400672775E7
3306 4.8760226666666664E7
3307 4.0661544E7
3308 4.50676682E7
3309 1.331603025E7
3310 1.4068762714285715E7
3311 9245.666666666666
3312 5.5765969E7
3313 8275136.8
3314 13449.5
3315 5.134435525E7
3316 1.93503645E7
3317 9.077215516666667E7
3318 1.1937127E7
3319 6728.5
3320 2.2947396E7
3321 1.47476275E7
3322 1713.6666666666667
3323 7.0242004E7
3324 3.24133208E7
3325 2.016331757142857E7
3326 4.4373120125E7
3327 9.3575295E7
3328 9808.0
3329 2.34462928E7
3330 8118608.5
3331 3.4488277625E7
3332 1.236545625E7
3333 2668105.75
3334 2.0671099E7
3335 1.590195757142857E7
3336 1473.0
3337 1.79166036E7
3338 2621205.6666666665
3339 7861.166666666667
3340 1.69561592E7
3341 1.266248575E7
3342 7946350.4
3343 898232.6
3344 1.4932353666666666E7
3345 3.5456980571428575E7
3346 2.53902494E7
3347 2.4563016666666668E7
3348 3373826.4
3349 2.01762134E7
3350 2146622.625
3351 7.3022823E7
3352 3.4090648E7
3353 1.1873309666666666E7
3354 7.84349728E7
3355 1.8600123833333332E7
3356 3.1598163E7
3357 3.08636366E7
3358 1.9536325666666668E7
3359 3.3662949333333336E7
3360 0
3361 5139741.0
3362 2.433576690909091E7
3363 2.02742975E7
3364 4778610.833333333
3365 1.23650426E7
3366 5992182.571428572
3367 5.6791366333333336E7
3368 3657411.4
3369 1.05369918E7
3370 5753908.25
3371 4017467.25
3372 5.4539262E7
3373 5.0045435333333336E7
3374 4463971.428571428
3375 6.6888333E7
3376 2.597621E7
3377 3.9220268E7
3378 2640547.4
3379 4202.0
3380 1.3274199875E7
3381 5556.5
3382 718807.5
3383 2.243254E7
3384 7.239745325E7
3385 4541751.5
3386 7336.666666666667
3387 3.4149560428571425E7
3388 2.30759295E7
3389 2.6777525E7
3390 1.9770635125E7
3391 5.5203379E7
3392 1.6731409E7
3393 5308.0
3394 3.51788142E7
3395 3815.2
3396 5888759.125
3397 1.6850772E7
3398 2.3122781E7
3399 555754.0
3400 1.2589642E7
3401 3.461065075E7
3402 2.30782446E7
3403 1.4522029666666666E7
3404 3897.6666666666665
3405 1.3967943E7
3406 1.2034297E7
3407 4911.2
3408 7.769400466666667E7
3409 4708422.0
3410 5365832.5
3411 5023542.5
3412 9610521.4
3413 2.488163375E7
3414 4136305.5555555555
3415 6.12464492E7
3416 1.2327134625E7
3417 3.105424925E7
3418 1.413776775E7
3419 1.906926E7
3420 5448.571428571428
3421 1.18443755E7
3422 3.26260372E7
3423 2.7280908666666668E7
3424 2.51236874E7
3425 7250218.0
3426 1492.75
3427 3.4417293E7
3428 6357750.0
3429 2241036.4
3430 2.15445785E7
3431 810686.8
3432 9183.25
3433 4.410365E7
3434 4.10413478E7
3435 3.5244474428571425E7
3436 5417307.0
3437 3.3348241333333332E7
3438 3.016829925E7
3439 1.0532202333333334E7
3440 2.0419849666666668E7
3441 1.87897565E7
3442 5682353.636363637
3443 2.0242836E7
3444 3.54127662E7
3445 5.94004405E7
3446 4.08015175E7
3447 1486634.0
3448 4.8417956E7
3449 7.1579382E7
3450 8614214.5
3451 2.2439058E7
3452 2.3685509666666668E7
3453 4.988355975E7
3454 1.8976908166666668E7
3455 3743676.6
3456 1.3496705E7
3457 5356285.0
3458 6281350.666666667
3459 2.2342734333333332E7
3460 1.892413585714286E7
3461 1.3988515E7
3462 0
3463 9603900.444444444
3464 2.193169525E7
3465 2.1122229714285713E7
3466 1.7683651333333332E7
3467 2.4773529625E7
3468 1.761351275E7
3469 3.6059670833333336E7
3470 3.2423813666666668E7
3471 1.805645714285714E7
3472 4541.333333333333
3473 1.9806455333333332E7
3474 2.9266105333333332E7
3475 2.7041408833333332E7
3476 754935.2
3477 1.0669613833333334E7
3478 75226.75
3479 8.317837966666667E7
3480 1.91610615E7
3481 1.43135455E7
3482 2.702812275E7
3483 0
3484 8858262.0
3485 2.6334619333333332E7
3486 4.3148146625E7
3487 5.014475225E7
3488 10173.0
3489 4.739894644444445E7
3490 8388076.0
3491 1.6586406E7
3492 8899355.875
3493 1.7033568E7
3494 4485850.5
3495 3.8890089428571425E7
3496 3.25147214E7
3497 2199.3333333333335
3498 3105.3333333333335
3499 1.28427914E8
3500 4933597.5
3501 3.1389337166666668E7
3502 2.473738975E7
3503 8084764.285714285
3504 8.3206046E7
3505 4809804.555555556
3506 1.010232738E8
3507 2.9942025125E7
3508 8039428.5
3509 1099777.5555555555
3510 2386.0
3511 2.199722175E7
3512 9497531.5
3513 3.0838775166666668E7
3514 1.534823425E7
3515 2.102011242857143E7
3516 7573440.5
3517 5.4712104E7
3518 3.2062006285714287E7
3519 4.2725107333333336E7
3520 1.13639262E7
3521 3392.6666666666665
3522 1.5258485666666666E7
3523 1.32351715E7
3524 1.3161358666666666E7
3525 3272.3333333333335
3526 2.05500995E7
3527 5.0936578E7
3528 4383.8
3529 1.7099235E7
3530 3240.0
3531 4.5434368E7
3532 2.337701925E7
3533 6.1651399E7
3534 8805930.25
3535 2.17259584E7
3536 9.074474475E7
3537 1.0974516333333334E7
3538 5.8942334571428575E7
3539 5341886.0
3540 1.108562442E8
3541 4.40558742E7
3542 2.6577618333333332E7
3543 6000278.0
3544 4.2781211375E7
3545 4.30063365E7
3546 1327548.6666666667
3547 5.02139655E7
3548 1.95527665E7
3549 121921.0
3550 0
3551 4538459.0
3552 3058291.8571428573
3553 2.01112575E7
3554 1715829.0
3555 1.5909838E7
3556 1.1506776E7
3557 2.8009412E7
3558 5.3211159E7
3559 1796885.4
3560 1.5708683666666666E7
3561 2.761684425E7
3562 2.411079825E7
3563 1.5330459666666666E7
3564 3.1183761E7
3565 6918.5
3566 1571.0
3567 6.17604526E7
3568 8.987601216666667E7
3569 617604.5
3570 1.4076398857142856E7
3571 2.13010285E7
3572 5308472.6
3573 6014.666666666667
3574 1.600280125E7
3575 1.096798915E8
3576 2.8703593E7
3577 1.91956234E7
3578 1014323.5
3579 1.9460378E7
3580 3.7595635E7
3581 2.1799167625E7
3582 1.9750985333333332E7
3583 1.77268776E7
3584 5174.25
3585 3.3000369E7
3586 2.34475436E7
3587 4.1267564166666664E7
3588 6780125.0
3589 9.660963233333333E7
3590 2.2855945E7
3591 2502832.0
3592 4.5156457E7
3593 2.1110292833333332E7
3594 2.8040078666666668E7
3595 1.9177013666666668E7
3596 2.0971739E7
3597 2.2002981666666668E7
3598 2.9675627166666668E7
3599 5.8634193E7
3600 4.794521875E7
3601 4.777334425E7
3602 6953770.666666667
3603 3.7810664E7
3604 4039.1428571428573
3605 2.217595514285714E7
3606 2.8998101375E7
3607 1.1992621666666666E7
3608 9134.0
3609 1.6501705E7
3610 5698.0
3611 1.496560142857143E7
3612 3.498452E7
3613 5.9796440875E7
3614 1.2169141666666666E7
3615 4090.0
3616 2.2385564285714287E7
3617 0
3618 3.293415714285714E7
3619 1.1347289E7
3620 1.6159292285714285E7
3621 4.4903812E7
3622 7715753.6
3623 2899770.0
3624 8.373771118181819E7
3625 8399339.8
3626 1605.0
3627 9649.0
3628 2.7422604E7
3629 2.0503883666666668E7
3630 1.56935846E7
3631 3.2430226E7
3632 1.51185688E7
3633 2.7524011555555556E7
3634 1.24431875E7
3635 1.5900245333333334E7
3636 2137766.3333333335
3637 4109.5
3638 1.03235752E8
3639 8.1714363E7
3640 3096.75
3641 5155030.4
3642 2.47898872E7
3643 4.07249295E7
3644 4.571630728571428E7
3645 6.2664744E7
3646 1.1505270857142856E7
3647 9.3172704E7
3648 8.45544456E7
3649 1.85958785E7
3650 1726974.0
3651 3378.3333333333335
3652 1.0111085E7
3653 3.2339867875E7
3654 1.5653541E7
3655 4.0834709E7
3656 8.16672725E7
3657 1.78497185E7
3658 11770.0
3659 7.06310186E7
3660 4.9262046E7
3661 4.9570648666666664E7
3662 1108821.6666666667
3663 3.91775865E7
3664 1666.0
3665 2.5843857E7
3666 3.39088014E7
3667 2.5137294375E7
3668 9574229.2
3669 4175758.75
3670 6.3014023E7
3671 1.23843773E7
3672 9451094.75
3673 2.6011571E7
3674 2086592.0
3675 1.753150485714286E7
3676 2837610.6
3677 2.5679271222222224E7
3678 7.2609668E7
3679 4.156022E7
3680 6087664.666666667
3681 1.4854527E7
3682 9497911.0
3683 2.8124695E7
3684 4.7236427833333336E7
3685 5893.0
3686 7612768.0
3687 4295390.714285715
3688 3.46109836E7
3689 6066818.0
3690 1.6624096E7
3691 2806875.0
3692 2.830436175E7
3693 9784450.6
3694 5.01913416E7
3695 4.8434718666666664E7
3696 2.1798924E7
3697 9718.0
3698 2838970.5714285714
3699 385574.0
3700 7145028.6
3701 5.3287799571428575E7
3702 4018.75
3703 2.87902415E7
3704 1.41374925E7
3705 5.5719945E7
3706 7240897.75
3707 6990.333333333333
3708 5.4227127333333336E7
3709 2.10732652E7
3710 6336.4
3711 7846871.0
3712 1.073414E7
3713 3.8859534666666664E7
3714 1.4970147888888888E7
3715 4.2887931E7
3716 1.03456572E7
3717 8.993697575E7
3718 5.5934199125E7
3719 3.31003636E7
3720 4368590.8
3721 1.7852918E7
3722 2.4202822E7
3723 5.8354828E7
3724 1.09575875E7
3725 9037042.0
3726 4728.333333333333
3727 4.2120787625E7
3728 1.7245437066666666E8
3729 1.2263673725E8
3730 5.465848875E7
3731 3.6144057E7
3732 5.479184725E7
3733 9119895.222222222
3734 2.395285814285714E7
3735 2.60679034E7
3736 2.953358057142857E7
3737 1.6073632E7
3738 4.0675558E7
3739 8611156.333333334
3740 2.459183642857143E7
3741 8.9389662E7
3742 2.6571537125E7
3743 2.476917842857143E7
3744 1.01319307E8
3745 3.69797906E7
3746 7091493.333333333
3747 1782015.4
3748 1.77288944E7
3749 4727697.0
3750 3.0262911625E7
3751 5.68564395E7
3752 3.2315126833333332E7
3753 1430.0
3754 1.5528871E7
3755 2.0056043333333332E7
3756 2.85599055E7
3757 2.3045460333333332E7
3758 3.6861906E7
3759 8.661509E7
3760 8.170462333333333E7
3761 1.707908785714286E7
3762 4579.0
3763 2.545034E7
3764 9.47736026E7
3765 5.143631085714286E7
3766 8185537.8
3767 3.275993885714286E7
3768 3637235.4
3769 1523.0
3770 5160352.666666667
3771 10796.0
3772 2.52613585E7
3773 5.1531584E7
3774 2.711667E7
3775 2.1581556666666668E7
3776 1.33102948E7
3777 4788054.25
3778 2.123239075E7
3779 531851.75
3780 2.6680184333333332E7
3781 1.099707E7
3782 1.9917767E7
3783 4.6874764E7
3784 4.4531889E7
3785 3.4443357E7
3786 2303605.2
3787 2.06075755E7
3788 9064002.333333334
3789 1.5338930875E7
3790 4.0061984E7
3791 5.2672578E7
3792 4355342.0
3793 7860.5
3794 4074044.6666666665
3795 3.06865845E7
3796 4.8414874333333336E7
3797 2313550.714285714
3798 2.4128112E7
3799 7.496396866666667E7
3800 1.5118905E7
3801 4163426.3333333335
3802 2.1646638875E7
3803 5.0891751333333336E7
3804 2.47459605E7
3805 1.72000445E7
3806 3.58166995E7
3807 1.45883974E7
3808 1.87662206E7
3809 9.1558055E7
3810 1.230218352E8
3811 2.551324257142857E7
3812 3.1278941625E7
3813 8518755.6
3814 3.604307625E7
3815 3.1455905833333332E7
3816 5.66326795E7
3817 1411.0
3818 5519037.142857143
3819 3.42029312E7
3820 1.0608190333333334E7
3821 6.16699626E7
3822 4514.666666666667
3823 1.1327414833333334E7
3824 1.3378137333333334E7
3825 4.575654571428572E7
3826 6.60632445E7
3827 2.43397106E7
3828 3857.5
3829 2.369303875E7
3830 1.735914435E8
3831 2896205.1666666665
3832 4.72075335E7
3833 5768228.0
3834 3.0265874E7
3835 4.9475136E7
3836 1.51418274E7
3837 1.67357584E7
3838 3.477282244444445E7
3839 4.19684468E7
3840 2.32202104E7
3841 6267367.307692308
3842 2.1024529714285713E7
3843 5.7792702E7
3844 1.54244604E7
3845 6.85021645E7
3846 1.94848586E7
3847 1932698.0
3848 1.3278665666666666E7
3849 1.085145346E8
3850 5.2738538125E7
3851 4.678188288888889E7
3852 80556.0
3853 598130.8
3854 1.94231365E7
3855 1.6110829875E7
3856 7357.333333333333
3857 3.937812171428572E7
3858 2.73720162E7
3859 2.64390008E7
3860 3.697972755555555E7
3861 5104.0
3862 932679.4
3863 3.421083675E7
3864 1.4931485166666666E7
3865 5.7569289571428575E7
3866 2291323.5
3867 5.128205775E7
3868 3.2181778333333332E7
3869 8.74616095E7
3870 1761586.5
3871 2.38826982E7
3872 4.0764516428571425E7
3873 4.09034738E7
3874 1.16357903E7
3875 2.0495449333333332E7
3876 1.91515455E7
3877 7.972104233333333E7
3878 8.75319324E7
3879 8.634719825E7
3880 4106.666666666667
3881 2.984597475E7
3882 9549326.875
3883 9416001.5
3884 3.19756574E7
3885 252732.0
3886 5.99172855E7
3887 5362.5
3888 2.4887082833333332E7
3889 1.4014577142857144E7
3890 6380.333333333333
3891 2.407735290909091E7
3892 6.72083074E7
3893 1.4627178E7
3894 9007490.666666666
3895 6.62620915E7
3896 6267488.666666667
3897 1.3390526E7
3898 2176353.0
3899 1808338.3333333333
3900 5442937.5
3901 7429635.5
3902 2.74248365E7
3903 3.6757906E7
3904 700429.2857142857
3905 2.84341526E7
3906 6.79206E7
3907 4.89627645E7
3908 1.3238369142857144E7
3909 2.35823044E7
3910 9366.25
3911 2.469436285714286E7
3912 3.23338745E7
3913 6.27221695E7
3914 1.121509205E8
3915 8157.0
3916 73233.375
3917 4076.0
3918 2.4390160888888888E7
3919 1.9086393666666668E7
3920 6.10312306E7
3921 1.7061936666666668E7
3922 2.93134072E7
3923 2.4656606666666668E7
3924 4.692031025E7
3925 4.01596324E7
3926 3.482016525E7
3927 6574.0
3928 2.25128756E7
3929 1.91906463E8
3930 12949.0
3931 5.0739197333333336E7
3932 3.4177228E7
3933 3.7537315333333336E7
3934 1.7493451E7
3935 1.88432897E7
3936 2.2387015666666668E7
3937 9993887.75
3938 0
3939 1.4699928E7
3940 2.98042313E7
3941 6.5245683666666664E7
3942 3.04080275E7
3943 7433666.833333333
3944 3.77029565E7
3945 2.2769057E7
3946 6.4823726666666664E7
3947 4.22426524E7
3948 1.3454182666666666E7
3949 3.8313778E7
3950 4.47787696E7
3951 4.23594695E7
3952 2.80141548E7
3953 4687575.5
3954 9857308.0
3955 5657.666666666667
3956 7737525.428571428
3957 1.1425250125E7
3958 1.26669684E7
3959 1875.0
3960 1.7527002E7
3961 1.158746E7
3962 7.556245425E7
3963 1.0462573833333334E7
3964 2791.0
3965 4.86849764E7
3966 6.98061892E7
3967 1.862434135E8
3968 1.54185245E7
3969 8703727.333333334
3970 1.749579E7
3971 3.7120233666666664E7
3972 1.4055302333333334E7
3973 4500732.0
3974 1.375558535E8
3975 9227739.25
3976 9336.25
3977 1.5198398333333334E7
3978 9466727.4
3979 1.5898902666666666E7
3980 7.428527466666667E7
3981 6.36413365E7
3982 7210.5
3983 1.0089436666666666E7
3984 1.0004122E7
3985 8717175.6
3986 4.2391885E7
3987 2.4444599666666668E7
3988 7772.0
3989 1.983484557142857E7
3990 1.720135E7
3991 2.587626814285714E7
3992 3.6538806E7
3993 2.0731053666666668E7
3994 2.812183125E7
3995 5090593.888888889
3996 8271698.0
3997 7.849575785714285E7
3998 1.61254055E7
3999 7433.0
4000 3.5352591E7
4001 4723880.833333333
4002 1.883841475E7
4003 2.23646778E7
4004 1.9278259666666668E7
4005 9870237.6
4006 3.890709675E7
4007 1.7122072333333332E7
4008 4.9741561E7
4009 349429.2
4010 519977.2
4011 1.18407532E8
4012 2.360058814285714E7
4013 3.561873125E7
4014 13947.0
4015 6286154.0
4016 4648.5
4017 444636.75
4018 1.5850725625E7
4019 2279.5
4020 1.640190842857143E7
4021 6.964170466666667E7
4022 1.8119496E7
4023 1.29401932E7
4024 1.215915675E7
4025 2.791243085714286E7
4026 4.4323937E7
4027 5.3204419375E7
4028 7297195.571428572
4029 7.83058865E7
4030 2.7164449714285713E7
4031 1960534.6
4032 4078.0
4033 8584.0
4034 5.23670172E7
4035 1698.0
4036 3728277.125
4037 1768.6666666666667
4038 8.62205056E7
4039 1.9132581E7
4040 6.4599368428571425E7
4041 3444.3333333333335
4042 6.1364095222222224E7
4043 4.21212835E7
4044 5.26923126E7
4045 4713397.25
4046 9.960562275E7
4047 4.1901756E7
4048 3953087.2
4049 3.008720575E7
4050 702885.0
4051 3.305233975E7
4052 7961386.0
4053 980793.4
4054 9516108.5
4055 3.22882396E7
4056 1.32381238E7
4057 2.6087728E7
4058 2.8059783181818184E7
4059 3452631.0
4060 1.840628578E8
4061 5.8167603125E7
4062 4.166718228571428E7
4063 5.3718543666666664E7
4064 7.062300025E7
4065 8.963518442857143E7
4066 1.4756947333333334E7
4067 5.159871375E7
4068 5215.666666666667
4069 4060.0
4070 1.872655814285714E7
4071 2.6370491333333332E7
4072 3.8464610333333336E7
4073 6851117.666666667
4074 2.4836978E7
4075 5.99867664E7
4076 6.0592468E7
4077 1.98903448E7
4078 1.38313347E7
4079 4324.666666666667
4080 9884164.5
4081 1.9644040333333332E7
4082 0
4083 6.69851815E7
4084 4.0401830333333336E7
4085 6597036.285714285
4086 6.015931425E7
4087 4.9501943E7
4088 1.09148111E8
4089 3.2763659166666668E7
4090 3.4070377375E7
4091 1.41241515E8
4092 4.9278615125E7
4093 3.9208886428571425E7
4094 2.5986753666666668E7
4095 9805.0
4096 5048.0
4097 1.878564E7
4098 1.9815377714285713E7
4099 3564917.0
4100 1.9561467444444444E7
4101 1.27656785E8
4102 2337.0
4103 9.541654025E7
4104 7.585655633333333E7
4105 1.1651374666666666E7
4106 7538.0
4107 9486228.5
4108 2.22049895E7
4109 1.3931703714285715E7
4110 5.67397055E7
4111 1.92256738E7
4112 3.6087877833333336E7
4113 1.8226602285714287E7
4114 1.942698545E8
4115 0
4116 5208379.222222222
4117 1.921607185714286E7
4118 3.39784296E7
4119 5988.333333333333
4120 6328022.75
4121 4.461823414285714E7
4122 7433114.2
4123 3.124904857142857E7
4124 5.9881963666666664E7
4125 1.8847716E7
4126 6.4730487666666664E7
4127 4.1041195E7
4128 5.2900221E7
4129 2.1150749E7
4130 4.0412501E7
4131 4.0216032833333336E7
4132 6171188.8
4133 3.6609894E7
4134 5.5116880666666664E7
4135 4649961.0
4136 7.926222963636364E7
4137 4.5634374E7
4138 1.2683581666666666E7
4139 6.768922544444445E7
4140 1.9924190625E7
4141 2.2695941111111112E7
4142 2.710118075E7
4143 8194970.6
4144 1.2357941275E8
4145 8.470490675E7
4146 2.5317365181818184E7
4147 2.6347932E7
4148 2.0619422E7
4149 920318.0
4150 9.29219332E7
4151 3.5249998E7
4152 7.41736148888889E7
4153 4.22323256E7
4154 1.2349599533333333E8
4155 1.5529421875E7
4156 3.2890174E7
4157 9.05986875E7
4158 2.1075828777777776E7
4159 7.514707375E7
4160 1031898.3333333334
4161 9.2061606E7
4162 7798424.571428572
4163 3.0287428833333332E7
4164 2.905692E7
4165 1.4496459866666666E8
4166 4.6606419166666664E7
4167 2.8386336E7
4168 1.880317535E8
4169 0
4170 1.8418725714285713E7
4171 1.5298866875E8
4172 3.49850475E7
4173 6.5541208571428575E7
4174 6686.2
4175 1.7251001333333332E7
4176 7.0932062625E7
4177 5.0146594875E7
4178 4524.0
4179 3.47626048E7
4180 3.692439725E7
4181 5.0379638222222224E7
4182 1313087.6666666667
4183 4.11411584E7
4184 1.4110302666666666E7
4185 2.087500075E7
4186 3077250.8
4187 1690.0
4188 2.388539614285714E7
4189 13760.0
4190 1.1157249166666666E7
4191 4.6762237833333336E7
4192 4.3792235333333336E7
4193 410080.71428571426
4194 9.433341375E7
4195 4547816.0
4196 4.2031976166666664E7
4197 2.27338625E7
4198 3.9332118625E7
4199 2.19480218E8
4200 1.9707116E7
4201 2.14256345E7
4202 2.14410325E7
4203 2.428387757142857E7
4204 9312316.0
4205 8.722603466666667E7
4206 2.4677186E7
4207 9.19381235E7
4208 2.5294009833333332E7
4209 3.0098034666666668E7
4210 1.75470463E7
4211 7.06275872E7
4212 2.27324148E7
4213 1.5468149E7
4214 3.8239535666666664E7
4215 1.379134242857143E7
4216 6.791495883333333E7
4217 8530237.0
4218 2.739809542857143E7
4219 4764.8
4220 1.8335625333333332E7
4221 7864027.333333333
4222 4.70671748E7
4223 8.1189641E7
4224 4230319.0
4225 4.7802591666666664E7
4226 3.429187828571428E7
4227 2.44092195E7
4228 5.49076728E7
4229 1.3893653125E8
4230 1.4985857E7
4231 5.3366275166666664E7
4232 2.168798414285714E7
4233 2066068.5
4234 5.1345545333333336E7
4235 1.04563216E7
4236 1.001491225E7
4237 9.59309332E7
4238 1.1489776825E8
4239 8.74777345E7
4240 10134.0
4241 1.631064342857143E7
4242 1.30188146E7
4243 5.021314585714286E7
4244 7.741751966666667E7
4245 1.28461862E8
4246 2.746405E7
4247 2.2596198285714287E7
4248 5.337013125E7
4249 339371.0
4250 3.5459957E7
4251 2.02486275E7
4252 2.173529125E7
4253 4.2198513E7
4254 1.12498544E7
4255 6.960187928571428E7
4256 5388844.5
4257 5.2334714E7
4258 1.9771215125E7
4259 9.165810871428572E7
4260 6.5953072333333336E7
4261 1.084335005E8
4262 8.33475926E7
4263 1.2233637E7
4264 4466820.4
4265 1.97121572E7
4266 11142.0
4267 4.5255984E7
4268 2.623836357142857E7
4269 1.308579857142857E7
4270 4.18044116E7
4271 1.2527812E7
4272 2224063.6666666665
4273 2.076356825E8
4274 1.857704475E7
4275 1.722051414285714E7
4276 7761527.25
4277 6.077544771428572E7
4278 9540325.75
4279 7326000.666666667
4280 1773.5
4281 1325369.8
4282 3.008823E7
4283 2.8521322777777776E7
4284 5.48122042E7
4285 3.4920712333333336E7
4286 6.1739715666666664E7
4287 6097.2
4288 7283.0
4289 1.0103439E7
4290 4.131050785714286E7
4291 1.189571E7
4292 6211.666666666667
4293 4.00521254E7
4294 1.421882425E7
4295 4780898.0
4296 1.54291285E7
4297 4414.333333333333
4298 3.97464778E7
4299 7.594012583333333E7
4300 6032452.2
4301 2498895.8571428573
4302 8.8921444875E7
4303 4323934.0
4304 4422608.0
4305 4247912.666666667
4306 5403.714285714285
4307 1.4663138066666666E8
4308 2.8540652714285713E7
4309 4.2152843E7
4310 9093137.0
4311 9820872.42857143
4312 194925.0
4313 1.2993353833333334E7
4314 2.423804025E7
4315 1.89055465E7
4316 3999764.2
4317 1.957267875E7
4318 7595.6
4319 1.070050035E8
4320 5.6968475E7
4321 3568159.4
4322 8.58546186E7
4323 1.8522978E7
4324 11657.0
4325 1.767798E7
4326 2.4847948E7
4327 1.6466986975E8
4328 8.438460654545455E7
4329 2.2559511833333332E7
4330 1.175297905E8
4331 7.726202075E7
4332 3.0959130125E7
4333 9759594.0
4334 6142458.571428572
4335 1.804649894E8
4336 1915.0
4337 2502800.4285714286
4338 8.359299628571428E7
4339 4484688.5
4340 3.8434967375E7
4341 1944.3333333333333
4342 6.473464744444445E7
4343 6.8261796E7
4344 1437.0
4345 4.45728675E7
4346 397903.4
4347 1.49956085E7
4348 19433.0
4349 1.232445057142857E7
4350 5.328444275E7
4351 7.442232033333333E7
4352 1.8522155E7
4353 4675.0
4354 3541354.4
4355 4263725.0
4356 9681202.25
4357 3.11294645E7
4358 1443.0
4359 1.70964085E7
4360 4301132.6
4361 9.089937075E7
4362 1.4571805111111112E7
4363 4.39082905E7
4364 8.55833052E7
4365 4328.333333333333
4366 6035089.666666667
4367 4.740183E7
4368 1.9431664E7
4369 3.1825143E7
4370 1.8420126E7
4371 5.5155835777777776E7
4372 3051369.4285714286
4373 9.05167762E7
4374 1.451521975E7
4375 5.0509527E7
4376 4.2492839E7
4377 1.47870056E7
4378 5.60960355E7
4379 9295799.0
4380 4.082016314285714E7
4381 6.423486485714286E7
4382 8.7215402E7
4383 8.3027461E7
4384 1.698854025E7
4385 4.5067825125E7
4386 5.998477688888889E7
4387 249655.4
4388 1.01462226E8
4389 8.4402496E7
4390 6458277.0
4391 3.879453E7
4392 5.8843600333333336E7
4393 1.912368412E8
4394 6.9419884E7
4395 1.11988114E8
4396 2325.0
4397 3.4538415E7
4398 1.3043316285714285E7
4399 292193.4
4400 7.550627733333333E7
4401 4.995716325E7
4402 1.7635444333333332E7
4403 7.865843414285715E7
4404 3.825271125E7
4405 9.33986036E7
4406 2.2692906333333332E7
4407 1.857426045E8
4408 2.64174737E7
4409 954888.75
4410 1.43946226E7
4411 5.543415171428572E7
4412 5989.8
4413 1.42110895E7
4414 4.583925075E7
4415 1.66531845E7
4416 2.53623007E8
4417 5.1038443E7
4418 9.0411409E7
4419 1.738626806E8
4420 3.99611086E7
4421 2.5222426625E7
4422 6.7949001E7
4423 9539277.2
4424 3.4338839125E7
4425 7.624994E7
4426 3.32019556E7
4427 1.50424554E8
4428 3.2019918E7
4429 1035967.6
4430 2.4141994E7
4431 1.5948717925E8
4432 8.8460144E7
4433 3.7648187E7
4434 1.02190442E7
4435 1.91559178E7
4436 5.37075992E7
4437 5.6870441428571425E7
4438 6.86027785E7
4439 1.009674335E8
4440 1.3044742033333333E8
4441 1.49424553E8
4442 5977.0
4443 7.639834033333333E7
4444 1.7970677166666668E7
4445 7610.5
4446 2.32173364E7
4447 2.12209184E7
4448 1.1442615566666667E8
4449 1.347901264E8
4450 5322372.333333333
4451 6533.666666666667
4452 2.0111506333333332E7
4453 3.502914125E7
4454 3.140381425E7
4455 1185640.3333333333
4456 7.7458298E7
4457 5.8753624E7
4458 5748356.0
4459 4736.5
4460 2.34635766E7
4461 1.4399282857142856E7
4462 8.5807501125E7
4463 1.1306015483333333E8
4464 3826.6666666666665
4465 9.203709566666667E7
4466 4.8703355333333336E7
4467 5551.0
4468 5.41527042E7
4469 3.2340453E7
4470 2.882593E7
4471 0
4472 2875698.0
4473 1.6168943666666666E7
4474 8.25285636E7
4475 8128.666666666667
4476 7822.0
4477 5.2732247333333336E7
4478 7193252.0
4479 1.46057555E8
4480 3.0237523E7
4481 1.8944286333333332E7
4482 6.0252102666666664E7
4483 3.2669054666666668E7
4484 6652.0
4485 5.376997375E7
4486 1.6402564666666666E7
4487 6.20437468E7
4488 4.2430192E7
4489 1.008348266E8
4490 1.22507172E7
4491 1.3498158E7
4492 2.4193758833333332E7
4493 6.813552725E7
4494 4376.5
4495 6197.5
4496 1.0796057225E8
4497 8.80123545E7
4498 4.9383278E7
4499 4305.2
4500 1.3009251E7
4501 3658666.75
4502 5871.5
4503 6.080652875E7
4504 9.0198592E7
4505 5.0053429375E7
4506 2.712350514285714E7
4507 3272445.5
4508 4.3300699666666664E7
4509 7.3125642E7
4510 3.17445832E7
4511 9.7638263625E7
4512 5.5508983E7
4513 8.4934246E7
4514 1.037117938E8
4515 2.6772628E7
4516 2448619.25
4517 3.5016716571428575E7
4518 8.21886286E7
4519 4.2817860833333336E7
4520 3.3696896E7
4521 1.0390681142857144E7
4522 4.280865925E7
4523 1.1523541366666667E8
4524 2.167224615E8
4525 5.237909671428572E7
4526 1.6333175466666666E8
4527 9.3764495E7
4528 2.07241258E7
4529 4.011488775E7
4530 7.34401598E7
4531 1.859321655E8
4532 2.9880783166666668E7
4533 6.714878266666667E7
4534 9803554.833333334
4535 8.7617429E7
4536 4.984041775E7
4537 7.9529142E7
4538 9132118.25
4539 2.9448714285714287E7
4540 7.26489858E7
4541 2497904.75
4542 9.140409E7
4543 2834144.0
4544 9.87990635E7
4545 2.6179787E7
4546 4733249.0
4547 1.097372865E8
4548 4.76800215E7
4549 1.167923075E7
4550 3.75316202E7
4551 1.0444769833333334E7
4552 4.02657585E7
4553 2037076.0
4554 1.42300428125E8
4555 1.5882619333333334E7
4556 2.4735065666666668E7
4557 1.210214678E8
4558 1.657323085E8
4559 8895573.333333334
4560 1633.0
4561 7.3936126E7
4562 5520.5
4563 3631.6666666666665
4564 1.3132668111111112E7
4565 1.53279089E8
4566 5.6415353E7
4567 5.0051166E7
4568 3.6409646777777776E7
4569 2429947.0
4570 3.8049593E7
4571 6905950.0
4572 3.531828228571428E7
4573 2.42920862E7
4574 4.49125288E7
4575 3470.0
4576 109225.33333333333
4577 4.36220452E7
4578 5.7176507666666664E7
4579 152255.2857142857
4580 1.084739605E8
4581 7477.0
4582 7.734554575E7
4583 7588304.714285715
4584 2.99962015E7
4585 1.83644465E8
4586 4.72336644E7
4587 3551762.8571428573
4588 1.3619602E7
4589 5.80162816E7
4590 8.377901533333333E7
4591 4.3214481666666664E7
4592 2.047444765E8
4593 1.711092225E7
4594 3.99144906E7
4595 2.026569E7
4596 1.314244875E7
4597 4.61295102E7
4598 7085630.75
4599 2.2690297333333332E7
4600 9311576.0
4601 5603.5
4602 7.68542405E7
4603 1.4632328433333334E8
4604 1.9371482275E8
4605 1.230485057142857E7
4606 7.160694116666667E7
4607 1.01503944E7
4608 8.1443253E7
4609 1.5473779E8
4610 208557.66666666666
4611 4.1661717375E7
4612 10440.666666666666
4613 7.71577174E7
4614 7451.333333333333
4615 9737265.714285715
4616 1.7278708825E8
4617 2.0209937E7
4618 6424050.0
4619 8532.0
4620 1.47639871E8
4621 3.81119715E7
4622 1.55165105875E8
4623 4118.333333333333
4624 1.2631379333333334E7
4625 4556475.428571428
4626 1.211567442857143E7
4627 3.7150327E7
4628 8.347277E7
4629 4990.5
4630 2.725033614285714E7
4631 5.2847196E7
4632 6.106052285714286E7
4633 8.853351514285715E7
4634 2.982166285714286E7
4635 5.5656825E7
4636 4.5191195E7
4637 3.444498635E8
4638 2.8093499285714287E7
4639 5109335.0
4640 2.5037563111111112E7
4641 3.8095025E7
4642 6.51676254E7
4643 3053244.0
4644 5897290.4
4645 4.43568612E7
4646 2.2350444414285713E8
4647 2.7418749E7
4648 2.564982942857143E7
4649 6368248.333333333
4650 2.78895348E7
4651 3.96383248E7
4652 2639.0
4653 8.937930016666667E7
4654 1.84751807E8
4655 9.611832866666667E7
4656 1.261696425E7
4657 8.03694508E7
4658 2.19882312E8
4659 4.0982223E7
4660 2.6392976166666668E7
4661 3.1453444166666668E7
4662 4.30493695E7
4663 1.39960435E7
4664 2.680455105E8
4665 8.42681232E7
4666 4259.0
4667 1.8928273E7
4668 2.8900693111111112E7
4669 9.3310157E7
4670 1.0980052E8
4671 6750.75
4672 6.2166762666666664E7
4673 2.942101685714286E7
4674 7.13748304E7
4675 2.25162405E7
4676 7.432872444444445E7
4677 2.81138165E7
4678 3.95862052E7
4679 1454243.5
4680 5142.5
4681 8402.25
4682 2.437822142857143E7
4683 3.2835855E7
4684 9599.0
4685 4.465087575E7
4686 3.0846994625E7
4687 2.87147075E7
4688 2172318.8333333335
4689 354847.2
4690 232628.83333333334
4691 7.62288998888889E7
4692 1.283633E7
4693 5.74879235E7
4694 8.798148122222222E7
4695 4.0795236375E7
4696 4.782189275E7
4697 675932.6666666666
4698 4.21062308E7
4699 2.20493105E7
4700 1098941.6666666667
4701 1.8327407375E8
4702 2.87614975E7
4703 2.7651966833333332E7
4704 2.4041146333333332E7
4705 4.14040106E7
4706 1.03213858E7
4707 8045.5
4708 1.099778976E8
4709 4.60305134E7
4710 2.79340946E7
4711 1.00051024125E8
4712 1.246771654E8
4713 3.0465751E7
4714 1.887333225E8
4715 1.367841527142857E8
4716 1.055164342E8
4717 3865314.5
4718 8.85833558E7
4719 5.267266585714286E7
4720 1.006344365E8
4721 1.320315875E8
4722 8365253.8
4723 5.946910225E7
4724 2.3213204166666668E7
4725 1.478493194E8
4726 4293668.2
4727 7.42405428E7
4728 4.534040225E7
4729 1.54147785E7
4730 2.120941657142857E7
4731 1870.5
4732 2324182.0
4733 3.0200023833333332E7
4734 4.91740452E7
4735 4.9839229571428575E7
4736 9.666358457142857E7
4737 1.3293482257142857E8
4738 2.12282652E7
4739 8.0044437625E7
4740 8.7308034E7
4741 7.97119094E7
4742 1.10298001E8
4743 7.01717398E7
4744 1.40552218E8
4745 1.168067275E8
4746 3.5121249E7
4747 1.2920092825E8
4748 1.1100876E7
4749 2.4400862666666668E7
4750 5.07704236E7
4751 3.671653428571428E7
4752 1.410757918E8
4753 5.3007096166666664E7
4754 3.29357795E7
4755 5.58862975E7
4756 6.960607628571428E7
4757 1.61450552E7
4758 3.5964722E7
4759 7.012080783333333E7
4760 3.0391391E7
4761 5.9951019571428575E7
4762 9181050.5
4763 5.9888612E7
4764 7.131487016666667E7
4765 2137.0
4766 3534652.0
4767 1.08594767E8
4768 6.97896115E7
4769 1.7521096666666668E7
4770 1.122314804E8
4771 3.514003975E7
4772 1.0168704857142856E7
4773 4168.0
4774 1.07360312E7
4775 1.236994625E8
4776 5.3549852E7
4777 458509.25
4778 5842.8
4779 5.47334008E7
4780 9.085203525E7
4781 5.0496655571428575E7
4782 1.14146655E8
4783 2.8017114666666668E7
4784 8.535454816666667E7
4785 0
4786 2483165.5
4787 2.58679925E7
4788 1.9119327333333332E7
4789 7.57121522E7
4790 1.226072532E8
4791 1.017766038E8
4792 7675.5
4793 8502.0
4794 2.9571435363636363E7
4795 9403450.6
4796 3.15998392E7
4797 8.37111975E7
4798 4.2664294E7
4799 5.69731045E7
4800 6.5747956E7
4801 1.3465139333333334E7
4802 1.0040141816666667E8
4803 2.8560671E7
4804 1.106330815E8
4805 6.035659475E7
4806 1.466554014E8
4807 6.6625341875E7
4808 2.7032993E7
4809 1.7865817E7
4810 9.423866633333333E7
4811 4.35593272E7
4812 6.6412008E7
4813 3.2069058285714287E7
4814 1.5016090666666666E7
4815 6.795090375E7
4816 1.3386403E7
4817 1.64032522E8
4818 9.089348677777778E7
4819 9584.0
4820 7.408885733333333E7
4821 4779.666666666667
4822 3.441650425E7
4823 2.137782657142857E7
4824 3.8252181666666664E7
4825 4.2107719E7
4826 1.80826095E7
4827 1.974654790909091E7
4828 3.1939340714285713E7
4829 1.78563535E8
4830 5.2090249666666664E7
4831 1.7737006E7
4832 1.22047052E8
4833 8303.333333333334
4834 3.8163656166666664E7
4835 1.6887039E7
4836 4.40577414E7
4837 7.6901917375E7
4838 4.6285545833333336E7
4839 2068.5
4840 6997952.333333333
4841 6.98041896E7
4842 8775.333333333334
4843 1696945.0
4844 1.6376806983333334E8
4845 1.1915533142857143E8
4846 2.10372627E8
4847 4.7064109E7
4848 2.23952722E8
4849 1.1066608E8
4850 7.8230968E7
4851 5.4844951222222224E7
4852 2390035.1666666665
4853 7.767860733333333E7
4854 2.62391972E7
4855 8656.5
4856 2.3573955666666666E8
4857 7527.0
4858 4.78517584E7
4859 9.904084833333333E7
4860 5.0109624E7
4861 1.1731296185714285E8
4862 5343.666666666667
4863 8099708.666666667
4864 5.6664604666666664E7
4865 1.174043251111111E8
4866 1904.0
4867 8.721382933333333E7
4868 4.950066175E7
4869 6.31876722E7
4870 7.3217776E7
4871 1.6818962475E8
4872 6.5190389428571425E7
4873 9.6710224E7
4874 3.276875916666667E8
4875 1.8243498E8
4876 1.2853770666666667E8
4877 1.93468394E7
4878 2.70185126E7
4879 8546249.4
4880 2.47035435E7
4881 6.67513857E7
4882 6.082341375E7
4883 6089.0
4884 5.9011925E7
4885 8045.333333333333
4886 5.20441835E7
4887 4.4260021222222224E7
4888 1.165709662E8
4889 2.0989019E7
4890 2.4967114E7
4891 3671.0
4892 6141.75
4893 5092005.0
4894 6175061.0
4895 2529331.6666666665
4896 8236984.5
4897 1.94893862E7
4898 1.49289595E8
4899 1.4306892666666666E8
4900 4.0366995333333336E7
4901 2.6661471111111112E7
4902 9949884.42857143
4903 3868.5
4904 3.58805748E8
4905 6.0632449E7
4906 3.9738004E7
4907 2.6616931E8
4908 1.676365636E8
4909 3157851.6666666665
4910 5.0323735666666664E7
4911 4.19368186E8
4912 1.95056834E7
4913 2740.5
4914 1.8272383666666668E7
4915 4.0343763833333336E7
4916 2.505517748E8
4917 3.7315447222222224E7
4918 6.5540311E7
4919 1.233370249E8
4920 6.081970875E7
4921 8153381.666666667
4922 9.7008136E7
4923 5643804.666666667
4924 4.4465866625E7
4925 1.3694194966666666E8
4926 2.80816125E7
4927 1.167804385E8
4928 7.36513676E7
4929 1202845.4
4930 1148011.4
4931 1.1655313166666666E7
4932 3.104388625E7
4933 2.2380916666666668E7
4934 6974091.666666667
4935 1.4297935083333334E8
4936 2590643.0
4937 7.0023028125E7
4938 1.24028502E8
4939 5.0363968166666664E7
4940 7.436806875E7
4941 6875.0
4942 5.33290984E7
4943 3.585834255555555E7
4944 2.6724516166666668E7
4945 1.0744322E7
4946 2.4163825475E8
4947 4535.25
4948 3.58721632E7
4949 1.07434412E8
4950 3.8913627E7
4951 1.30292088E8
4952 1.004115005E8
4953 5653.5
4954 6.773743028571428E7
4955 6.02893778E7
4956 7.3803599625E7
4957 9.5261725E7
4958 8.414913033333333E7
4959 5.668729975E7
4960 4.930172671428572E7
4961 6.2992183E7
4962 6.000139475E7
4963 2.3325878E7
4964 1.9139131333333332E7
4965 3.121602644E8
4966 3.1065066625E7
4967 2.8226129E7
4968 5.98249565E7
4969 0
4970 7.81073678E7
4971 8.303927066666667E7
4972 1.9078712E7
4973 7.18740015E7
4974 5.94690255E7
4975 6699.0
4976 2.1859952714285713E7
4977 3.048731265E8
4978 2.385619775E7
4979 1.5512174666666666E7
4980 5.06658303E8
4981 1.252699135E8
4982 1.361386457142857E7
4983 3.6429298428571425E7
4984 8.932482133333333E7
4985 8.726733933333333E7
4986 8.9603718E7
4987 719831.0
4988 3257525.8
4989 3.16456176E7
4990 1.129452498E8
4991 1.407846422222222E8
4992 2693655.3333333335
4993 1.961435E7
4994 1.4216589566666666E8
4995 2.30385645E7
4996 2.8273927E7
4997 5.22938226E7
4998 2.8403595E7
4999 4.88196806E7
