1 7622.833333333333
2 3847.25
3 5882.0
4 8603.57142857143
5 30755.0
6 6214.8
7 9414.333333333334
8 10468.666666666666
9 10011.166666666666
10 9941.42857142857
11 8442.0
12 14586.0
13 12998.25
14 13678.666666666666
15 7217.4
16 11604.6
17 5685.666666666667
18 9835.666666666666
19 16967.75
20 5300.875
21 0
22 6040.0
23 5148.285714285715
24 8748.5
25 6415.833333333333
26 9439.375
27 12210.0
28 10813.0
29 514231.71428571426
30 7069.4
31 13950.0
32 11864.5
33 15695.666666666666
34 16743.0
35 6999.5
36 10821.625
37 10672.0
38 18294.5
39 10767.666666666666
40 20710.5
41 10102.6
42 8652.666666666666
43 12247.5
44 5273.777777777777
45 15249.0
46 6992.25
47 8332.5
48 2252.6666666666665
49 6887.5
50 13496.142857142857
51 15505.0
52 14675.5
53 8762.666666666666
54 7406.5
55 430046.0
56 5230.0
57 7133.375
58 5056.25
59 6942.666666666667
60 11711.4
61 5662.444444444444
62 5923.0
63 11551.625
64 107067.55555555556
65 6042.0
66 8068.0
67 10577.5
68 7458.333333333333
69 8832.666666666666
70 15679.5
71 7938.333333333333
72 8545.8
73 9040.0
74 13606.5
75 10072.6
76 6720.5
77 12304.333333333334
78 102098.09090909091
79 9116.6
80 11411.222222222223
81 7254.333333333333
82 8184.2
83 6207.5
84 1188187.142857143
85 3301.75
86 11353.25
87 16140.0
88 5438.0
89 42573.22222222222
90 7145.285714285715
91 25470.0
92 802.0
93 1170427.0
94 9788.166666666666
95 7391.5
96 502340.6666666667
97 2788.5
98 14018.333333333334
99 266263.625
100 809794.4
101 12015.285714285714
102 5977.875
103 8958.5
104 547790.7777777778
105 4284.5
106 7521.25
107 7750.2
108 8435.333333333334
109 7790.0
110 9534.666666666666
111 9583.2
112 9835.333333333334
113 3259.0
114 32224.833333333332
115 5590.5
116 8631.777777777777
117 1419685.142857143
118 7155.428571428572
119 14455.666666666666
120 95678.8
121 6773.666666666667
122 17718.333333333332
123 16756.25
124 641910.6666666666
125 9234.5
126 12599.6
127 9813.0
128 940033.8571428572
129 3757.3333333333335
130 4010.6
131 4966.8
132 6964.625
133 512546.4
134 3262297.5
135 508765.54545454547
136 13795.0
137 0
138 10624.75
139 5328.666666666667
140 0
141 0
142 456274.125
143 8930.666666666666
144 1399593.75
145 406036.5
146 9563.5
147 7990.5
148 1183976.0
149 12740.4
150 12318.0
151 343088.875
152 269373.85714285716
153 364355.5
154 275315.125
155 8297.0
156 12886.333333333334
157 2790.5
158 5836.8
159 11883.8
160 217853.42857142858
161 8002.875
162 588146.1666666666
163 998205.1666666666
164 13295.5
165 13430.666666666666
166 12489.5
167 12974.75
168 188174.8
169 1260.5
170 227606.0
171 7353.6
172 702448.8333333334
173 1349341.5
174 8735.0
175 3728.0
176 2670836.25
177 9200.6
178 10822.5
179 4845.285714285715
180 421251.2
181 1737482.125
182 9467.2
183 4990.5
184 1669600.6666666667
185 8208.5
186 2101.0
187 1366142.6666666667
188 2256638.75
189 4006.0
190 666149.3333333334
191 313292.4
192 10743.666666666666
193 3354.0
194 4315.428571428572
195 298006.71428571426
196 771571.25
197 10121.666666666666
198 351806.0
199 402814.25
200 3003.0
201 8210.0
202 1835.6666666666667
203 9017.0
204 1233461.0
205 697352.25
206 13741.0
207 1082541.142857143
208 12907.75
209 10566.6
210 397294.0
211 454426.6666666667
212 4149.333333333333
213 159416.22222222222
214 6682.2
215 2175123.6666666665
216 730604.25
217 679137.4
218 10525.0
219 9561.5
220 2114972.5
221 1116467.8
222 603689.6
223 9470.4
224 557008.0
225 2412888.2
226 2130925.5
227 690323.5454545454
228 126711.22222222222
229 1457807.5
230 10189.666666666666
231 7035.222222222223
232 6448.0
233 1285696.25
234 82819.42857142857
235 787883.5
236 7714.8
237 5682.166666666667
238 1184581.25
239 17458.5
240 1081000.0
241 7866.166666666667
242 15398.5
243 7983.0
244 1051301.0
245 1892288.3333333333
246 10141.42857142857
247 788872.25
248 9409.125
249 899115.5
250 835430.1428571428
251 429302.5714285714
252 843895.75
253 306744.8
254 5797.75
255 401354.75
256 343868.0
257 11121.25
258 439642.45454545453
259 8578.0
260 16571.25
261 286395.8888888889
262 1404840.0
263 3441227.5
264 7231.333333333333
265 1197334.0
266 861376.4
267 1161332.5
268 10922.5
269 344890.6
270 363643.75
271 259371.25
272 1048707.8333333333
273 24453.0
274 8175.166666666667
275 9146.333333333334
276 2691.0
277 691713.25
278 1107.0
279 343593.3333333333
280 10067.0
281 8581.333333333334
282 856537.0
283 274568.5
284 8196.166666666666
285 1086986.25
286 6346.0
287 11066.0
288 14680.0
289 2159.0
290 267027.8
291 1470886.5
292 4481.5
293 1121346.5
294 7232.0
295 1066599.4
296 9035.8
297 5963.0
298 13210.0
299 365061.6
300 1998903.6
301 10535.42857142857
302 538183.7142857143
303 974843.6666666666
304 2469.0
305 8832.25
306 17229.0
307 857394.4
308 4982.25
309 681534.3333333334
310 254266.6
311 5987.5
312 1100855.1666666667
313 313191.0
314 9213.0
315 624701.8888888889
316 356735.85714285716
317 2938994.8333333335
318 266414.5
319 0
320 391777.0
321 4984.0
322 4068741.0
323 895039.6666666666
324 1288368.857142857
325 536039.8333333334
326 122584.875
327 317885.625
328 646269.8
329 2882522.75
330 354186.0
331 1234074.2857142857
332 823351.3333333334
333 7313.0
334 874688.1666666666
335 8862.0
336 3402.0
337 7091.0
338 377716.0
339 373807.4
340 7033.428571428572
341 12223.0
342 1290877.0
343 1000197.6666666666
344 5686.0
345 731454.2857142857
346 719496.6666666666
347 570010.875
348 1664078.6666666667
349 2781607.3333333335
350 5139692.0
351 378533.3333333333
352 1818054.0
353 8614.0
354 1548330.3333333333
355 5902.0
356 4122.142857142857
357 1506742.6666666667
358 1063767.3
359 841100.4
360 5427.75
361 564011.375
362 5538.25
363 1045281.1428571428
364 8107.454545454545
365 950471.1666666666
366 6662.0
367 1646647.3333333333
368 643606.75
369 505266.0
370 7032.714285714285
371 6586.25
372 385816.4
373 7216.0
374 1005326.5555555555
375 1081287.6666666667
376 2257070.0
377 603902.7777777778
378 8477.333333333334
379 4441.857142857143
380 4290.375
381 4861.0
382 512954.5
383 488162.6666666667
384 599737.7777777778
385 1203854.6
386 673120.0
387 588.0
388 2640530.0
389 5212.8
390 356299.25
391 2180795.6666666665
392 3155.75
393 8901.5
394 1037461.0
395 388331.3333333333
396 9509.8
397 510023.5
398 3463.0
399 409634.75
400 11132.0
401 741181.4
402 4015.6
403 3084002.5
404 483426.5
405 883408.0
406 1440774.4
407 1670527.0
408 601653.1428571428
409 1449891.3636363635
410 7051.0
411 11506.0
412 5093.0
413 6704.0
414 6788.666666666667
415 0
416 1114074.0
417 598882.7142857143
418 9069.875
419 1172206.0
420 2002924.0
421 2900861.8333333335
422 751639.6666666666
423 189164.5
424 2673021.75
425 8021.0
426 1799238.6666666667
427 276563.0
428 1760388.25
429 836662.6
430 6437.0
431 635478.6666666666
432 6593271.0
433 5543270.0
434 2284193.3333333335
435 12811.714285714286
436 15129.5
437 7330.333333333333
438 418038.0
439 1201248.4
440 2315830.5
441 9896.6
442 772291.3333333334
443 288978.3333333333
444 1410670.0
445 363121.28571428574
446 18399.333333333332
447 5601.25
448 12108.5
449 9936.166666666666
450 5089.5
451 6036.8
452 1516637.2857142857
453 685319.875
454 9583.125
455 1399206.75
456 1728624.0
457 315562.28571428574
458 2786521.25
459 1198601.0
460 4852548.5
461 2430816.0
462 1912188.3333333333
463 3668989.8333333335
464 574936.5714285715
465 123367.16666666667
466 1432798.5
467 704172.0
468 7296.75
469 1810587.4285714286
470 1296250.3333333333
471 308497.8333333333
472 2010425.8333333333
473 7937.125
474 7075.0
475 497504.75
476 634870.0
477 1127717.6
478 6190.25
479 1510617.4
480 656129.0
481 493.0
482 250114.0
483 1965.0
484 1764902.0
485 1061672.3333333333
486 1772783.2
487 7692.625
488 190493.7142857143
489 1318285.6666666667
490 8831.0
491 2230467.2
492 771547.5
493 7468.125
494 198403.55555555556
495 575688.8
496 4179859.0
497 437630.0
498 9220.833333333334
499 5091282.0
500 1356338.6666666667
501 1693886.5
502 579221.3333333334
503 8304.42857142857
504 881195.0
505 3375170.6666666665
506 762825.25
507 759734.1666666666
508 8750.0
509 1695670.25
510 543616.0
511 7920.75
512 1424216.1666666667
513 1387.0
514 1149680.5714285714
515 15029.333333333334
516 5697709.0
517 2310559.3333333335
518 4516694.0
519 8660.8
520 1945985.6666666667
521 742301.8571428572
522 480753.0
523 3943270.0
524 513894.25
525 3460.0
526 4536952.0
527 8659035.0
528 455816.0
529 13033.0
530 12540.833333333334
531 4968564.5
532 694351.2
533 1545159.0
534 1441612.4
535 1427142.3333333333
536 1617123.25
537 336489.5
538 5842.333333333333
539 67518.75
540 1446116.1666666667
541 1468064.5714285714
542 1033950.6666666666
543 14925.75
544 1351331.2857142857
545 8185.25
546 2023.0
547 902938.8
548 9347.75
549 16756.333333333332
550 1105040.0
551 7717.0
552 718445.875
553 3040243.5
554 11474.333333333334
555 2778810.75
556 1150871.375
557 4474331.5
558 2274099.8
559 4369100.5
560 629463.25
561 877639.125
562 6185.0
563 1648365.25
564 1825334.4
565 636326.6666666666
566 736639.75
567 840670.6666666666
568 489180.71428571426
569 6707.5
570 6582.285714285715
571 3384282.0
572 1145794.625
573 965032.8888888889
574 5446100.6
575 10472.57142857143
576 841697.6666666666
577 1117455.5
578 195461.0
579 1737004.1666666667
580 312084.25
581 5444670.0
582 1745.0
583 319085.5
584 2848694.6
585 780505.3333333334
586 1264454.0
587 4357741.142857143
588 2021647.25
589 113008.6
590 3503052.2
591 396402.77777777775
592 743642.8
593 1660954.0
594 1576687.2
595 187811.25
596 4766.0
597 993339.0
598 1340822.7777777778
599 2047775.1
600 2172163.5
601 19169.0
602 500843.6
603 9823362.2
604 3733447.4
605 11860.833333333334
606 1392289.3636363635
607 6915.142857142857
608 587974.3333333334
609 3357081.8
610 479129.6666666667
611 570653.25
612 2462257.6666666665
613 3198586.5
614 5263865.333333333
615 396274.6666666667
616 0
617 3468777.0
618 5064.5
619 9118.833333333334
620 709243.4
621 5097.4
622 12633.4
623 2696015.5
624 5120518.5
625 745140.2857142857
626 1300937.625
627 635933.75
628 1834244.857142857
629 1389679.5
630 859859.6666666666
631 1381383.8
632 473171.0
633 2742955.3333333335
634 1092823.8333333333
635 4070048.6
636 6880.5
637 1398785.5
638 502622.8333333333
639 301157.5
640 1798878.6666666667
641 1941778.8
642 6550.666666666667
643 727839.75
644 1056114.0
645 1523843.375
646 457861.3333333333
647 333590.6666666667
648 173359.2
649 392440.6666666667
650 3661.0
651 3382490.625
652 2214417.6666666665
653 11826.0
654 725150.0
655 1024.0
656 870468.0
657 1221880.6666666667
658 0
659 13307.333333333334
660 1608007.1666666667
661 1860606.0
662 1210158.7142857143
663 2126273.0
664 2070800.2857142857
665 6068300.666666667
666 6205.142857142857
667 1382394.0
668 500570.14285714284
669 14072.0
670 1304566.0
671 8269.0
672 2042641.0
673 7489.0
674 2929783.4
675 2327500.2
676 1697422.0
677 1175414.3333333333
678 202258.16666666666
679 1994865.25
680 1384387.25
681 3067841.75
682 1675505.0
683 4023993.5
684 1325491.4
685 824199.2222222222
686 1760514.8
687 975332.9
688 1521646.0
689 6321.25
690 4147358.0
691 14187.0
692 2243963.1666666665
693 8880.0
694 1040310.8
695 4322216.666666667
696 3592.5
697 1164070.3333333333
698 2700430.25
699 591887.2
700 2243652.6
701 7753.333333333333
702 472318.4
703 1985120.0
704 1996118.0
705 25566.0
706 746135.375
707 7208.0
708 6147737.5
709 1585335.2857142857
710 6187.166666666667
711 1936854.625
712 458014.375
713 698897.8
714 252196.42857142858
715 556307.6
716 13016.666666666666
717 510286.625
718 884189.3333333334
719 2636249.6
720 6807834.5
721 328000.0
722 368713.5
723 8346.0
724 813419.125
725 1378412.3333333333
726 4483.75
727 4376537.0
728 4716530.333333333
729 2857122.5
730 4341.428571428572
731 640912.2857142857
732 391356.14285714284
733 2716473.4
734 1481315.4
735 3437363.0
736 8188.2
737 985942.8333333334
738 1386816.6666666667
739 3963297.5
740 1525342.111111111
741 2045048.2
742 2611115.3333333335
743 653757.4
744 8210100.5
745 4256870.125
746 1790495.0
747 744161.3333333334
748 810088.5714285715
749 821669.875
750 3193159.4
751 2228469.625
752 0
753 924451.5714285715
754 4376935.0
755 3802342.875
756 1529214.5
757 767255.0
758 476151.5
759 430388.6666666667
760 1151451.8333333333
761 2245520.0
762 5360718.0
763 4200323.5
764 3061206.4
765 1125333.8333333333
766 8166.5
767 10078.714285714286
768 18210.5
769 3233803.0
770 9840.25
771 16788.0
772 5903.25
773 135044.375
774 3719304.4285714286
775 1102660.0
776 623558.0
777 1431937.5
778 506589.6
779 1315433.0
780 3457684.0
781 864330.5714285715
782 940160.0
783 3468584.8333333335
784 4365.0
785 13032.0
786 2260580.6666666665
787 829549.25
788 2796865.1666666665
789 538896.0
790 2099390.0
791 1790922.1666666667
792 844764.0
793 1015344.25
794 1652812.8
795 2569468.4
796 2260676.0
797 1243844.8
798 3028661.25
799 5222.428571428572
800 2427250.6666666665
801 1292409.0
802 7149.8
803 8608.25
804 1863576.5
805 1023696.3333333334
806 8078.555555555556
807 2622801.5
808 3825476.4285714286
809 1832281.625
810 1281263.2
811 832399.0
812 4096887.6
813 3650074.3333333335
814 2079509.25
815 1301551.2857142857
816 2696485.0
817 5319.333333333333
818 1754439.0
819 5113725.222222222
820 6680.0
821 2437763.6
822 2770833.2
823 3809.0
824 1287768.75
825 2686457.3333333335
826 3738.0
827 855910.6
828 5514309.5
829 1831843.142857143
830 2298007.75
831 1743981.875
832 5087851.666666667
833 3985328.0
834 1598831.3333333333
835 8727.25
836 810356.4
837 6319.25
838 1110209.25
839 3015519.2
840 7873.0
841 7132.666666666667
842 2992921.3333333335
843 4983.75
844 7919.666666666667
845 1566742.0
846 1189345.25
847 6811.333333333333
848 959223.75
849 1581651.1666666667
850 1415864.2857142857
851 772785.3333333334
852 424003.8
853 3017529.5
854 1745986.7142857143
855 4683423.0
856 5598891.0
857 2843.3333333333335
858 3032.3333333333335
859 3107.75
860 784371.0
861 7657152.857142857
862 8228.333333333334
863 11341.4
864 1572284.25
865 1938668.1666666667
866 1165680.6666666667
867 1967350.6666666667
868 12499.5
869 306856.8
870 1021290.7777777778
871 397370.6666666667
872 6694.0
873 3147757.75
874 1574049.7272727273
875 8149.0
876 761374.8571428572
877 1273913.25
878 1778520.857142857
879 707022.75
880 76621.2
881 7044839.5
882 2841039.0
883 2254763.5
884 1739.3333333333333
885 984815.4
886 12531.5
887 1342225.875
888 2980220.75
889 3116541.4285714286
890 1587636.25
891 553421.5
892 1.0602623333333334E7
893 5916.5
894 1150409.1
895 5269146.777777778
896 9908.857142857143
897 7130.2
898 3122158.5
899 785595.0
900 836989.0
901 5381335.25
902 2579923.8
903 2577015.714285714
904 13930.0
905 1898400.2
906 6424689.25
907 3615671.222222222
908 1831427.142857143
909 1.3600717E7
910 2014409.5
911 7625.0
912 1668310.2857142857
913 221326.42857142858
914 0
915 1057172.75
916 3187902.75
917 4590803.333333333
918 2515375.6666666665
919 3249732.6666666665
920 474656.25
921 4560.5
922 659451.6
923 670662.25
924 3425.0
925 163128.75
926 4128591.6
927 475188.6
928 1321580.25
929 4405874.142857143
930 1415935.142857143
931 2426821.4
932 3356947.4285714286
933 2038033.4
934 201015.0
935 1195581.5
936 2392431.5
937 1346151.6666666667
938 4105877.6666666665
939 1008197.3333333334
940 610152.5
941 2757.6666666666665
942 6235801.75
943 1484384.25
944 3300980.2
945 10705.333333333334
946 1852112.2
947 1168636.25
948 2041173.0
949 1637817.0
950 3443430.6666666665
951 3086676.8
952 1518339.5
953 2780081.1666666665
954 1.2138124E7
955 2775261.0
956 341463.75
957 1.0584104833333334E7
958 1353900.142857143
959 2340445.285714286
960 498198.8
961 4395911.0
962 3095202.5
963 1568326.0
964 2488187.5
965 2183728.25
966 3488379.727272727
967 1090247.125
968 965524.3333333334
969 637118.9
970 1096915.5
971 969029.6
972 5017.5
973 1507952.6666666667
974 3115083.0
975 786238.8333333334
976 3638491.3333333335
977 759948.5
978 1678471.4285714286
979 2498993.75
980 2336868.3333333335
981 1.1427067E7
982 4306683.666666667
983 4439379.2
984 345009.4
985 6231.5
986 5549440.5
987 1070320.0
988 1116665.25
989 4313518.0
990 1852.0
991 6033.0
992 545182.2
993 2551491.1428571427
994 5077.5
995 3978050.8571428573
996 575606.7777777778
997 1370069.2857142857
998 5850.0
999 2396043.8333333335
1000 8370241.571428572
1001 3318259.285714286
1002 523208.0
1003 2224277.3333333335
1004 1583992.8
1005 3031800.6666666665
1006 1217500.142857143
1007 288945.6666666667
1008 4500628.333333333
1009 2567191.8333333335
1010 3213005.8333333335
1011 2789878.5
1012 6240.8
1013 321630.4
1014 1295590.375
1015 1.1005668E7
1016 2076314.5555555555
1017 2766298.6666666665
1018 4238051.0
1019 2109075.5
1020 7380901.333333333
1021 2743940.3333333335
1022 2434284.4285714286
1023 14237.5
1024 4723174.75
1025 8441067.5
1026 4180958.75
1027 693678.3333333334
1028 2285928.3333333335
1029 842399.75
1030 90018.5
1031 152193.66666666666
1032 839684.1666666666
1033 3282139.0
1034 2859093.5
1035 1013072.8
1036 913151.5
1037 9969264.666666666
1038 10373.0
1039 2033825.5
1040 5911776.666666667
1041 2297447.6666666665
1042 8630.0
1043 3667734.6666666665
1044 2248327.75
1045 1618536.2857142857
1046 2287378.4
1047 5991577.0
1048 14985.0
1049 188257.0
1050 5069136.333333333
1051 1864914.6666666667
1052 3838886.25
1053 4901265.25
1054 0
1055 1796029.8
1056 1801008.7142857143
1057 1697960.4
1058 1149205.0
1059 2142423.0
1060 1217.5
1061 3353502.0
1062 505181.71428571426
1063 1086641.8333333333
1064 4939035.0
1065 8017125.0
1066 9359875.0
1067 1342134.2
1068 196622.83333333334
1069 3981131.625
1070 932641.3333333334
1071 2625844.0
1072 1.07482552E7
1073 5417151.6
1074 57211.833333333336
1075 245287.5
1076 3500323.5
1077 1627829.0
1078 1.0651944E7
1079 5099476.4
1080 437908.5
1081 3494458.875
1082 5141107.333333333
1083 2905.6666666666665
1084 5727155.75
1085 3823125.0
1086 5311896.4
1087 4172687.8333333335
1088 3682.3333333333335
1089 6329903.8
1090 6212181.222222222
1091 1504966.5
1092 16394.0
1093 3067236.4
1094 1854540.5
1095 3559978.5
1096 5372559.333333333
1097 502476.1666666667
1098 2740777.8571428573
1099 7110074.285714285
1100 63506.0
1101 1902366.4285714286
1102 1830284.2
1103 1946574.6666666667
1104 1.2511972E7
1105 6650802.0
1106 343358.0
1107 3170292.4
1108 1258037.0
1109 8593845.333333334
1110 2527880.6666666665
1111 16099.0
1112 12864.666666666666
1113 6315617.75
1114 2065097.8
1115 1122761.5
1116 8854164.0
1117 4267548.0
1118 8171048.0
1119 2269725.8571428573
1120 4445009.2
1121 2351863.090909091
1122 1108371.75
1123 2727671.6666666665
1124 964801.0
1125 7172.5
1126 7418548.0
1127 469791.0
1128 3249318.75
1129 2858.0
1130 2641603.1666666665
1131 5266183.9
1132 6840.333333333333
1133 8236448.0
1134 4272978.0
1135 7868.25
1136 5885563.555555556
1137 4778.75
1138 6716702.75
1139 7420.666666666667
1140 1547187.7777777778
1141 1959555.6666666667
1142 6275137.75
1143 2885.1666666666665
1144 1945938.5
1145 3437001.0
1146 6255291.25
1147 1017179.0
1148 1690355.5714285714
1149 4679505.5
1150 3211.0
1151 5507850.2
1152 6966629.0
1153 3939779.0
1154 8553485.0
1155 2037292.5
1156 5361128.625
1157 7834.25
1158 7355402.0
1159 2162822.5
1160 9171116.666666666
1161 4424087.4
1162 11891.0
1163 5846487.0
1164 1012322.6
1165 423119.0
1166 3146186.0
1167 3371281.375
1168 5633226.8
1169 5500.0
1170 619697.0
1171 2850951.5
1172 1243203.25
1173 10684.0
1174 5376749.0
1175 2120000.0
1176 442461.0
1177 3431143.5
1178 1.13746195E7
1179 4178661.6666666665
1180 1339076.6
1181 2938084.5
1182 4709905.2
1183 342620.0
1184 3433.0
1185 3120684.8571428573
1186 4476.0
1187 6933028.25
1188 14899.0
1189 87058.8
1190 822898.25
1191 3387.0
1192 4328.0
1193 16952.333333333332
1194 2385611.5714285714
1195 6512606.555555556
1196 6746.0
1197 8127470.666666667
1198 7376819.25
1199 1134068.857142857
1200 8063224.4
1201 3750.0
1202 1664.0
1203 1497936.5
1204 3914546.25
1205 3674213.5
1206 3325626.4
1207 427597.2
1208 5034569.25
1209 3279271.285714286
1210 1476094.5714285714
1211 3854848.3333333335
1212 809444.5
1213 2122276.0
1214 4048069.0
1215 791700.8
1216 2675620.3333333335
1217 2235308.2
1218 886310.6666666666
1219 1217509.1666666667
1220 4238866.6
1221 8044.5
1222 3539398.3333333335
1223 5524342.0
1224 6388028.5
1225 1860499.3333333333
1226 4908621.75
1227 1023110.8333333334
1228 4046476.6666666665
1229 7066400.142857143
1230 5346505.75
1231 1.0497295125E7
1232 1626682.2222222222
1233 11955.2
1234 198262.8
1235 1147811.6666666667
1236 13139.0
1237 630300.6
1238 5480308.166666667
1239 3701301.75
1240 1343453.125
1241 2930984.5
1242 1434835.0
1243 7394722.875
1244 5499763.333333333
1245 3968644.0
1246 2313154.0
1247 6632221.6
1248 3644252.6666666665
1249 4254079.0
1250 1.7126089333333332E7
1251 4244571.2
1252 440393.3333333333
1253 5959.25
1254 3922173.25
1255 2063620.0
1256 9388128.666666666
1257 3276702.222222222
1258 7094583.5
1259 8679513.666666666
1260 1.4700999333333334E7
1261 4071.5
1262 3052388.3333333335
1263 1299397.888888889
1264 894499.6
1265 977808.2
1266 3329.0
1267 1827646.3333333333
1268 6311581.5
1269 3212337.8333333335
1270 301679.6666666667
1271 2921564.5
1272 6037679.0
1273 184775.8
1274 9664683.5
1275 9317.0
1276 8032.5
1277 889645.5
1278 5743892.75
1279 3413998.25
1280 2275943.0
1281 6936236.0
1282 751932.5
1283 4591845.333333333
1284 4059340.6666666665
1285 3605160.0
1286 2010746.5
1287 3650059.3333333335
1288 8604105.8
1289 1791982.5
1290 4837345.625
1291 820285.8333333334
1292 7026049.875
1293 7788353.4
1294 1281394.8
1295 1929607.6
1296 4551700.666666667
1297 6293745.5
1298 2773105.5
1299 3616611.0
1300 1331708.75
1301 3611054.0
1302 1.5929528E7
1303 3806.0
1304 399144.2
1305 1459084.0
1306 3202068.8
1307 7147134.0
1308 84846.75
1309 4193872.0
1310 4038539.6666666665
1311 5446503.833333333
1312 2641651.9
1313 3572527.1666666665
1314 6835670.75
1315 4343383.625
1316 2342411.2
1317 4914947.333333333
1318 6129441.25
1319 3103889.4
1320 4507561.666666667
1321 1819205.2
1322 6456.2
1323 1.040525825E7
1324 3901930.0
1325 3100689.5
1326 4675217.142857143
1327 1539838.0
1328 9122392.666666666
1329 4750102.2
1330 2.3487918E7
1331 3314996.0
1332 4267675.666666667
1333 4699394.0
1334 261210.75
1335 21012.5
1336 5612457.0
1337 5886995.166666667
1338 4998.0
1339 4397173.571428572
1340 1099326.75
1341 9471368.8
1342 1.4544439666666666E7
1343 4186046.5714285714
1344 5089227.5
1345 0
1346 3717767.4
1347 1.4074883666666666E7
1348 2056127.5
1349 827739.25
1350 1592336.0
1351 1.00707864E7
1352 2025580.0
1353 8988.666666666666
1354 2665589.0
1355 6839957.0
1356 4557.5
1357 4606129.2
1358 395408.0
1359 1371489.0
1360 3573149.5
1361 733706.75
1362 7990562.0
1363 2980134.0
1364 7148603.666666667
1365 3634077.3333333335
1366 3196862.0
1367 839603.5
1368 13833.0
1369 3562627.4285714286
1370 4568387.333333333
1371 3435521.3333333335
1372 1.5674401666666666E7
1373 1207959.8
1374 7790395.428571428
1375 7931921.0
1376 767212.1428571428
1377 6493527.25
1378 3505417.5
1379 2063984.0
1380 6433.5
1381 1724027.8
1382 12479.5
1383 868.0
1384 2467923.25
1385 845106.7142857143
1386 1.1730669E7
1387 5869.4
1388 5245497.0
1389 2309871.75
1390 7659.5
1391 2241201.25
1392 5215542.75
1393 7991282.5
1394 4123.0
1395 353968.4166666667
1396 1478140.125
1397 7423697.285714285
1398 9115882.0
1399 289478.5
1400 134296.8
1401 8284273.5
1402 5302095.111111111
1403 1.33177484E7
1404 3005696.0
1405 15022.5
1406 1951730.5
1407 4640099.666666667
1408 7936507.857142857
1409 983315.75
1410 12964.0
1411 5021033.428571428
1412 3501082.5
1413 1.0431375666666666E7
1414 1866277.75
1415 2159079.6666666665
1416 9132396.75
1417 1305592.6666666667
1418 2000955.857142857
1419 4411423.909090909
1420 5176538.75
1421 2852595.5555555555
1422 4218.666666666667
1423 2702866.4
1424 583441.2222222222
1425 3410446.0
1426 7065915.8
1427 2730484.0
1428 3888509.3333333335
1429 4094419.8333333335
1430 1602342.5
1431 4618513.0
1432 13279.0
1433 327947.8333333333
1434 6487457.75
1435 980491.4
1436 792852.8333333334
1437 5525876.125
1438 2713738.5714285714
1439 3664405.6666666665
1440 1832906.375
1441 6626.666666666667
1442 2222060.3333333335
1443 4956166.4
1444 4246211.8
1445 4882260.5
1446 1273844.5
1447 10047.0
1448 2004349.0
1449 831904.5
1450 1827357.5
1451 2544255.75
1452 214637.625
1453 4488290.2
1454 5284.0
1455 1354508.0
1456 4182966.6
1457 3759263.5
1458 3429043.714285714
1459 423257.5
1460 309656.0
1461 2856296.5
1462 6847838.2
1463 6468608.571428572
1464 4406232.666666667
1465 2034.0
1466 3262790.2
1467 4380049.666666667
1468 3259910.4285714286
1469 3096028.0
1470 13616.0
1471 5357289.625
1472 2599690.6666666665
1473 3804195.0
1474 3237993.6666666665
1475 1469421.5
1476 5792675.8
1477 3837104.4
1478 837441.3333333334
1479 3608568.0
1480 4489478.454545454
1481 9503341.5
1482 6638141.0
1483 1.33517715E7
1484 5536714.0
1485 4490113.5
1486 1.087893625E7
1487 3091155.2
1488 671658.75
1489 4789712.857142857
1490 1637172.3333333333
1491 2861126.5
1492 1.1388709285714285E7
1493 5565116.0
1494 738099.4444444445
1495 2411603.111111111
1496 201365.25
1497 2962099.8
1498 8135002.5
1499 1330567.0
1500 774124.2
1501 5068505.5
1502 2046308.6
1503 6239295.0
1504 4882437.8
1505 3395304.5
1506 3435657.3333333335
1507 2425524.6
1508 5771580.6
1509 2672391.0
1510 474122.0
1511 523118.2
1512 1186146.0
1513 391554.6
1514 2.617019E7
1515 6156255.857142857
1516 4697651.0
1517 4074167.0
1518 4639416.583333333
1519 9828430.857142856
1520 4183489.3333333335
1521 5140327.75
1522 3136558.714285714
1523 3567432.5
1524 7281.75
1525 6761.5
1526 5389065.4
1527 4823.5
1528 7398238.666666667
1529 391404.3333333333
1530 7527579.5
1531 2744823.8
1532 2426290.3333333335
1533 2511267.875
1534 6591088.833333333
1535 1851766.3333333333
1536 4534683.666666667
1537 5041609.0
1538 4001171.4
1539 2877246.5
1540 739261.0
1541 2951067.5
1542 4398674.2
1543 6376627.285714285
1544 1444906.5
1545 1919162.25
1546 6293699.4
1547 458213.28571428574
1548 2258470.75
1549 1104539.3333333333
1550 7119.333333333333
1551 6562555.5
1552 3189147.5
1553 6847.333333333333
1554 9909697.25
1555 1583603.6666666667
1556 2850783.0
1557 1824864.75
1558 1.6687304666666666E7
1559 1755217.4
1560 4134537.5
1561 4334469.166666667
1562 5214894.5
1563 2555310.8571428573
1564 3002753.1666666665
1565 536926.6666666666
1566 2362923.8571428573
1567 1.3700699333333334E7
1568 2925833.5
1569 6566354.6
1570 9735252.5
1571 1088810.0
1572 4482783.666666667
1573 6719815.2
1574 5107210.666666667
1575 2593223.6666666665
1576 2.03387016E7
1577 724812.4
1578 3263.5
1579 7590670.75
1580 1819358.0
1581 2472332.6666666665
1582 1.1750539E7
1583 1.614924657142857E7
1584 0
1585 1.1097329666666666E7
1586 2.50329405E7
1587 1606622.5
1588 9031146.0
1589 8220.0
1590 1.4150063333333334E7
1591 904922.8
1592 4442.0
1593 2.066442925E7
1594 319210.0
1595 1.4005747222222222E7
1596 1370661.8333333333
1597 2725824.8333333335
1598 9346155.0
1599 627669.25
1600 1557091.0
1601 3.8585796E7
1602 8014068.0
1603 2633621.0
1604 2396764.6666666665
1605 5084255.25
1606 8906624.8
1607 922586.1666666666
1608 3404793.0
1609 9204405.666666666
1610 1.3742017666666666E7
1611 520491.0
1612 960679.25
1613 1.1346398333333334E7
1614 13255.5
1615 5272.666666666667
1616 7458454.142857143
1617 748345.875
1618 0
1619 7541846.0
1620 5840434.833333333
1621 4990413.333333333
1622 9337314.75
1623 997864.0
1624 1.5629477375E7
1625 8716.25
1626 4117793.2
1627 9611623.125
1628 421016.3333333333
1629 517963.0
1630 7998802.0
1631 2784541.75
1632 1682360.25
1633 643374.0
1634 9638055.0
1635 2309634.125
1636 3346120.0
1637 4858606.0
1638 13188.0
1639 4164643.5714285714
1640 9279039.42857143
1641 1757639.0
1642 6010727.5
1643 1.1488734E7
1644 1.0087110714285715E7
1645 9069283.42857143
1646 6866993.4
1647 1.711836825E7
1648 5643814.25
1649 3400917.0
1650 1987599.1
1651 5808033.375
1652 5018.0
1653 9233669.25
1654 1470932.4
1655 1.0893234333333334E7
1656 5626548.5
1657 6322235.857142857
1658 3085979.0
1659 3077651.0
1660 410899.1666666667
1661 823559.25
1662 5383958.714285715
1663 6266263.285714285
1664 3291074.5555555555
1665 6960592.416666667
1666 2365917.4
1667 7291381.0
1668 8024047.428571428
1669 5717647.714285715
1670 0
1671 1287607.6666666667
1672 1.72686688E7
1673 1737675.0
1674 4733583.5
1675 8999939.666666666
1676 2194519.0
1677 7571229.2
1678 9386808.714285715
1679 4098430.2
1680 1.02712578E7
1681 868708.4
1682 1321466.3333333333
1683 1475566.6666666667
1684 5235556.75
1685 1.2824208666666666E7
1686 7044158.636363637
1687 2274711.5833333335
1688 2820014.0
1689 800578.0
1690 2346479.0
1691 862139.0
1692 3620785.0
1693 2868798.888888889
1694 6113162.0
1695 4544471.0
1696 3904255.75
1697 3943933.8571428573
1698 5197882.2727272725
1699 2106190.6666666665
1700 6899382.333333333
1701 12464.0
1702 9923692.75
1703 1012795.5
1704 5286575.833333333
1705 9161153.090909092
1706 3608225.0
1707 1974324.5
1708 299711.0
1709 2478137.75
1710 6377212.0
1711 1388747.0
1712 452927.0
1713 5734841.666666667
1714 1.6940190666666668E7
1715 3562466.0
1716 109171.0
1717 9563777.8
1718 3945027.0
1719 867923.0
1720 1.1216900333333334E7
1721 3844187.285714286
1722 4142453.75
1723 766211.6
1724 2927337.2
1725 368391.3333333333
1726 3381682.0
1727 6396.0
1728 6769343.0
1729 1634757.7142857143
1730 7782323.6
1731 576004.0
1732 7430914.166666667
1733 5826210.6
1734 2153742.5
1735 732496.0
1736 1419790.0
1737 1.6758589166666666E7
1738 1.2295692E7
1739 5175933.833333333
1740 5464040.0
1741 4844918.0
1742 6941857.75
1743 7286.5
1744 1.4288163333333334E7
1745 3113975.3333333335
1746 1.354325075E7
1747 5230283.428571428
1748 6149004.666666667
1749 3140992.0
1750 7596204.75
1751 9143819.4
1752 5197415.0
1753 1011135.0
1754 1.1294597E7
1755 6642.0
1756 1413415.0
1757 23869.666666666668
1758 2.16338395E7
1759 1.6685837666666666E7
1760 6917672.25
1761 3567749.2
1762 9108796.75
1763 1.713154257142857E7
1764 1564153.6666666667
1765 5441587.75
1766 1.62808152E7
1767 2208305.285714286
1768 7736.666666666667
1769 1795528.75
1770 1967822.3333333333
1771 9095836.285714285
1772 8783717.0
1773 5062733.333333333
1774 7685.166666666667
1775 8851213.25
1776 1.660299575E7
1777 16500.0
1778 3625661.8
1779 1.1153216E7
1780 1.64189302E7
1781 2.5449313666666668E7
1782 6966.666666666667
1783 6383057.4
1784 3982658.5
1785 6075309.2
1786 1219800.6666666667
1787 1.570422E7
1788 2512066.4
1789 1.0469327E7
1790 3571.0
1791 104926.0
1792 1521183.25
1793 1582682.125
1794 1.3715831111111112E7
1795 3728492.0
1796 1.29835954E7
1797 3557977.1428571427
1798 1253051.0
1799 1134495.857142857
1800 1.7327718E7
1801 6526630.857142857
1802 1691593.0
1803 4542821.0
1804 7247126.333333333
1805 1.45521205E7
1806 3983155.25
1807 2.1500004E7
1808 3773.5
1809 3313333.714285714
1810 8592.333333333334
1811 2398138.3
1812 5624030.714285715
1813 1.261755175E7
1814 1.57135674E7
1815 1049172.75
1816 1.6264127285714285E7
1817 2464572.3333333335
1818 3936976.888888889
1819 6337538.75
1820 10071.5
1821 7553489.25
1822 4563.0
1823 1.2257016166666666E7
1824 3262864.5
1825 3523428.25
1826 3806516.0
1827 6374722.0
1828 2360070.6666666665
1829 1.244340825E7
1830 1.182982E7
1831 4.6328226666666664E7
1832 8450898.333333334
1833 1.44155634E7
1834 1.33866852E7
1835 1.309057E7
1836 1.06432085E7
1837 3252753.0
1838 2944366.6
1839 1023954.5
1840 6775.0
1841 482197.75
1842 1.09962305E7
1843 9718771.2
1844 4450598.666666667
1845 2.322884475E7
1846 182001.0
1847 591709.4
1848 6536496.375
1849 3973791.375
1850 1164143.0
1851 4876117.142857143
1852 1.7141787E7
1853 2683420.0
1854 2.13292995E7
1855 5156894.666666667
1856 2526978.5
1857 1.20001854E7
1858 7490801.4
1859 4513026.75
1860 1505767.6
1861 301075.2
1862 1749375.7142857143
1863 1.55320015E7
1864 3809.5
1865 6194251.25
1866 4516554.833333333
1867 3371830.0
1868 9582.0
1869 3706586.6666666665
1870 2630791.75
1871 1.3592128333333334E7
1872 5924440.2
1873 4498818.428571428
1874 7485660.714285715
1875 1.6702460666666666E7
1876 4751549.25
1877 2153556.3333333335
1878 1.64538812E7
1879 6882564.0
1880 8177.333333333333
1881 1.0200002142857144E7
1882 4638471.0
1883 1.6114865E7
1884 8455358.666666666
1885 2999359.4285714286
1886 1463673.4
1887 1.2801665285714285E7
1888 1.3474272E7
1889 2774269.714285714
1890 2208149.25
1891 8531.0
1892 1.4159516333333334E7
1893 7371297.5
1894 6461478.285714285
1895 2628831.75
1896 4908375.875
1897 2642757.4
1898 1.122600775E7
1899 3.668885685714286E7
1900 471855.8
1901 8612768.142857144
1902 2.38685765E7
1903 3402132.6666666665
1904 6142537.571428572
1905 1.3423568333333334E7
1906 5039165.333333333
1907 1112801.8
1908 2030969.0
1909 1592432.0
1910 643586.0
1911 4.02497085E7
1912 1921257.0
1913 5235847.142857143
1914 9821731.333333334
1915 1.0353809E7
1916 484809.8
1917 1.3122730333333334E7
1918 0
1919 3443560.25
1920 183644.5
1921 4648716.666666667
1922 1.24402215E7
1923 5.4913807E7
1924 1812037.6
1925 2401316.5
1926 7360912.0
1927 2735070.0
1928 5374070.5
1929 4682050.285714285
1930 443906.5
1931 6919325.0
1932 2.1278558E7
1933 4967884.5
1934 9765.25
1935 8194211.5
1936 536209.25
1937 5952707.0
1938 2.11263248E7
1939 1.05226316E7
1940 1.2080959E7
1941 1.114379675E7
1942 3233611.5
1943 1182486.75
1944 8786283.0
1945 3.0029432E7
1946 2903675.1428571427
1947 6889213.0
1948 1741542.8333333333
1949 1.9137597666666668E7
1950 1028859.0
1951 1954120.6666666667
1952 522753.6666666667
1953 4153900.2
1954 1.01632535E7
1955 1.11439785E7
1956 1.36096475E7
1957 6544630.333333333
1958 6467691.2
1959 2035507.7
1960 6076690.4
1961 2.19895504E7
1962 1.248569657142857E7
1963 6128759.0
1964 8197058.333333333
1965 6139886.666666667
1966 795024.5
1967 4769797.333333333
1968 7667.0
1969 4679664.6
1970 367709.5
1971 1.0835927166666666E7
1972 7159667.4
1973 7671816.333333333
1974 1.082752275E7
1975 3358276.25
1976 2.32471315E7
1977 5539387.428571428
1978 1.2441813333333334E7
1979 2737301.625
1980 942485.0
1981 7291662.714285715
1982 1341124.6
1983 5608390.5
1984 9055965.0
1985 6127803.0
1986 1395990.3333333333
1987 1.158855E7
1988 1.3034742E7
1989 8646851.714285715
1990 5287251.0
1991 8888000.2
1992 853.0
1993 8861644.0
1994 3102601.0833333335
1995 1.0406914285714285E7
1996 2.0111779E7
1997 6199.666666666667
1998 3546586.375
1999 10373.5
2000 1.0210062285714285E7
2001 3776918.3333333335
2002 9758832.333333334
2003 6285628.0
2004 2.227486875E7
2005 1634148.6666666667
2006 6186661.666666667
2007 7243184.333333333
2008 6495530.428571428
2009 3950134.8333333335
2010 6524968.833333333
2011 2611940.6363636362
2012 9682113.5
2013 1.1021507363636363E7
2014 4853499.2
2015 2338635.0
2016 2602615.6666666665
2017 7901056.0
2018 1.0041442714285715E7
2019 2.332153175E7
2020 4904582.0
2021 3.242935775E7
2022 8907098.666666666
2023 6302536.75
2024 5613516.0
2025 2.5920836555555556E7
2026 1.95484215E7
2027 1.5434804E7
2028 1247244.7777777778
2029 2229206.3333333335
2030 2697133.0
2031 5824388.75
2032 1078678.3333333333
2033 1.0546258E7
2034 5991475.0
2035 6121.5
2036 876771.2
2037 1.0613326E7
2038 6651915.75
2039 9870337.0
2040 5817421.166666667
2041 4635158.5
2042 8056586.5
2043 2782124.3333333335
2044 7356015.375
2045 1.2092630875E7
2046 8958309.666666666
2047 1878469.2
2048 2.468305E7
2049 1.1199954777777778E7
2050 1.3177008555555556E7
2051 3854123.6666666665
2052 9132117.0
2053 6974.5
2054 1.6012550166666666E7
2055 2011653.3333333333
2056 2.54741715E7
2057 1.58125612E7
2058 7134860.375
2059 1.2806625666666666E7
2060 7306323.666666667
2061 1.29109555E7
2062 1.46072373E7
2063 1.1255971222222222E7
2064 1.2045960833333334E7
2065 1075.0
2066 1.9160328666666668E7
2067 13443.0
2068 1.0016847333333334E7
2069 1.40541065E7
2070 9930.0
2071 2830613.8
2072 1335641.0
2073 9353870.833333334
2074 1.286534525E7
2075 2.5434172E7
2076 2.671521475E7
2077 9766748.0
2078 2.66884505E7
2079 9243455.0
2080 6086.333333333333
2081 1.4268838E7
2082 1.03768956E7
2083 4077087.6
2084 4258854.8
2085 1.1438262E7
2086 4.8236734666666664E7
2087 2.2707123E7
2088 3065301.4444444445
2089 9626754.75
2090 2694619.0
2091 1.38828692E7
2092 2128442.0
2093 1.888592E7
2094 2396743.4
2095 1.5015471125E7
2096 4.7410442E7
2097 2.01247815E7
2098 5250078.75
2099 1347150.75
2100 1940251.857142857
2101 1.9535985333333332E7
2102 1.74127695E7
2103 1.266750175E7
2104 5624862.714285715
2105 8654506.5
2106 2.0818143625E7
2107 1.3501268625E7
2108 1.88327898E7
2109 7240843.5
2110 1.0159818666666666E7
2111 4412493.75
2112 1.638478525E7
2113 4775078.4
2114 5579026.25
2115 6267098.333333333
2116 1.06371425E7
2117 5316.0
2118 2032589.5
2119 8746723.75
2120 1.3753092E7
2121 402785.8
2122 0
2123 2.0113870666666668E7
2124 1.9021724666666668E7
2125 1.333521425E7
2126 3941242.0
2127 6816.0
2128 3903978.5
2129 3929164.4
2130 1.0209115E7
2131 7249566.0
2132 5814961.6
2133 12738.5
2134 1.0918077E7
2135 8061.0
2136 2620583.75
2137 1.564693625E7
2138 8479364.0
2139 9935063.4
2140 6358512.75
2141 2.2970904375E7
2142 1.2441597E7
2143 1.5666326E7
2144 3940090.75
2145 3571440.4
2146 8577058.5
2147 3501322.0
2148 3374674.25
2149 5337681.833333333
2150 2852008.5
2151 5514239.833333333
2152 3876443.6
2153 5568755.857142857
2154 1.311953525E7
2155 6507809.0
2156 1.0231950625E7
2157 1.29933314E7
2158 5694.333333333333
2159 7187213.0
2160 7766899.0
2161 4447215.0
2162 2194061.3333333335
2163 1.74330165E7
2164 6623043.75
2165 4741105.4
2166 2.282111685714286E7
2167 5756490.25
2168 5709272.5
2169 5269019.166666667
2170 2515628.1666666665
2171 7863015.6
2172 4611957.2
2173 9649459.8
2174 9662361.0
2175 2.60744756E7
2176 3931845.6
2177 7048067.090909091
2178 2.505297E7
2179 314934.3333333333
2180 4810504.8
2181 1.1109476285714285E7
2182 1572315.5
2183 7320419.0
2184 7722661.25
2185 2192411.0
2186 2.1959179E7
2187 6.57858045E7
2188 3.41859985E7
2189 1.0678628714285715E7
2190 1.32171762E7
2191 5888659.0
2192 1.2899412166666666E7
2193 2053332.1666666667
2194 1.12555648E7
2195 0
2196 3868090.0
2197 3109782.8
2198 1.6377666E7
2199 6893207.5
2200 957101.6666666666
2201 4767208.333333333
2202 7084080.5
2203 155001.33333333334
2204 1.2555342111111112E7
2205 8292277.833333333
2206 1.745248575E7
2207 1.277677857142857E7
2208 1.2064401E7
2209 4272783.333333333
2210 5280039.0
2211 3635815.0
2212 1.9377028E7
2213 9819293.5
2214 7103544.5
2215 1.217466E7
2216 2.0469316333333332E7
2217 1.0613807533333333E8
2218 3.36487075E7
2219 4254501.714285715
2220 4964884.25
2221 1.5101239857142856E7
2222 4283825.833333333
2223 9564727.857142856
2224 1.0756015E7
2225 1.3279344833333334E7
2226 9292516.2
2227 1.117873357142857E7
2228 9172356.333333334
2229 4546413.2
2230 2621475.4
2231 1.146935E7
2232 5362273.125
2233 7771717.25
2234 1339870.75
2235 1.397108975E7
2236 3054.0
2237 1.084500142857143E7
2238 4683594.2
2239 5934764.0
2240 4553778.333333333
2241 4669171.6
2242 9946003.5
2243 1.7882072E7
2244 4919205.8
2245 1.2347166E7
2246 7555816.0
2247 9717420.6
2248 875916.8333333334
2249 1.87855795E7
2250 7280833.8
2251 1.172828675E7
2252 8561720.0
2253 0
2254 1.14840615E7
2255 6931993.0
2256 3.2230050333333332E7
2257 1.14911538E7
2258 5259583.6
2259 6424176.666666667
2260 3.264123675E7
2261 1.55987875E7
2262 1.32803044E7
2263 8701407.5
2264 1.9220340833333332E7
2265 6874398.4
2266 4900596.428571428
2267 3.13651956E7
2268 6139971.6
2269 4093246.0
2270 5026690.0
2271 5376547.375
2272 1.0888965E7
2273 6720948.333333333
2274 2.55174005E7
2275 7628.5
2276 1.3776677833333334E7
2277 2.444989625E7
2278 1.0846119666666666E7
2279 5766201.666666667
2280 1.8636577E7
2281 7070683.833333333
2282 9480493.4
2283 2760458.0
2284 3.8097861333333336E7
2285 7465901.0
2286 6302624.0
2287 1.0569813E7
2288 1.8159662333333332E7
2289 4330876.555555556
2290 1.09698925E7
2291 2907151.25
2292 3632409.3333333335
2293 5868188.571428572
2294 8.37156125E7
2295 1193267.25
2296 3470610.3333333335
2297 4164228.8571428573
2298 7671464.0
2299 2.9497248666666668E7
2300 5736.0
2301 1.019072E7
2302 686919.0
2303 4066.5
2304 1.486653825E7
2305 1.58414384E7
2306 4484727.125
2307 8085804.285714285
2308 6838972.333333333
2309 1.1780712875E7
2310 6592575.5
2311 4.44254406E7
2312 1.4476027333333334E7
2313 1.7103776E7
2314 1.1737453E7
2315 2.46768174E7
2316 211880.66666666666
2317 2.3579236333333332E7
2318 1841397.25
2319 6871923.6
2320 5571222.5
2321 2.258111575E7
2322 5475909.4
2323 4399166.5
2324 9582671.625
2325 1.2243810285714285E7
2326 1.68994904E7
2327 8760688.333333334
2328 1.1316405666666666E7
2329 6664968.666666667
2330 4.72420335E7
2331 1.25563553E7
2332 1617632.2
2333 5.38366785E7
2334 8333751.875
2335 8459900.666666666
2336 5240095.8
2337 1.647893675E7
2338 1229691.0
2339 1.8256962777777776E7
2340 3911206.0
2341 6855710.4
2342 0
2343 6901966.5
2344 9267079.833333334
2345 9471638.5
2346 3360583.25
2347 1.3620885166666666E7
2348 2.9491402E7
2349 4796468.2
2350 3445201.285714286
2351 1.4345241E7
2352 9034907.2
2353 4048173.2
2354 2.044481357142857E7
2355 8231000.0
2356 8771089.0
2357 1.9206585625E7
2358 2.3994772E7
2359 2.3023788E7
2360 1.3266610285714285E7
2361 1.40864765E7
2362 7883384.166666667
2363 2981598.0
2364 1.1241866E7
2365 1392332.1666666667
2366 1.0792987888888888E7
2367 2.0147294222222224E7
2368 2691993.0
2369 1.0248843666666666E7
2370 1.09922565E7
2371 1.1121864E7
2372 1.0032477E7
2373 2.43368243E7
2374 6009917.8
2375 1.13310235E7
2376 1.54884842E7
2377 1.497401657142857E7
2378 3482434.5
2379 1.5901293E7
2380 2.48335134E7
2381 2417510.0
2382 11204.333333333334
2383 1.7786558375E7
2384 5821.5
2385 2017877.2
2386 4662660.333333333
2387 2.451778925E7
2388 7847962.0
2389 3.240823725E7
2390 100806.0
2391 1.372525075E7
2392 6556.75
2393 1.041250925E7
2394 8017009.0
2395 6658775.666666667
2396 3.7371744E7
2397 1.4342816E7
2398 1.25964302E7
2399 6736189.75
2400 2.18493606E7
2401 2.2448986E7
2402 9451341.0
2403 2.02862335E7
2404 21999.333333333332
2405 2.1417684666666668E7
2406 3334919.0
2407 1.52001658E7
2408 2736568.3333333335
2409 4.853244525E7
2410 1.5589032333333334E7
2411 1.14707545E7
2412 8355654.555555556
2413 7236281.5
2414 1.3564492166666666E7
2415 1.05447534E7
2416 1.38524852E7
2417 1.2913906E7
2418 1.0750686875E7
2419 1.787851125E7
2420 5280748.333333333
2421 8428795.0
2422 1.13506848E7
2423 7989880.5
2424 8232613.5
2425 6120077.4
2426 4189175.75
2427 6024030.666666667
2428 1.78657218E7
2429 9814907.125
2430 2.060256357142857E7
2431 4.4347163E7
2432 4492553.714285715
2433 2614027.0
2434 5783.0
2435 1.8795952E7
2436 5.0410053333333336E7
2437 2936168.285714286
2438 7667.0
2439 1.1495111333333334E7
2440 11018.5
2441 6606642.6
2442 2.8671719E7
2443 1603938.0
2444 2193521.4545454546
2445 1088318.8333333333
2446 6985431.5
2447 7103126.0
2448 2.7577025E7
2449 2.407871925E7
2450 2745812.1666666665
2451 6482512.0
2452 1.445165925E7
2453 1.99285298E7
2454 5723405.5
2455 5691668.333333333
2456 6888808.666666667
2457 6380744.428571428
2458 1.173288825E7
2459 8704846.4
2460 3628489.5
2461 3440207.6666666665
2462 3.3177172E7
2463 6048657.4
2464 3331657.6
2465 2.576936925E7
2466 2824779.714285714
2467 9157359.0
2468 6998159.0
2469 1.3194749E7
2470 688421.75
2471 6352002.166666667
2472 1494142.3333333333
2473 6090861.8
2474 3.0115336E7
2475 5475.0
2476 2.9791597E7
2477 4294813.666666667
2478 1.3529621333333334E7
2479 2.1569599E7
2480 8766708.42857143
2481 1.10342976E7
2482 9886290.5
2483 7538978.75
2484 3905336.1666666665
2485 4.190509625E7
2486 1.18257085E7
2487 1.6957955E7
2488 1.6119086333333334E7
2489 7843563.666666667
2490 4427211.2
2491 1.809296725E7
2492 4104.5
2493 1.561962325E7
2494 3.418062425E7
2495 8789090.0
2496 6603411.0
2497 4008806.777777778
2498 3.3314682E7
2499 3.0562909E7
2500 5118021.6
2501 8868.0
2502 800447.8
2503 1.20392722E7
2504 1.6575381777777778E7
2505 1.4106482636363637E7
2506 4001322.5
2507 2.7596586666666668E7
2508 4912334.0
2509 2.1623345E7
2510 1.01511E7
2511 1.0284525E7
2512 8208747.75
2513 1.2068381333333334E7
2514 3334463.1428571427
2515 2337774.0
2516 3258534.0
2517 3360178.75
2518 6571919.0
2519 1.629605075E7
2520 1.0914047666666666E7
2521 1.36504567E7
2522 6311.333333333333
2523 4881211.5
2524 1.7263734333333332E7
2525 2.56732805E7
2526 2796700.5
2527 3351163.4
2528 5149828.8
2529 2.21023096E7
2530 2.1375744E7
2531 1.36403759E7
2532 7926.0
2533 8446514.5
2534 8713663.2
2535 3347432.5714285714
2536 1.132174225E7
2537 1.0410618E7
2538 1.44432194E7
2539 1.7256919E7
2540 3.199192742857143E7
2541 6501961.333333333
2542 4.4697419571428575E7
2543 4135233.2
2544 28522.0
2545 6006661.0
2546 1.1031131166666666E7
2547 6297394.0
2548 1584074.375
2549 3.3013446714285713E7
2550 1.2756148888888888E7
2551 1.0292170666666666E7
2552 2.0053071E7
2553 7082416.0
2554 1.2861313857142856E7
2555 5916479.25
2556 5311266.428571428
2557 2.7516993E7
2558 2776673.0
2559 3.3860126E7
2560 0
2561 1.0483387714285715E7
2562 2.039799225E7
2563 6654659.2
2564 6603880.7272727275
2565 1.29668618E7
2566 2.8623788333333332E7
2567 2.05965745E7
2568 3.8772956333333336E7
2569 5115963.5
2570 575262.0
2571 858385.0
2572 4833851.5
2573 8339831.666666667
2574 4.08671005E7
2575 1.514848275E7
2576 1797858.0
2577 7213586.0
2578 1.9536008666666668E7
2579 9878248.333333334
2580 2859564.25
2581 3.513153575E7
2582 1.065488625E7
2583 6503645.285714285
2584 1.5784872E7
2585 8525804.0
2586 1.7362755E7
2587 1.3417147E7
2588 1.2020862285714285E7
2589 5187.666666666667
2590 7129080.6
2591 8689.25
2592 1.26582195E7
2593 5599234.285714285
2594 4003448.0
2595 1.2028107076923076E7
2596 1.87419135E7
2597 1.22085538E7
2598 1.1745329E7
2599 5635481.0
2600 2.5381713333333332E7
2601 3534455.0
2602 1.60776265E7
2603 16675.5
2604 1.8443814166666668E7
2605 5772256.666666667
2606 1.4720691333333334E7
2607 2563725.0
2608 0
2609 9026351.4
2610 1.02166325E7
2611 6263035.833333333
2612 3.36853945E7
2613 1.279585657142857E7
2614 1.34238548E7
2615 2.9111564666666668E7
2616 9756650.5
2617 5270410.0
2618 2.902456214285714E7
2619 1.3830801E7
2620 2.08187708E7
2621 7513.0
2622 7491.5
2623 1.8467847666666668E7
2624 1.02741605E7
2625 1271020.3333333333
2626 6601483.5
2627 1.0993343272727273E7
2628 6396120.666666667
2629 7113036.833333333
2630 244982.25
2631 12554.0
2632 1.12527745E7
2633 5527740.8
2634 9433624.5
2635 3.932141375E7
2636 2.04717625E7
2637 2666953.6
2638 3658914.0
2639 5.06295255E7
2640 1.0711461166666666E7
2641 1.0342924833333334E7
2642 9955447.25
2643 3187951.125
2644 1.60351755E7
2645 1087449.75
2646 2.5436467E7
2647 3621.6666666666665
2648 2.302279657142857E7
2649 2.5717293333333332E7
2650 2231265.8571428573
2651 1.9442133E7
2652 6434245.0
2653 603045.5
2654 7223.0
2655 1.84102594E7
2656 7760485.5
2657 1241728.0
2658 5146107.333333333
2659 2.4298660333333332E7
2660 6127505.0
2661 1.7712886666666668E7
2662 1.6108916E7
2663 8686058.0
2664 2774268.5
2665 3409.5
2666 868402.0
2667 3195143.0
2668 6166450.6
2669 4053937.6
2670 1.6814311666666668E7
2671 8300338.166666667
2672 1.00932832E7
2673 1.5237417E7
2674 2.205097325E7
2675 1.870874957142857E7
2676 679991.75
2677 1.7334507E7
2678 2.50281355E7
2679 4083367.0
2680 1.03786345E7
2681 3.5605524428571425E7
2682 5799225.833333333
2683 1.56765095E7
2684 2733563.0
2685 2778717.8571428573
2686 2.9924157E7
2687 1.8798829166666668E7
2688 2.543783175E7
2689 1.50965055E7
2690 8228587.4
2691 2.20933162E7
2692 1.09079794E7
2693 4.856037E7
2694 1162829.25
2695 8342323.0
2696 2.06255674E7
2697 1.571699975E7
2698 7449468.0
2699 7632926.166666667
2700 1.76918188E7
2701 1.4997253666666666E7
2702 1.316614625E7
2703 4453065.75
2704 6238538.333333333
2705 8929821.0
2706 3.0418824333333332E7
2707 2825257.3333333335
2708 1116555.2
2709 4.2480503333333336E7
2710 2.0858370375E7
2711 5065857.6
2712 2.8596025222222224E7
2713 15438.0
2714 1.1092044625E7
2715 1.2411623333333334E7
2716 1.88081756E7
2717 1.34335445E7
2718 1.4890501E7
2719 5.85554905E7
2720 3.5734256571428575E7
2721 1.391010242857143E7
2722 2546792.5
2723 1.9448489E7
2724 7477548.2
2725 2.43854444E7
2726 1.7458780833333332E7
2727 1.6061411E7
2728 1.41731948E7
2729 2.70709975E7
2730 5.701218628571428E7
2731 5.6698749833333336E7
2732 1.1360152666666666E7
2733 5200208.0
2734 1.09963594E7
2735 1.927095325E7
2736 3636280.0
2737 8454226.5
2738 1.5101907833333334E7
2739 1.3174724E7
2740 1.8056612875E7
2741 5.32092325E7
2742 2.52677425E7
2743 1.2645981E7
2744 3.5756464E7
2745 1.1299691E7
2746 1.3986812E7
2747 6346006.25
2748 1.9241832E7
2749 1.3105825166666666E7
2750 3987700.0
2751 8531077.2
2752 6552292.0
2753 513632.0
2754 3411711.0
2755 1.97372264E7
2756 3166176.3333333335
2757 4251097.75
2758 1771.0
2759 1891654.0
2760 1.84832992E7
2761 123140.5
2762 3.0294635666666668E7
2763 1.1911815666666666E7
2764 3330.0
2765 3.556719975E7
2766 1.153365775E7
2767 8333175.666666667
2768 2.416862E7
2769 1.7612807333333332E7
2770 1.7984704875E7
2771 2.03421182E7
2772 2.82651765E7
2773 7796000.5
2774 1.95797805E7
2775 1.00833682E7
2776 1.360834375E7
2777 1231934.3333333333
2778 9790017.111111112
2779 1.0575612833333334E7
2780 3.12554576E7
2781 6.7090102E7
2782 6214117.8
2783 1.06295935E7
2784 6245787.2
2785 1.7161436166666668E7
2786 3.0142747666666668E7
2787 3695482.6
2788 349078.6
2789 3.9732327833333336E7
2790 1.09387005E7
2791 1.7324541833333332E7
2792 2.9994433333333332E7
2793 5971478.571428572
2794 1.4264694777777778E7
2795 8803190.57142857
2796 1.2945197333333334E7
2797 2.2473674285714287E7
2798 2.1104165125E7
2799 5.59236455E7
2800 1.07318715E7
2801 3709633.0
2802 1.2993748727272727E7
2803 5.389887028571428E7
2804 1.486771142857143E7
2805 2.348885814285714E7
2806 1.3968471E7
2807 2.00345897E8
2808 5049005.0
2809 2702045.1428571427
2810 2.89559595E7
2811 1.64605156E7
2812 8000.0
2813 9522.25
2814 1.3457519E7
2815 1.9934487285714287E7
2816 3.75577016E7
2817 2.8740313E7
2818 2.6358437E7
2819 1.1480912333333334E7
2820 1.025854E7
2821 2.123973609090909E7
2822 2.462856175E7
2823 4005.5
2824 4874246.333333333
2825 1.572804942857143E7
2826 7471967.916666667
2827 1.6386603E7
2828 9155288.777777778
2829 1.2123238E7
2830 2254731.0
2831 8303.0
2832 7028931.666666667
2833 7425733.25
2834 9083.0
2835 3.4954325166666664E7
2836 5.1733352E7
2837 1.468481275E7
2838 9304923.0
2839 1.162758442857143E7
2840 6259827.75
2841 2.44018771E7
2842 301723.0
2843 9143083.5
2844 1.13260592E7
2845 3.8224299E7
2846 1.83764048E7
2847 4115121.6666666665
2848 1.331174825E7
2849 4.25987146E7
2850 2.8242003333333332E7
2851 1.2676722333333334E7
2852 5.8215441E7
2853 3.8457044E7
2854 5.0081785E7
2855 3044017.0
2856 9771927.9
2857 8817969.4
2858 9267965.666666666
2859 1.2184396166666666E7
2860 4365062.0
2861 1.573028925E7
2862 5350409.571428572
2863 9936647.0
2864 8.814730275E7
2865 2.4954639333333332E7
2866 1.33095925E7
2867 2.1241191833333332E7
2868 2.1853006666666668E7
2869 5.12080555E7
2870 1.0663640333333334E7
2871 1.216409E7
2872 1.2861567666666666E7
2873 3709.0
2874 2.1643530666666668E7
2875 3.63959058E7
2876 1.12001248E7
2877 1.6870256166666668E7
2878 1.65202658E7
2879 4.418495075E7
2880 4.24283375E7
2881 7410443.8
2882 1.455847925E7
2883 1697537.5555555555
2884 5312355.666666667
2885 2.0743947333333332E7
2886 2.1782670111111112E7
2887 656342.4
2888 1.0379472833333334E7
2889 1.040608975E7
2890 6174200.6
2891 1.9866493625E7
2892 1.6354897E7
2893 3.48917234E7
2894 1457729.5
2895 1.66544872E7
2896 1.086421375E7
2897 2.62666631E7
2898 1.5423169333333334E7
2899 1.2709856142857144E7
2900 1.2441882888888888E7
2901 5810181.375
2902 4.786042975E7
2903 7235.333333333333
2904 2.619161775E7
2905 7537.0
2906 4.0002372166666664E7
2907 5418979.5
2908 3.6246357E7
2909 1.421170125E7
2910 1.4804393E7
2911 4381268.75
2912 5141022.25
2913 3.8293796E7
2914 2821652.8
2915 9103142.25
2916 1780282.5
2917 4.165972125E7
2918 2.0463415E7
2919 1.26012246E7
2920 2190548.75
2921 5091674.166666667
2922 2.43603306E7
2923 1.1973382285714285E7
2924 2.5722044166666668E7
2925 2.8093721E7
2926 1.490071375E7
2927 4365759.5
2928 3874.0
2929 2.54148078E7
2930 4903561.0
2931 3.2940350166666668E7
2932 1.449007525E7
2933 1.826232585714286E7
2934 2.267403875E7
2935 2346056.3333333335
2936 1.39435246E7
2937 3.07744764E7
2938 1474.0
2939 932847.0
2940 0
2941 8528152.0
2942 1.04801902E7
2943 1.4297997444444444E7
2944 0
2945 2.39220492E7
2946 3332011.4
2947 3.3292096875E7
2948 3.9567755777777776E7
2949 2400532.6666666665
2950 3067115.285714286
2951 1.1653337857142856E7
2952 6.16734934E7
2953 1.4621813E7
2954 1.5375141E7
2955 4633520.5
2956 3172052.6666666665
2957 2.0530942E7
2958 6596768.666666667
2959 2.845834775E7
2960 4315657.714285715
2961 2.660069242857143E7
2962 1.85495275E7
2963 1.6991497E7
2964 2.6230235666666668E7
2965 5.7427735333333336E7
2966 6.4481255666666664E7
2967 5248036.666666667
2968 2.7987595E7
2969 1.1945522555555556E7
2970 1.7673089444444444E7
2971 1.3241361555555556E7
2972 3.3211083E7
2973 1.80011354E7
2974 2.7548385E7
2975 1.271924642857143E7
2976 8845894.75
2977 7.469681375E7
2978 8164882.0
2979 1.4752193875E7
2980 1.251275175E7
2981 7074329.0
2982 7819815.857142857
2983 5911.0
2984 4755999.8
2985 1.8543851166666668E7
2986 9652012.0
2987 8288222.4
2988 1.0201417E7
2989 2763475.6666666665
2990 2.898952775E7
2991 4.0206764E7
2992 3.33839708E7
2993 4968574.0
2994 1.6315881666666666E7
2995 4.5560562E7
2996 1.893079842857143E7
2997 5.2729579166666664E7
2998 1.1432570433333333E8
2999 5869953.25
3000 7549720.5
3001 2.9345299E7
3002 2.4575886333333332E7
3003 2.0677487444444444E7
3004 6667969.0
3005 6409693.5
3006 1.12517575E7
3007 1.4849825E7
3008 9947423.142857144
3009 6578000.0
3010 2.6358481E7
3011 1.3070142285714285E7
3012 4.6474613666666664E7
3013 2.5097272285714287E7
3014 1132570.6666666667
3015 2.1492116E7
3016 2.8282666E7
3017 1.654767E7
3018 8046129.285714285
3019 3.6676580833333336E7
3020 1.6420660222222222E7
3021 2.6432601E7
3022 2.5330145333333332E7
3023 1.5311683333333334E7
3024 5732.0
3025 1.9740547666666668E7
3026 1.0183849E7
3027 2.6583083166666668E7
3028 8149446.857142857
3029 6074468.125
3030 1.6121114222222222E7
3031 1.1619785E7
3032 7489638.333333333
3033 2.3025764E7
3034 2.5446852166666668E7
3035 7008353.285714285
3036 2.3477439E7
3037 2.34623682E7
3038 3657549.0
3039 1.0880508E7
3040 1.1931910222222222E7
3041 4.724137E7
3042 1.8944868333333332E7
3043 1.05975015E7
3044 4.06014255E7
3045 1.455715825E7
3046 2.55009545E7
3047 9010.0
3048 2531946.8571428573
3049 2271916.0
3050 2294.3333333333335
3051 6.2469466E7
3052 2.3595452E7
3053 9069457.333333334
3054 1464360.0
3055 1.17460045E7
3056 1.03908713E8
3057 3.63901014E7
3058 7176247.6
3059 1801.0
3060 8823907.25
3061 1.7755836714285713E7
3062 4.2455534333333336E7
3063 4541496.0
3064 2042446.75
3065 2.642420625E7
3066 7157482.714285715
3067 2.0553623444444444E7
3068 4968.5
3069 1.0148702E7
3070 3.73524414E7
3071 3.30211222E7
3072 6446053.111111111
3073 3326534.0
3074 8599031.0
3075 2138.5
3076 5187516.666666667
3077 1.6526597833333334E7
3078 2.0618049125E7
3079 0
3080 4295070.333333333
3081 7.6516372E7
3082 4.4362313E7
3083 3.0412306E7
3084 1.72974745E7
3085 4640672.111111111
3086 7306466.8
3087 2.59543855E7
3088 5.94258905E7
3089 1.573444075E7
3090 5.63140225E7
3091 2.2766516666666668E7
3092 1.9021510555555556E7
3093 3.05432096E7
3094 3.1064715E7
3095 5980.0
3096 1.3379397E7
3097 1775452.3333333333
3098 7.117340266666667E7
3099 1.5200562142857144E7
3100 2.164974125E7
3101 2.827727914285714E7
3102 8028161.75
3103 2.958934775E7
3104 6726.0
3105 9785170.0
3106 1.3337249666666666E7
3107 5.0983586571428575E7
3108 1.1963209E7
3109 3.2641307666666668E7
3110 1.159336775E7
3111 5.56519876E7
3112 2.107018457142857E7
3113 2667557.0
3114 8662116.666666666
3115 1.7282806E7
3116 4266586.166666667
3117 7.32027829E7
3118 7077.0
3119 4.13819862E7
3120 8.38575005E7
3121 1.96841854E7
3122 4.31095645E7
3123 1.83947656E7
3124 1.61359066E7
3125 1.5083433E7
3126 7030440.0
3127 3.20665732E7
3128 1.50501262E7
3129 7063280.0
3130 1.83540555E7
3131 3.0916963333333332E7
3132 3.4373709333333336E7
3133 584239.4
3134 4.41404935E7
3135 8.730015166666667E7
3136 5.2829867461538464E7
3137 1.228901246E8
3138 6.302139685714286E7
3139 2.381734814285714E7
3140 2.69013425E7
3141 3.1960554E7
3142 1.7814781444444444E7
3143 9.081252933333333E7
3144 1.273249225E7
3145 3.1398213666666668E7
3146 4828796.25
3147 3.4416652666666664E7
3148 5.404069075E7
3149 2.72251665E7
3150 3.6978253E7
3151 3.26123932E7
3152 1.6083010142857144E7
3153 2.0672565166666668E7
3154 1.5417561333333334E7
3155 8.17364E7
3156 2.61220255E7
3157 3.0497649625E7
3158 3.2446723E7
3159 2.5766535333333332E7
3160 12182.5
3161 7712713.0
3162 1328195.0
3163 4456281.25
3164 6609593.75
3165 3574861.0
3166 3.16717555E7
3167 5.5370035333333336E7
3168 2.7570786166666668E7
3169 1634.0
3170 4.1796521E7
3171 3.8277078E7
3172 2.417819E7
3173 1.4221684E7
3174 3.59259462E7
3175 1.6948038833333332E7
3176 6.6075412375E7
3177 4580000.833333333
3178 2.928022825E7
3179 3.84344738E7
3180 6.28623496E7
3181 1.6249915166666666E7
3182 2.38640745E7
3183 2918.0
3184 4.1194380375E7
3185 1.8264757833333332E7
3186 2.9141993777777776E7
3187 3.253155575E7
3188 6.3477061E7
3189 2.2040151375E7
3190 4432630.625
3191 8380.0
3192 3.8964484666666664E7
3193 2.4534498833333332E7
3194 3.566505371428572E7
3195 825235.0
3196 2.2156426E7
3197 3.6294446E7
3198 4095909.0
3199 3654928.5
3200 5.7840987333333336E7
3201 3.3997051E7
3202 7435448.25
3203 4.76974255E7
3204 4.0006705833333336E7
3205 1.494509275E7
3206 1.87018845E7
3207 417978.6666666667
3208 7992852.333333333
3209 357388.5
3210 1.7375392E7
3211 896865.8
3212 4.3351404333333336E7
3213 8588350.5
3214 4.1046763166666664E7
3215 1.7863904714285713E7
3216 2.488806385714286E7
3217 3128858.6
3218 4.941381985714286E7
3219 1.6990229E7
3220 4.4926359375E7
3221 1.2839057E7
3222 1.490278425E7
3223 3.3267139E7
3224 2.440223425E7
3225 1.681121785714286E7
3226 7.083981075E7
3227 2.37674608E7
3228 3.2389826272727273E7
3229 1.0361647E8
3230 2.0689769375E7
3231 4.4688891333333336E7
3232 1.3437950166666666E7
3233 1.22796945E7
3234 5833720.333333333
3235 6712151.0
3236 3.540715275E7
3237 5378649.75
3238 5806239.0
3239 1.8257513333333332E7
3240 4.8384149E7
3241 4.4310435E7
3242 5492678.444444444
3243 1.5416241142857144E7
3244 6.790104E7
3245 3.1912902E7
3246 2.0519398E7
3247 1.434354125E7
3248 9232653.0
3249 2.960581785714286E7
3250 1.52663425E7
3251 3.2124926384615384E7
3252 2.61963572E7
3253 2.3657782875E7
3254 3.8324755583333336E7
3255 1.43713785E7
3256 1.7655321E7
3257 1.91818485E7
3258 2.8710657285714287E7
3259 2.5941354E7
3260 9184045.25
3261 3.0085134E7
3262 5827.0
3263 3.0950621E7
3264 3.905356425E7
3265 4.34421018E7
3266 1.2590822777777778E7
3267 1.216840275E7
3268 1.41640284E7
3269 1.1163455E7
3270 1.2446602E7
3271 4.10125305E7
3272 7231376.5
3273 1.67511494E7
3274 11587.0
3275 1.732150075E7
3276 1.868221225E7
3277 4.987009675E7
3278 6101990.333333333
3279 8881364.0
3280 3.2821869E7
3281 3.1267166625E7
3282 5.1911664571428575E7
3283 5335765.833333333
3284 3.82045774E7
3285 1.3720425625E7
3286 8005100.333333333
3287 5760545.0
3288 3.57664858E7
3289 2.7449061818181816E7
3290 1.0898626333333334E7
3291 0
3292 1115162.0
3293 1.8671108E7
3294 1.92504615E8
3295 5.318061025E7
3296 3.9037844125E7
3297 1.3666019333333334E7
3298 2.15402622E7
3299 1885060.4
3300 4.11733066E7
3301 4.6541415166666664E7
3302 4.05395745E7
3303 2.0455149666666668E7
3304 5.128479525E7
3305 2.04040056E7
3306 2.08569042E7
3307 2.386948525E7
3308 7499666.666666667
3309 7.02620965E7
3310 1.66611838E7
3311 4.8865489E7
3312 2415006.0
3313 1.09837001E8
3314 1.3522974E7
3315 1.04013784E7
3316 5078462.666666667
3317 1209902.0
3318 1.6370988E7
3319 6.17962335E7
3320 5914564.2
3321 5667841.2
3322 3204573.5
3323 8.68239064E7
3324 4.35162595E7
3325 2.9328612E7
3326 1.1189808E7
3327 2.61155938E7
3328 1628.0
3329 2.1132160111111112E7
3330 9.1374126E7
3331 5.702416575E7
3332 2.0458032666666668E7
3333 4464.0
3334 24321.333333333332
3335 0
3336 2.8482794875E7
3337 4.95484186E7
3338 5176778.666666667
3339 5.27033966E7
3340 2.12333427E7
3341 3.74339275E7
3342 1.445424425E7
3343 6642.0
3344 2.870487942857143E7
3345 3.9245207222222224E7
3346 2.1702466E7
3347 7913747.5
3348 0
3349 1.8638106714285713E7
3350 7.5662688E7
3351 1.39382298E7
3352 3.13282191E7
3353 6.3081341E7
3354 4669322.8
3355 9927117.8
3356 7613.0
3357 7646284.0
3358 4.0554815333333336E7
3359 8.558487875E7
3360 8748570.625
3361 6617913.857142857
3362 6.46564105E7
3363 12405.666666666666
3364 5.0819122E7
3365 3.98607645E7
3366 2.1541459125E7
3367 2.2654654E7
3368 7254.0
3369 2.3585062111111112E7
3370 5.15892098E7
3371 7.96184485E7
3372 3.64021895E7
3373 8181011.285714285
3374 1.4584143666666666E7
3375 1.07139792E7
3376 3.5654449E7
3377 6.841811966666667E7
3378 3.6121291166666664E7
3379 2.9471340666666668E7
3380 9.08673966E7
3381 2.8071660333333332E7
3382 2.9708048E7
3383 4.8157117E7
3384 7499406.0
3385 3.5807371E7
3386 1.905848485714286E7
3387 3164280.6
3388 4.7767571833333336E7
3389 1.8298030875E7
3390 6.0792161E7
3391 3.952135085714286E7
3392 4.22849095E7
3393 1.3646304333333334E7
3394 2.4960473875E7
3395 7.757099975E7
3396 7054629.4
3397 6.9943777E7
3398 4.50430365E7
3399 2.0292582777777776E7
3400 2.02570065E7
3401 6.544418771428572E7
3402 3.39130035E7
3403 2.4074302E7
3404 6.0006760333333336E7
3405 2.8515184E7
3406 333476.2
3407 2449414.2
3408 2.8621011333333332E7
3409 2.4515194E7
3410 9438351.5
3411 3.8138295833333336E7
3412 3.3420411333333332E7
3413 2.9867549166666668E7
3414 4.59834784E7
3415 1.83842752E7
3416 2.9993944666666668E7
3417 2.70571165E7
3418 6.349087075E7
3419 4.3782593125E7
3420 2.6276105333333332E7
3421 2.983640575E7
3422 1.439499055E8
3423 3.536357685714286E7
3424 4.9156701333333336E7
3425 3.3931135666666664E7
3426 2.30236258E7
3427 2.10517424E7
3428 0
3429 6.4744443571428575E7
3430 1.2086748E7
3431 3.586521175E7
3432 1.3903389666666666E7
3433 7.24901988E7
3434 9536796.6
3435 1.4315890333333334E7
3436 4232889.333333333
3437 2.2748935E7
3438 2.36172188E7
3439 6.6087166333333336E7
3440 3.61888915E7
3441 8090438.833333333
3442 5266652.142857143
3443 3.0627119333333332E7
3444 1.6699274E7
3445 2.51626405E7
3446 6.13519346E7
3447 4.3560901E7
3448 4.12940415E7
3449 1.5305405166666666E7
3450 3.17801495E7
3451 2.6108142E7
3452 5.2116602666666664E7
3453 5.241054675E7
3454 2.8660162E7
3455 2.43301066E7
3456 4.83188952E7
3457 1.44300874E8
3458 3.297127E7
3459 1755805.6
3460 3.5625696E7
3461 1.02016184E7
3462 4.26985794E7
3463 3.1024436625E7
3464 8.78180095E7
3465 6613.333333333333
3466 3.02865965E7
3467 1.1114967666666666E7
3468 1.72884355E7
3469 3.48147646E7
3470 2.8154544666666668E7
3471 5.7826608E7
3472 2.29696314E7
3473 7011398.0
3474 4.531420025E7
3475 3.88370665E7
3476 4.0339814E7
3477 5905165.75
3478 3.5465567666666664E7
3479 4.7221852875E7
3480 2.2528035E7
3481 3.28426295E7
3482 2.96167374E7
3483 5.7279475375E7
3484 3.427158385714286E7
3485 2.0298924166666668E7
3486 4.00075945E7
3487 4.91753098E7
3488 1.0855484833333334E7
3489 7.882144633333333E7
3490 2.2447652333333332E7
3491 6.731378455555555E7
3492 3.59342062E7
3493 2.525741725E7
3494 8385845.833333333
3495 3.6253895333333336E7
3496 3.7967471666666664E7
3497 5298.5
3498 4.8886141333333336E7
3499 2.1788806666666668E7
3500 2.6700594E7
3501 9439460.0
3502 2.597277075E7
3503 3.598243914285714E7
3504 1.2182862166666666E7
3505 2036662.6666666667
3506 6.50295986E7
3507 9500.25
3508 5747734.6
3509 3.237127942857143E7
3510 3.08527385E7
3511 1.8830268666666668E7
3512 4.771625375E7
3513 3.359207111111111E7
3514 1.0673921E7
3515 2.81282755E7
3516 8099.0
3517 2.737412E7
3518 1.2381237166666666E7
3519 1.1429273E7
3520 7772708.666666667
3521 3.02982784E7
3522 8634550.6
3523 2.4524256E7
3524 1.15107645E8
3525 5.1781399571428575E7
3526 9617568.333333334
3527 4.3293512E7
3528 5.622419114285714E7
3529 1.4880173E7
3530 1.4217823333333334E7
3531 3.9858826125E7
3532 2.6660867333333332E7
3533 1.5791576E7
3534 1.11473165E7
3535 2.249393825E7
3536 3.5274452E7
3537 6.19581955E7
3538 4456225.666666667
3539 1.94910198E7
3540 8581.0
3541 6.1950442375E7
3542 2793273.5
3543 1.155854525E7
3544 5.019302775E7
3545 9954074.8
3546 14982.0
3547 0
3548 5.7808644833333336E7
3549 2.8828285E7
3550 1.4429513333333334E7
3551 4.2267143333333336E7
3552 9.072615825E7
3553 1.4667582142857144E7
3554 1.6559821E7
3555 9354512.6
3556 16288.0
3557 2.8044487E7
3558 8385255.285714285
3559 5.20845592E7
3560 1.5927753E7
3561 2.10834175E7
3562 2.6088984666666668E7
3563 3.948400614285714E7
3564 1.9285323E7
3565 1618789.5
3566 2.8069814333333332E7
3567 1.0592629875E8
3568 5.9619053E7
3569 3.5873595E7
3570 6.463603925E7
3571 8.683085816666667E7
3572 1.842332375E7
3573 3.976676171428572E7
3574 1.06032554E7
3575 3754359.5
3576 5.51451905E7
3577 9.2169023E7
3578 3.95034592E7
3579 7.97661145E7
3580 1.0612679615384616E7
3581 3.67529048E7
3582 3787118.3333333335
3583 3.683649E7
3584 2.2876864375E7
3585 3680057.0
3586 2.5096483222222224E7
3587 9342406.285714285
3588 8.753310125E7
3589 1881.0
3590 5906630.5
3591 1.9581842E7
3592 8.7182924E7
3593 1.4847261166666666E7
3594 2.42446155E7
3595 7342098.333333333
3596 2.99311778E7
3597 4568665.25
3598 2.659304185714286E7
3599 1.07029592E8
3600 6.07239802E7
3601 2.22514716E7
3602 2.8409436833333332E7
3603 7190.0
3604 4.65394788E7
3605 1.1913117E7
3606 3898583.75
3607 1.3678096857142856E7
3608 7730471.5
3609 2.3008404E7
3610 1.5575230666666666E7
3611 4.351995275E7
3612 8456648.5
3613 5.3922671E7
3614 3.8426805E7
3615 2.241887314285714E7
3616 2.2017927111111112E7
3617 3.5861470666666664E7
3618 4.3775680428571425E7
3619 2.610526614285714E7
3620 2.9634754E7
3621 1.896866E7
3622 2.9650518E7
3623 1.0217549E7
3624 2.1971020333333332E7
3625 3.86545452E7
3626 2.268841675E7
3627 7.51965465E7
3628 1.97815855E7
3629 2.3464751E7
3630 6428898.666666667
3631 2.7380365E7
3632 0
3633 6089234.166666667
3634 5698848.6
3635 4.2880266E7
3636 4.8631194E7
3637 1.6304459833333334E7
3638 5365770.333333333
3639 7299.0
3640 2.5484482666666668E7
3641 6.979875366666667E7
3642 3255238.4
3643 3.55105505E7
3644 4.89740844E7
3645 1.126069957142857E7
3646 2.7721171125E7
3647 2.469050525E7
3648 2.259332475E7
3649 6.617011225E7
3650 1.16656946E7
3651 3.85580191E7
3652 3.7522046333333336E7
3653 9.54664974E7
3654 3.6343484222222224E7
3655 3.172603414285714E7
3656 7.125641233333333E7
3657 6515777.333333333
3658 6.2777498125E7
3659 2.8541408714285713E7
3660 1.6793584333333332E7
3661 7811.0
3662 9964548.0
3663 4.289655671428572E7
3664 7621665.0
3665 7.87502575E7
3666 2.84334435E7
3667 7.379380433333333E7
3668 4.5996039E7
3669 3.0058025E7
3670 3075587.0
3671 2.2435073333333332E7
3672 2.58463644E7
3673 1.05704035E7
3674 5997185.8
3675 3.524099975E7
3676 4.7252550166666664E7
3677 1.8760437166666668E7
3678 3550.0
3679 1.3160845833333334E7
3680 4046819.5
3681 1.1906719E7
3682 3.627049E7
3683 1.91962862E7
3684 2.2882964375E7
3685 2.48778195E7
3686 1.4425674E7
3687 9.0644985E7
3688 5.96556565E7
3689 5.6038980833333336E7
3690 6.6897617166666664E7
3691 6.8977686E7
3692 84130.33333333333
3693 5500703.5
3694 1.16383095E7
3695 4.4326042E7
3696 3190090.8
3697 2.6855752875E7
3698 3.4168983333333336E7
3699 2.8410723E7
3700 1.13554546E7
3701 2.3276097666666668E7
3702 1588087.6666666667
3703 6469643.5
3704 3.2058494333333332E7
3705 2.19187635E7
3706 1.56674142E7
3707 1.9254977333333332E7
3708 5417921.666666667
3709 1.7041956333333332E7
3710 1.4616285366666666E8
3711 12861.8
3712 1.95873838E8
3713 7.076362166666667E7
3714 6443230.833333333
3715 7.9334085E7
3716 3.75050732E7
3717 3.1939578666666668E7
3718 1848877.0
3719 2383.5
3720 1.0260157383333333E8
3721 4.6508189666666664E7
3722 6.0389328666666664E7
3723 3536439.75
3724 1.8554026E7
3725 1.4880962E7
3726 1.3867696866666666E8
3727 4.2298485E7
3728 2.6283001166666668E7
3729 1.0964428E7
3730 6.4984651166666664E7
3731 3.9231850833333336E7
3732 5.4534855666666664E7
3733 4.887082771428572E7
3734 8.6387513E7
3735 2.98733978E7
3736 3.4718428333333336E7
3737 7161.0
3738 2.1553322166666668E7
3739 7337.5
3740 1.46904424E8
3741 4.6056204375E7
3742 4.66409869E7
3743 1.43057285E7
3744 9.331119333333333E7
3745 2.958075785714286E7
3746 1.3686665666666666E7
3747 1.6433089333333334E8
3748 7.42576855E7
3749 6.7925242E7
3750 4.678288285714286E7
3751 2.9750673625E7
3752 1.48925967E8
3753 1.2320616E7
3754 3.14825954E7
3755 3.5632895375E7
3756 4.7390737E7
3757 8.1448772E7
3758 4.91092165E7
3759 3.2372432888888888E7
3760 5.951621275E7
3761 0
3762 2.4517825E7
3763 8.45231384E7
3764 4.7557156E7
3765 3.4501042428571425E7
3766 3.4185412E7
3767 6.41495525E7
3768 5.27329824E7
3769 4.6000026E7
3770 5.1288424833333336E7
3771 9.723040233333333E7
3772 1.6739009833333334E7
3773 2.2271187666666668E7
3774 3.182162725E7
3775 9183542.2
3776 6109586.25
3777 6.4631764333333336E7
3778 6.623013314285714E7
3779 7116509.0
3780 1.17323632E8
3781 1.36630595E7
3782 1.19169808E7
3783 1843.0
3784 7028264.285714285
3785 2.2577389E7
3786 3.861546914285714E7
3787 2.550640375E7
3788 6565866.5
3789 1.46402424E7
3790 3.0647976333333332E7
3791 1.108626675E7
3792 6.0185492E7
3793 7.89192204E7
3794 2.39333554E7
3795 3.67683526E7
3796 1.293293625E7
3797 4.2410072375E7
3798 2.0518856E8
3799 3.5997664E7
3800 1.9145957E7
3801 6.40099886E7
3802 5.32779362E7
3803 2.2103936875E7
3804 2.6256320555555556E7
3805 4.1743272333333336E7
3806 4.457779625E7
3807 4.2094445125E7
3808 1.7792427333333332E7
3809 9881649.333333334
3810 1.06679215E7
3811 7484181.833333333
3812 1.51658112E7
3813 7915878.75
3814 8040203.0
3815 1.9508248E7
3816 1.147516E7
3817 2.0506724833333332E7
3818 3.0849133333333332E7
3819 5.3655242666666664E7
3820 1.7821258166666666E8
3821 2.3361833E7
3822 1.45285586E7
3823 4.9287341125E7
3824 2.22433036E7
3825 3.9821989571428575E7
3826 9194361.75
3827 7.269034142857143E7
3828 4.23695015E7
3829 3745744.0
3830 1.0291281466666667E8
3831 2.5353373666666668E7
3832 2.0852588E7
3833 0
3834 1.1285951266666667E8
3835 5.4469097166666664E7
3836 1.1418601266666667E8
3837 7948037.0
3838 5.6460174333333336E7
3839 2.3260263E7
3840 4.859794925E7
3841 6.012045E7
3842 4.203668475E7
3843 1.0414137125E8
3844 1.6974551166666668E7
3845 1.9027690833333332E7
3846 3.0743593E7
3847 5.7160237E7
3848 8.18552382E7
3849 3.49835725E7
3850 2600962.4
3851 1.8967425125E7
3852 8246188.285714285
3853 3.6502935333333336E7
3854 1.4408952666666666E7
3855 4.39924175E7
3856 2.63615052E7
3857 1.2057714E7
3858 4.259439214285714E7
3859 2.89942255E7
3860 5484539.0
3861 4.8568232875E7
3862 3.4184945833333336E7
3863 8.90267646E7
3864 2.9974583E7
3865 2.634026825E7
3866 1.5676528875E7
3867 7.9587139E7
3868 2.5849153E7
3869 1.198618875E7
3870 2.0982429833333332E7
3871 1.103420082E8
3872 5.34815165E7
3873 4.2985546E7
3874 3.0332556166666668E7
3875 1546534.4
3876 7.7459543E7
3877 3.95410992E7
3878 6.54482486E7
3879 1.909550625E7
3880 3.9019808E7
3881 5.54467982E7
3882 2704018.5
3883 2.30177335E7
3884 1.73850782E7
3885 4.54546525E7
3886 9141482.0
3887 4.945076314285714E7
3888 2.51405556E7
3889 8289157.333333333
3890 2.3694319666666668E7
3891 8.790141666666667E7
3892 1.0522621833333334E7
3893 1.51120182E7
3894 7287986.5
3895 8.786061833333333E7
3896 2.6852394375E7
3897 1.69099515E7
3898 8912006.666666666
3899 4.012457828571428E7
3900 9.419414766666667E7
3901 7.867595275E7
3902 6.0962087333333336E7
3903 1.274885357142857E7
3904 2.8389348E7
3905 2.28845855E7
3906 1.98681785E7
3907 1.58014844E7
3908 3.5994666333333336E7
3909 5.9789153625E7
3910 1.0212133E7
3911 1.8706552E7
3912 1.1944003925E8
3913 2.792521E7
3914 6.6627669E7
3915 8.13139174E7
3916 1.7082697555555556E7
3917 8.05915667E7
3918 4.10763886E7
3919 4.4509926666666664E7
3920 8808714.75
3921 5.3653728666666664E7
3922 4.29573905E7
3923 1.2978556366666667E8
3924 1.917316542857143E7
3925 2.735347985714286E7
3926 1.5984181E7
3927 3.99913538E7
3928 1.67755016E7
3929 4.49986672E7
3930 5.73021674E7
3931 4.340489585714286E7
3932 5.63533886E7
3933 1.112537425E7
3934 1.036385075E7
3935 6.88338881111111E7
3936 4.5405913125E7
3937 5793083.0
3938 1.633880455E8
3939 6.474845525E7
3940 1.2043146833333334E7
3941 7.44749308E7
3942 5.4870397666666664E7
3943 6.174486025E7
3944 5.4323325333333336E7
3945 1.4922994E7
3946 1.5759175666666666E7
3947 7.562451885714285E7
3948 4.645848725E7
3949 3851844.6666666665
3950 9.7516105E7
3951 2.2286149333333332E7
3952 4.54982705E7
3953 3.3115408E7
3954 3.127725E7
3955 3.66409688E7
3956 7.7721898E7
3957 6197.5
3958 4.6938928125E7
3959 4.99595026E7
3960 9403346.714285715
3961 5.240753185714286E7
3962 2.0513332833333332E7
3963 2.4984933833333332E7
3964 1.212059957142857E7
3965 3.0939044666666668E7
3966 1.36830005E7
3967 3.32645322E7
3968 1.62281263E7
3969 8967.0
3970 6.4713737E7
3971 1.7004975375E7
3972 5.4695907833333336E7
3973 4.6335336833333336E7
3974 2.062624854E8
3975 1.0045051725E8
3976 3.1372866666666668E7
3977 4.5811468666666664E7
3978 2.42818765E7
3979 1446471.8333333333
3980 4.3252543666666664E7
3981 4.647602314285714E7
3982 3377170.5
3983 2.08667356E7
3984 2.1304333E7
3985 2.74420338E7
3986 1.9671835025E8
3987 2.32519305E7
3988 5.8904957666666664E7
3989 1.12902452E8
3990 8978216.25
3991 5.4862861E7
3992 4.5003616E7
3993 6.5132265E7
3994 3.2545908666666668E7
3995 8.5537364E7
3996 5544540.0
3997 2.3790103666666668E7
3998 4610445.5
3999 2.64705735E7
4000 2.78673586E7
4001 6.4157856875E7
4002 2.43234438E7
4003 5.2489313166666664E7
4004 8.62938905E7
4005 1.4361116E7
4006 7.9662309375E7
4007 4.894487675E7
4008 2884533.5
4009 4.130448475E7
4010 1.681517852E8
4011 1.24008085E8
4012 1.1609486728571428E8
4013 7.08808284E7
4014 3.2245055833333332E7
4015 5.90995026E7
4016 5.128254814285714E7
4017 2.2099015E7
4018 1.6455683333333334E7
4019 7.42756665E7
4020 5.4874874166666664E7
4021 1.3577504333333334E7
4022 5622.0
4023 2.2399756555555556E7
4024 1.783883785714286E7
4025 4.95778465E7
4026 2.596463E7
4027 1.8011732E7
4028 5.8137125E7
4029 3.57912824E7
4030 1.769060075E7
4031 5.0242776666666664E7
4032 4.3531125333333336E7
4033 7935027.333333333
4034 6.9786107E7
4035 3.4138930833333336E7
4036 1.930328775E7
4037 3.368048125E7
4038 10593.0
4039 8.90650725E7
4040 7.814286325E7
4041 1.1742294E7
4042 2.9791711E7
4043 1488091.0
4044 5090808.0
4045 1.06230235E8
4046 3.48836275E7
4047 6948687.25
4048 2.4156469333333332E7
4049 3.16254915E7
4050 3.3720402333333336E7
4051 7.9241093E7
4052 1.5609509E7
4053 1.1635177066666667E8
4054 3.7996164666666664E7
4055 6.0605554E7
4056 7995027.0
4057 8100929.333333333
4058 5.979617925E7
4059 2.0037888E7
4060 6.787281E7
4061 7774517.166666667
4062 5.112543625E7
4063 4.2901388E7
4064 5.2891343666666664E7
4065 2562282.0
4066 5285.5
4067 1.0889702133333333E8
4068 9539037.333333334
4069 1.09422253E8
4070 2.29437875E7
4071 4242032.333333333
4072 3.040248175E7
4073 2.88464556E7
4074 2.7492684E7
4075 3.01791318E7
4076 1460005.8333333333
4077 8.983389125E7
4078 2.0910205666666668E7
4079 4.77112065E7
4080 2.289997375E7
4081 9035.0
4082 8.0248906E7
4083 8.092760116666667E7
4084 6.1848859666666664E7
4085 6.6088685E7
4086 5.3868659E7
4087 5.073199855555555E7
4088 7.828976275E7
4089 9.0558935E7
4090 3.0712493E7
4091 2.8507704666666668E7
4092 1.023726626E8
4093 4.610130563636363E7
4094 4.05426175E7
4095 1.1541122516666667E8
4096 2.15863306E7
4097 1.5067325333333334E7
4098 6.753546566666667E7
4099 1.0692176942857143E8
4100 2.86133394E7
4101 1.278890678E8
4102 1.7957588E7
4103 1.193076548E8
4104 605382.7142857143
4105 4.1052973E7
4106 6.33917454E7
4107 1.6602522285714285E7
4108 9747.0
4109 6.3907139428571425E7
4110 1.3594768E7
4111 6.0918254E7
4112 9.50548392E7
4113 6236342.0
4114 3.1109657666666668E7
4115 3.3919177E7
4116 3.993931575E7
4117 1.4245586E7
4118 2968705.6666666665
4119 9.43029286E7
4120 4.4938082E7
4121 7.107062025E7
4122 3.4988784E7
4123 5.238053925E7
4124 5.2312041E7
4125 1.0664956925E8
4126 3.51571956E7
4127 4.3523577E7
4128 6.5385028375E7
4129 1.9366402E7
4130 3.4466583428571425E7
4131 8.3535378E7
4132 1.337480685E8
4133 2.6178485725E8
4134 3.683086225E7
4135 11318.333333333334
4136 1.3368542666666666E7
4137 2012.0
4138 1.993280775E7
4139 6771.0
4140 3330.0
4141 6.725239875E7
4142 2748158.3333333335
4143 2.040302025E7
4144 2.7787679E7
4145 9.4273623E7
4146 4.1097996833333336E7
4147 1.86353372E7
4148 7.849399216666667E7
4149 1.40696719875E8
4150 8.9196243E7
4151 8298.0
4152 4.6463323833333336E7
4153 7061750.333333333
4154 703008.5
4155 3.36733735E7
4156 7.747819866666667E7
4157 1.5143502E7
4158 5.4477394E7
4159 2.1989905433333334E8
4160 7034625.2
4161 3.0328078333333332E7
4162 2.3574220666666668E7
4163 9.1198583375E7
4164 3.89318705E7
4165 1.822515855E8
4166 7.2314083E7
4167 2.08912396E7
4168 2.46814155E7
4169 1.8605477E7
4170 2.49066923E7
4171 5578254.0
4172 1.411699542857143E7
4173 5281.5
4174 1.269996E8
4175 2.49590938E7
4176 6.43300925E7
4177 1.5756211166666666E7
4178 9264.0
4179 6.738256585714285E7
4180 6.3552967666666664E7
4181 9016036.0
4182 1.49806765E7
4183 4.5215245571428575E7
4184 4.0999471333333336E7
4185 1.111717345E8
4186 4.7743352E7
4187 1782.0
4188 1.710035615E8
4189 2.8708752333333332E7
4190 4.9128984333333336E7
4191 4.2374964E7
4192 4.5650615333333336E7
4193 1.270462525E7
4194 447445.6666666667
4195 2.82600144E7
4196 7.216252683333333E7
4197 8.699659266666667E7
4198 1.8261398383333334E8
4199 3.9558698571428575E7
4200 5.489720872727273E7
4201 5.3222694E7
4202 2.05080546E7
4203 3.0312848125E7
4204 1.0680307833333334E7
4205 6230558.666666667
4206 7410383.0
4207 9965947.333333334
4208 6.0054775375E7
4209 5.5739895833333336E7
4210 1.32994496E7
4211 7960.0
4212 1.109300861111111E8
4213 5.5780122E7
4214 1.43759289E8
4215 5689.0
4216 2.49315245E7
4217 9.545341685714285E7
4218 468359.6666666667
4219 1.9701229285714287E7
4220 1.2200901533333333E8
4221 1.22733173125E8
4222 2.7360362666666668E7
4223 6.2352515E7
4224 9.08835555E7
4225 0
4226 7.701917483333333E7
4227 5.5796350666666664E7
4228 3.5008402833333336E7
4229 6.16297018E7
4230 6.74618792E7
4231 7.106501933333333E7
4232 1.27014307E8
4233 7584.0
4234 7221.0
4235 6.716428885714285E7
4236 2.4644951166666668E7
4237 1.0181594683333333E8
4238 2.7202824625E7
4239 5.18654276E7
4240 6818499.0
4241 5.316296425E7
4242 2.8600853285714287E7
4243 6.8317798E7
4244 5.678126675E7
4245 6.24339685E7
4246 5.2242207375E7
4247 2.9009413E7
4248 1.91285616E8
4249 3.4124974125E7
4250 4.8422549666666664E7
4251 5605.333333333333
4252 7.052960175E7
4253 1.8293533833333332E7
4254 3801990.1666666665
4255 9577.0
4256 2372.0
4257 4.2386086333333336E7
4258 1.5451985E7
4259 3.9592935E7
4260 3.56975725E7
4261 8.9974869E7
4262 1.3316596075E8
4263 8009.0
4264 5.2265824571428575E7
4265 7.8233579E7
4266 4.591559525E7
4267 4969350.0
4268 2.765554275E7
4269 6.193801E7
4270 4.71478412E7
4271 1.240752195E8
4272 8639.5
4273 2.4566073666666668E7
4274 5.14588216E7
4275 7.180212954545455E7
4276 1.380818775E8
4277 8.79405162E7
4278 9.3872149E7
4279 5.1441721833333336E7
4280 2.0555027333333332E7
4281 2.6170934333333332E7
4282 1.7094006E7
4283 8612.5
4284 6.565780414285714E7
4285 4.2579105333333336E7
4286 3.823740395E8
4287 8.860526475E7
4288 5.1898271E7
4289 1.477879755E8
4290 2.2591169725E8
4291 4.5046271333333336E7
4292 4.5442816E7
4293 4.5718291E7
4294 1.42865381E8
4295 1.086318912E8
4296 5.5661575E7
4297 4.24295865E7
4298 7.03534984E8
4299 7.997793333333333E7
4300 11304.0
4301 7874600.166666667
4302 4.64611295E7
4303 1.0001783633333333E8
4304 2.383784725E7
4305 1.5037628533333334E8
4306 1.021581625E7
4307 4.89589354E7
4308 6.67052595E7
4309 5.8834930375E7
4310 5.04937496E7
4311 1.14563513E8
4312 2.04474165E7
4313 3.4184369E7
4314 9.03477826E7
4315 5.26297246E7
4316 1.363590444E8
4317 3.420269885714286E7
4318 7.53361935E7
4319 1.01978062E7
4320 1798.0
4321 3.264537042857143E7
4322 1.49359155E7
4323 2.4928175666666668E7
4324 8.2218493E7
4325 2.27099531875E8
4326 4.8788159833333336E7
4327 2.2654519433333334E8
4328 2.9170568875E7
4329 9375641.4
4330 5.189602325E7
4331 1.1960080075E8
4332 8.452070842857143E7
4333 4.337704814285714E7
4334 1.60096485E7
4335 8.5642029E7
4336 4994196.0
4337 1.688059025E7
4338 1.447384894E8
4339 1.27486842E7
4340 2.627486675E7
4341 1.8165654025E8
4342 1.2925310333333334E7
4343 5.08757283E7
4344 5.9549101166666664E7
4345 1.355506944E8
4346 8.01046165E7
4347 6.3781048E7
4348 1.809665605E8
4349 4.6787864166666664E7
4350 2.4894716444444444E7
4351 1.4306830333333334E7
4352 1.080215122E8
4353 1.133628305E8
4354 6536627.0
4355 1.8360878555555556E7
4356 7362020.2
4357 1.01974594E8
4358 4.8121669833333336E7
4359 2.1108323333333332E7
4360 1.0862593425E8
4361 7.618438383333333E7
4362 2.0355605E7
4363 8533438.333333334
4364 4.0755970333333336E7
4365 4.9742688666666664E7
4366 8.876347555555555E7
4367 7850983.444444444
4368 2.2677373666666668E7
4369 8.764712E7
4370 5884489.142857143
4371 1.26709214E7
4372 8.85013446E7
4373 2.3180238E7
4374 4.09749355E7
4375 5.7073470166666664E7
4376 6.1047657571428575E7
4377 1.6090490857142856E7
4378 214857.33333333334
4379 10241.5
4380 9.68335918888889E7
4381 1.3442104775E8
4382 5.8491523E7
4383 1.165613026E8
4384 9.5373118375E7
4385 1.709198045E8
4386 1220679.25
4387 2997867.0
4388 7.75087538E7
4389 8.454588333333333E7
4390 9.61444955E7
4391 9.3957478625E7
4392 2.09959092E7
4393 8.680678828571428E7
4394 2.5179503666666668E7
4395 1.385719545E8
4396 1.07698284E8
4397 1.3248567225E8
4398 2.1790201E7
4399 2.2858365375E7
4400 2.3516990333333332E7
4401 4.6020095833333336E7
4402 3.26646085E7
4403 6.5613184875E7
4404 1005443.0
4405 1.3924717E7
4406 3.98790736E7
4407 1.11273305E8
4408 1.104758969E8
4409 1.18494471E8
4410 5.08191466E7
4411 5.72015178E7
4412 4.6459806E7
4413 1.298452455E8
4414 8.089503585714285E7
4415 5.4612544875E7
4416 3.5344817E7
4417 10072.0
4418 6.6872499125E7
4419 1.742480295E8
4420 4.4265834666666664E7
4421 5.1660855E7
4422 3.931223027272727E7
4423 1.136669865E8
4424 7.664022066666667E7
4425 1.69444496E7
4426 6.07117894E7
4427 8.119212425E7
4428 8.8976238E7
4429 1.3012009563636364E8
4430 9.17082206E7
4431 10747.5
4432 2.5000273E7
4433 3.4357791E7
4434 1.116378062E8
4435 0
4436 4.3553001E7
4437 1.146869416E8
4438 5179107.75
4439 2.1615867E7
4440 9482.25
4441 1.078585992E8
4442 11822.0
4443 1.8561418333333332E7
4444 9014665.8
4445 1.6122895E7
4446 2.48395825E7
4447 8.1452529E7
4448 1.386683748E8
4449 1.6651201666666666E7
4450 4.4954367375E7
4451 2.3249192E7
4452 6.6654444E7
4453 2.6278390075E8
4454 8788130.444444444
4455 1.48308135E7
4456 3.403530575E7
4457 6.35198155E7
4458 5.29846575E7
4459 1154137.0
4460 6.484661828571428E7
4461 1.173310682E8
4462 1.2053952E7
4463 3.64062745E7
4464 789710.5
4465 8.4350152E7
4466 1.002009378888889E8
4467 5.3986896833333336E7
4468 8.374806616666667E7
4469 1.619198635E8
4470 1.83699506E8
4471 477412.0
4472 9.35713286E7
4473 3.8545807166666664E7
4474 1.1514819442857143E8
4475 7.222530966666667E7
4476 5.8777896666666664E7
4477 1.553187625E7
4478 4.070509555555555E7
4479 5.130507325E7
4480 1.17302729E8
4481 1.4499058333333334E7
4482 4.519812075E7
4483 1.378804925E7
4484 519273.0
4485 5.813916244444445E7
4486 3.317507625E7
4487 4904462.0
4488 1.75798178E8
4489 5.61286808E7
4490 5712080.333333333
4491 3.841525856666667E8
4492 2.34667905E8
4493 8.2185012E7
4494 2.4367249E7
4495 5.6481022125E7
4496 3.4981479375E7
4497 6.4361544E7
4498 7.6425358E7
4499 1.956599822857143E8
4500 1.352365435E8
4501 6.38148262E7
4502 9.0156976E7
4503 9.307194633333333E7
4504 6.422306E7
4505 9.36112345E7
4506 6.14357402E7
4507 7630.2
4508 3.692337428571428E7
4509 7.4419120625E7
4510 1.7593062666666668E7
4511 1.202219575E8
4512 5.94977818E7
4513 5.4159789E7
4514 1.2093527E7
4515 1.35806118E8
4516 1.248313075E7
4517 1.687617E7
4518 1.9098661E7
4519 1.735509957142857E7
4520 7181.0
4521 2.45498075E7
4522 4.319400025E7
4523 1.09025744E8
4524 1.32192037E8
4525 2.096287175E7
4526 0
4527 7.58505252E7
4528 6.2836767166666664E7
4529 1.1158463475E8
4530 5.87223275E7
4531 8.5343214E7
4532 3.1437457666666668E7
4533 6.4273240333333336E7
4534 2.19859625E7
4535 9.579094666666667E7
4536 3.6197490333333336E7
4537 4.188134825E7
4538 1.1448220633333333E8
4539 3.64606905E7
4540 1.277504965E8
4541 1.0604929666666666E7
4542 8.4899671E7
4543 3.04156206E7
4544 8.7239208E7
4545 1.98922076E7
4546 1.140693695E8
4547 8.634538475E7
4548 8071964.666666667
4549 2.54086519E8
4550 1.3276542857142856E7
4551 1.5234292285714285E7
4552 6369.5
4553 8.261038875E7
4554 1.9249952333333332E7
4555 5.141985825E7
4556 1.9845123333333332E7
4557 1.647540466E8
4558 1.5227552566666666E8
4559 3.462998644444445E7
4560 1.1280314557142857E8
4561 1.140401875E8
4562 4.48140405E7
4563 6.69871905E7
4564 4.19814988E7
4565 1.12291341375E8
4566 4.02729999E8
4567 7.754616966666667E7
4568 2.57460228E8
4569 1.9831137E7
4570 2.74295935E7
4571 1.704523315E8
4572 2.8891553125E7
4573 1.0096393125E8
4574 6949317.0
4575 7.0759530625E7
4576 1.2481617145454545E8
4577 3.642108368E8
4578 1.3527663914285713E8
4579 2.0399410466666666E8
4580 1.5229406366666666E8
4581 1.1866062233333333E8
4582 3.430551475E7
4583 8.04425625E7
4584 4765139.0
4585 4.5304249666666664E7
4586 1.834670775E7
4587 6.3691568E7
4588 3.433426125E7
4589 10779.333333333334
4590 7.24148106E7
4591 5.0346276333333336E7
4592 3.260995325E8
4593 7.863787014285715E7
4594 1.828783742857143E7
4595 7.49614244E7
4596 2.0556756E7
4597 9.930456916666667E7
4598 6.604532025E7
4599 7.790882816666667E7
4600 1.2655276266666667E8
4601 2.263407802E8
4602 8.6226583E7
4603 1.686674625E7
4604 5.80657648E7
4605 1.38348615E7
4606 4.4651379666666664E7
4607 3.5255019E7
4608 7.130139628571428E7
4609 5.90750478E7
4610 3069691.75
4611 1.911142E7
4612 5831.0
4613 1.1406439566666667E8
4614 1.3298479757142857E8
4615 8.8324232E7
4616 7769216.0
4617 2026.0
4618 0
4619 2.3824596E7
4620 2254.0
4621 9.112252157142857E7
4622 2.496229075E7
4623 6.2146747833333336E7
4624 4.438370771428572E7
4625 45124.4
4626 2151481.5
4627 4.3383506E7
4628 8.265633808333333E7
4629 2.3427097933333334E8
4630 1.4286202E7
4631 1.485569895E8
4632 8.5118422E7
4633 8.2892558E7
4634 1.3159211816666667E8
4635 3.61581575E7
4636 1.7235540033333334E8
4637 5.46513075E7
4638 6.850897233333333E7
4639 6.422332728571428E7
4640 4.91184126E7
4641 1.78087848E7
4642 1.1273653775E8
4643 8.415762733333333E7
4644 4.258936925E7
4645 2.985912696666667E8
4646 4.992850071428572E7
4647 1.5477895233333334E8
4648 2.1235460483333334E8
4649 6.568198354545455E7
4650 3.7285381E7
4651 5042556.25
4652 7.2363649E7
4653 1.1771901516666667E8
4654 1.06033926E8
4655 5.79236535E7
4656 4.4143422875E7
4657 1.37161924E8
4658 1.259632591111111E8
4659 2.1699565875E8
4660 1.49381236E7
4661 1.428143455E8
4662 5.129688328571428E7
4663 2.010048695E8
4664 2.4965956166666668E7
4665 19919.0
4666 1.15544501E8
4667 8.994174266666667E7
4668 1.24485981E8
4669 2.346994985714286E7
4670 1.818335948E8
4671 7.343406257142857E7
4672 7.325956066666667E7
4673 1.8011021E7
4674 3.2726436625E7
4675 1.0022007333333334E7
4676 8.42041922E7
4677 1904524.1666666667
4678 1.58832695E8
4679 1.4035844675E8
4680 9.696392233333333E7
4681 7284189.75
4682 2.7466778375E7
4683 1.523749425E8
4684 1.067370165E8
4685 1.5032205763636363E8
4686 2.889735E7
4687 1.21747776E8
4688 1.2427027666666667E8
4689 8.8440446E7
4690 1.07775827E8
4691 1.6463344225E8
4692 0
4693 3.42288415E7
4694 1.5925319675E8
4695 9.5005825E7
4696 7.77789196E7
4697 1.027536882E8
4698 7.97562588E7
4699 8471359.333333334
4700 9188266.0
4701 7.7109393E7
4702 1.2749080325E8
4703 6.702033625E7
4704 2.320237185E8
4705 1.64852823E8
4706 4.62450835E7
4707 6.820009425E7
4708 2.242817325E7
4709 7.99604668888889E7
4710 9.279064E7
4711 1.1422127433333333E8
4712 6.0347564E7
4713 3.74419635E7
4714 1.9814734E7
4715 2.4055056111111112E7
4716 6.15486E7
4717 1.41156483E8
4718 4.91543025E7
4719 5.2257729E7
4720 4.966043685714286E7
4721 5.88564578E7
4722 1.47769279E8
4723 1.6696097966666666E8
4724 1.19827455E8
4725 1.85277375E7
4726 6.29058964E7
4727 1.3990366866666666E8
4728 4.333877725E7
4729 2.145276875E7
4730 3.7838314E7
4731 4569455.0
4732 7.147976316666667E7
4733 2.08074144E7
4734 5.9883691E7
4735 2.4360564E7
4736 6.85039265E7
4737 588990.0
4738 1.7553176457142857E8
4739 9.3495848E7
4740 4.6461343E7
4741 3.65412638E7
4742 4.8141728E7
4743 4.1814985666666664E7
4744 9.202265733333333E7
4745 1.323828331111111E8
4746 1.3153140466666667E8
4747 1.220945625E8
4748 5.488692628571428E7
4749 6.11348075E7
4750 1.185982258888889E8
4751 1.040850075E8
4752 6.495386781818182E7
4753 1.083457052E8
4754 3.5054788333333336E7
4755 1.313255276E8
4756 7.08727221111111E7
4757 7.75279935E7
4758 1.074876162E8
4759 1.220202385E8
4760 1.39765029125E8
4761 3.65199393E8
4762 9.843987857142857E7
4763 5.3079961666666664E7
4764 2.0002298883333334E8
4765 1.759630835E8
4766 1.72081538E8
4767 0
4768 1.9170173442857143E8
4769 1.09728466E7
4770 1.54069261E8
4771 1.8913994272727273E7
4772 4.1619621666666664E7
4773 1.3417894666666667E8
4774 1.6688493625E8
4775 1.5135254E7
4776 2.439572175E7
4777 2.373410914E8
4778 5.85708275E7
4779 5.00321268E7
4780 4.112074225E7
4781 2.387622025E7
4782 4.549429825E7
4783 2.656695715E8
4784 4.728808725E7
4785 4.62934232E7
4786 1.04954278E8
4787 1.926753114E8
4788 2.06256236E7
4789 2.09324112E8
4790 2.78943302E7
4791 1.834566302857143E8
4792 6.45405662E7
4793 3.1140752E7
4794 2.9973200875E7
4795 4.644446925E7
4796 1.681816675E8
4797 1.2249342566666667E8
4798 2.39520815E7
4799 6.850415642857143E7
4800 3.74685156E7
4801 9.92852925E7
4802 8.92243255E7
4803 1.3087820066666667E8
4804 1.064941035E8
4805 1.208850332E8
4806 3.80856285E7
4807 1.2172887716666667E8
4808 4481427.714285715
4809 1.0144138883333333E8
4810 1.1673231333333333E8
4811 1918.0
4812 2.28710265E7
4813 5669.0
4814 1.14973743E8
4815 8.241508571428572E7
4816 3.8701624E7
4817 7.284975316666667E7
4818 1.91164644E7
4819 15953.5
4820 6.4409352625E7
4821 1.17188346E8
4822 5.3471814666666664E7
4823 6.6429967E7
4824 3.7011149666666664E7
4825 4.2924486833333336E7
4826 9.90012225E7
4827 1.21250284E8
4828 7.327676757142857E7
4829 2.27270659E8
4830 6.0117059625E7
4831 1.1126449E7
4832 1.2893181183333333E8
4833 1.29105785E8
4834 3.9562744333333336E7
4835 8145.0
4836 8.73189474E7
4837 6.11785256E7
4838 5.9554176166666664E7
4839 1.062973735E8
4840 6.6859665E7
4841 7.670283925E7
4842 9.645316375E7
4843 2.9189867714285713E7
4844 1.11302814E8
4845 20468.0
4846 7657.0
4847 6776.666666666667
4848 3.3125453E7
4849 4.642470771428572E7
4850 1.1549036166666667E8
4851 5.6020804833333336E7
4852 6.669269875E7
4853 8.0125048E7
4854 1.115898425E8
4855 5.0826524666666664E7
4856 1.7800023333333332E7
4857 2.017932775E7
4858 2.9123633333333332E7
4859 2028.0
4860 1.16411251E8
4861 4246.0
4862 1.73503015E7
4863 4.8200662666666664E7
4864 3542495.3333333335
4865 9.9002343E7
4866 2.68560705E7
4867 1.6103384E7
4868 3.3721179833333336E7
4869 5.4592624333333336E7
4870 3.0719326333333332E7
4871 3.7487300125E7
4872 2.44886671E7
4873 8.72584445E7
4874 8.304465466666667E7
4875 1.622984835E8
4876 8499234.6
4877 2.622674985E8
4878 1.0008600525E8
4879 2.7973889E7
4880 7.23083818E7
4881 1.5041003375E8
4882 2.8863938625E7
4883 9.040972833333333E7
4884 1.2176524725E8
4885 9718.5
4886 9.2866378E7
4887 0
4888 1.065087715E8
4889 2.1181307E7
4890 7.801202857142857E7
4891 2.7333912475E8
4892 1.039455828E8
4893 2.152876382857143E8
4894 9.406507033333333E7
4895 1.53917136E7
4896 4078428.0
4897 5.7855043875E7
4898 6.965245825E7
4899 2.9746886E7
4900 7535087.0
4901 7.71652685E7
4902 1.83854324E8
4903 1.2519363466666667E8
4904 5.50161154E7
4905 9.6902357875E7
4906 5.10153352E7
4907 1.32424045E7
4908 1.6701661966666666E8
4909 4.422954675E7
4910 2.4011509566666666E8
4911 1.563129324E8
4912 7.436354933333333E7
4913 7.363500825E7
4914 1.66601095E7
4915 1.0976795892307693E8
4916 2.02429355E7
4917 3.2969688666666668E7
4918 4.8955084333333336E7
4919 1.18598517E8
4920 2.5861870633333334E8
4921 9.219905942857143E7
4922 2.113403867777778E8
4923 8.40388055E7
4924 2.3192109E7
4925 1.248972783E8
4926 1.605504314E8
4927 1.549632E7
4928 3.22892435E7
4929 3.1176377875E7
4930 1.464099387142857E8
4931 9.69049335E7
4932 8.99577385E7
4933 1.5796158666666666E7
4934 1.338256681111111E8
4935 2.813466652E8
4936 1.47759821E8
4937 2.877904212E8
4938 2.450251077142857E8
4939 9.202488033333333E7
4940 6.4408004666666664E7
4941 2605980.0
4942 3.596894113333333E8
4943 4.65617425E7
4944 2.034728595E8
4945 9.062716857142857E7
4946 4.9445007E7
4947 8.98722036E7
4948 6.069288E7
4949 3.07272665E7
4950 5.277082E7
4951 3.5964097E7
4952 1.0491929933333333E8
4953 7.780751433333333E7
4954 9.3270279E7
4955 7.0373819E7
4956 1.6499759966666666E8
4957 8.803511955555555E7
4958 1.87969094625E8
4959 5.5409685E7
4960 1.4787492414285713E8
4961 2.89389532125E8
4962 4.2697730428571425E7
4963 2.876550666666667E8
4964 7.5315652E7
4965 2.1288386E7
4966 2.183469458E8
4967 4.633430790909091E7
4968 1.873302875E7
4969 3.78918155E7
4970 9.18643865E7
4971 1.567448816E8
4972 7.37256206E7
4973 2.3205119825E8
4974 5.4043306E7
4975 2175996.6
4976 4.8482112333333336E7
4977 5.99898475E7
4978 8.88902619E7
4979 7.139627933333333E7
4980 7.2949464E7
4981 2.968153775E7
4982 3.6656653E7
4983 1.882971382E8
4984 7.070674325E7
4985 3.9416100333333336E7
4986 2.382048175E7
4987 4.13066828E7
4988 3.69897048E8
4989 3.20530498E7
4990 2.84107877E8
4991 1.6951730366666666E8
4992 1.08994541E8
4993 1.001051298E8
4994 2.6869094E7
4995 1.52900421125E8
4996 3.1178016285714287E7
4997 1.711503016E8
4998 1.18633116E7
4999 7.2402072E7
