1 1659.4321705426357
2 6044.209072978304
3 14719.578512396694
4 7401.229508196721
5 11619.653543307086
6 16899.270541082165
7 13807.89816700611
8 23676.51731160896
9 17938.083333333332
10 26324.084210526315
11 25831.850427350426
12 23973.764705882353
13 16077.074148296593
14 22359.869306930694
15 37510.27431906615
16 26618.500963391136
17 18063.12603305785
18 30996.943359375
19 47272.717525773194
20 34176.888402625824
21 24847.64671814672
22 36144.517094017094
23 43752.644359464626
24 49688.62595419848
25 46463.458823529414
26 51826.823182711196
27 57272.871308016875
28 43906.679611650485
29 48009.23348017621
30 61342.60721868365
31 51635.87775551102
32 73398.45267489713
33 74861.15737051793
34 66300.11458333333
35 60375.854545454546
36 69411.78627450981
37 75198.1995967742
38 69734.75203252032
39 81491.26086956522
40 119133.2431372549
41 74853.89330543933
42 93234.17021276595
43 78958.07058823529
44 83175.93713163065
45 118456.38787878788
46 116719.1012145749
47 81046.81763527053
48 100406.07566462168
49 102031.97210300429
50 141933.69696969696
51 129100.38767395627
52 108959.25910931174
53 150613.30443159922
54 99082.4375
55 131534.1733870968
56 129650.5595959596
57 74759.8232931727
58 173960.53222453222
59 126672.14767932489
60 132056.41967871485
61 109075.88911290323
62 160765.8036809816
63 124877.03441295547
64 175525.56064073226
65 138630.99811320755
66 180729.18271119843
67 138350.5945945946
68 141241.5241935484
69 158198.81950207468
70 163380.07942973523
71 182746.10386965377
72 157201.12277227722
73 158701.40292275575
74 215307.23541666666
75 171401.33976833976
76 185643.31568228107
77 157224.02685950414
78 228449.13436123347
79 145605.01865671642
80 203115.31171548116
81 212639.77800407333
82 182237.22390891841
83 180062.49224806202
84 222224.7983706721
85 201046.9718875502
86 212549.71283095723
87 199894.35205183586
88 215774.76397515528
89 200464.89052631578
90 204430.66346153847
91 204873.6796714579
92 196866.4188034188
93 223056.29637096773
94 223843.4044117647
95 259192.68762677486
96 224358.3580786026
97 282959.34897959186
98 278764.4342857143
99 259980.86381322957
100 225861.61368209255
101 265652.6516007533
102 239817.1257606491
103 237489.10058027078
104 238406.73535353536
105 280210.2357563851
106 276114.6101694915
107 272207.54473161034
108 246394.52051835853
109 335649.05846774194
110 312980.3103448276
111 295103.61818181816
112 277487.53347280336
113 203531.74
114 341965.0407407407
115 334718.37728194724
116 335290.39361702127
117 298649.7738791423
118 311385.0910973085
119 329763.28483606555
120 354563.20045558084
121 452666.9081632653
122 281878.2065439673
123 331471.5588235294
124 343339.28846153844
125 336063.26464646467
126 337802.23076923075
127 328712.6068548387
128 351823.86128364387
129 364494.26515151514
130 291635.7261146497
131 297539.48443579767
132 388140.0278810409
133 337304.55576559546
134 389025.89848812093
135 334535.299009901
136 363538.76056338026
137 381333.5071574642
138 393094.420824295
139 396878.1538461539
140 404817.9979166667
141 350064.39813084115
142 362022.4843137255
143 370693.577689243
144 446660.2149046794
145 456581.34075723833
146 451299.604206501
147 452019.1108949416
148 460961.32695984707
149 488482.65466101695
150 397010.27091633464
151 563055.3115789474
152 369937.9357601713
153 431974.75409836066
154 380287.612
155 470242.18426501035
156 402875.697265625
157 503531.4780876494
158 433996.8849372385
159 461297.96078431373
160 572885.6625
161 504776.25
162 526593.2707930368
163 469568.2178988327
164 514975.1887550201
165 526108.3941747573
166 511836.0987654321
167 438832.6835164835
168 444627.5358649789
169 580386.7330754352
170 524520.8136882129
171 528615.0786749482
172 648319.619238477
173 598101.8655097614
174 571436.8698224853
175 489056.70355731226
176 549283.8212180746
177 512771.57370517927
178 587162.7803921569
179 600425.6200787402
180 705984.6492693111
181 553169.1598440546
182 545000.656964657
183 566128.8039568345
184 525866.5735294118
185 657164.3479923519
186 604110.8652482269
187 611171.4739884393
188 708059.4663865546
189 668707.2557172558
190 566392.6799204771
191 581360.8664323374
192 765970.2097130243
193 532422.3236514523
194 743749.2624728851
195 619150.698076923
196 682346.2851405622
197 668544.285123967
198 733226.7756653993
199 647397.3326446281
200 647810.1908548708
201 770774.6930693069
202 655060.9810126582
203 777954.2296747967
204 609444.1452991453
205 682731.3373493976
206 835576.7864476386
207 725127.8562628337
208 680666.2737864078
209 714914.6079207921
210 661024.813559322
211 761046.8202676864
212 809065.770398482
213 653049.4628252789
214 801914.2874743326
215 975563.8174097665
216 833673.0380761523
217 927733.4789579158
218 985655.9933184856
219 899290.2748414376
220 778121.6617336152
221 787258.1431578947
222 861148.7454545455
223 800368.1314655172
224 842483.9141716567
225 902581.1331967213
226 670287.4535637149
227 658459.6172839506
228 920296.5406504065
229 796511.518292683
230 801147.7094736842
231 1074098.226452906
232 870474.0210084034
233 854517.2160493827
234 866239.4223194749
235 858077.4195652173
236 776136.6666666666
237 958982.3739495798
238 847125.9368421052
239 977937.5384615385
240 1137403.8389662027
241 983063.405511811
242 788236.2914046121
243 1065028.5881261595
244 1007911.7583643122
245 1027036.9232613909
246 722074.4008350731
247 1088104.6324110671
248 1198333.619047619
249 1111742.0098619328
250 1056601.651731161
251 1170024.3235867447
252 1116509.2374245473
253 1163124.4903100776
254 1177292.262195122
255 1224384.6389413988
256 1093112.8346007604
257 1111133.4528688525
258 1296547.9741550696
259 1348809.98
260 1196126.0682730924
261 1046037.7553816047
262 1156233.6165413533
263 1164202.4029227558
264 1091330.4674796748
265 1126746.3685258965
266 1276791.485549133
267 1073155.045174538
268 1117278.0507399577
269 1342894.3673870333
270 1215067.406189555
271 1422192.31352459
272 1350124.9937106918
273 1301272.470982143
274 1480822.4382978724
275 1277527.7185628742
276 1279845.2937365011
277 1129591.1574642127
278 1285026.42020202
279 1294453.2954545454
280 1434078.3537037037
281 1246635.1769722814
282 1370724.9148073022
283 1628271.309859155
284 1071692.7263969171
285 1437895.5445134575
286 1482728.6457142858
287 1441317.019455253
288 1484856.9924098672
289 1569694.4356435644
290 1567790.7786561265
291 1352065.8520710059
292 1243664.0266940452
293 1389278.2869379015
294 1620605.254509018
295 1397952.0620155039
296 1157447.173553719
297 1634446.6524390243
298 1488432.8886509635
299 1392531.3051181103
300 1539637.9087301588
301 1845027.5
302 1590499.7224489795
303 1528789.1812627292
304 2062761.908018868
305 1419277.3355555555
306 1818049.4215885948
307 1300558.4294354839
308 1667160.1848249028
309 1840045.24609375
310 1759523.0401529637
311 1788948.5205761318
312 1839808.255670103
313 1747552.6726546907
314 1425578.8418891171
315 1849890.5262096773
316 1660022.8544061303
317 1857650.3025830258
318 1608263.5642105264
319 1779446.7755991286
320 1578464.8265107214
321 1597066.9841897234
322 1723679.516634051
323 1547604.6932515337
324 2072917.1770623743
325 1633510.6781818182
326 1532677.8563106796
327 1615591.7484536082
328 2077256.3223819302
329 2088883.179337232
330 1763321.5502092051
331 2053931.2204081633
332 2046920.4466403162
333 1818243.344488189
334 2108223.8237623763
335 2074669.466796875
336 2027443.31124498
337 2136630.439425051
338 2201162.5355731226
339 2182239.1024590163
340 1998946.1422680411
341 1802858.833001988
342 1755722.5512295081
343 1904865.7452830188
344 2194205.530693069
345 2224577.932938856
346 1888185.0572519084
347 2308752.599198397
348 2141634.2804642166
349 1956790.2740899357
350 2054238.0019230768
351 2300125.246636771
352 2109503.9545454546
353 2409459.462962963
354 2247473.654320988
355 2230798.4530938123
356 2331274.5754310344
357 2393927.361924686
358 2002523.9454148472
359 2338514.946502058
360 2818374.334008097
361 2773977.7563352827
362 3050039.679245283
363 2450326.1395833334
364 3130221.607920792
365 2255337.5987780043
366 2072735.0301810866
367 2767518.977225673
368 2641949.118811881
369 2304856.0726141077
370 2559133.9149377593
371 2573429.5711382115
372 2456278.7714285715
373 2430974.32505176
374 2815301.609037328
375 3127903.8099173554
376 2670242.0595482546
377 2553762.035714286
378 2504316.091089109
379 2713094.777559055
380 2982527.8140495867
381 2615800.436399217
382 3096131.649797571
383 2980041.7297297297
384 2867604.0780590717
385 3061663.962450593
386 2880925.555102041
387 2610487.3314285716
388 3261326.253668763
389 2717934.7931769723
390 2811399.1823416506
391 2656809.9553903346
392 3664929.1069418387
393 2687459.6222222224
394 2806483.230612245
395 3158180.875527426
396 3113166.8685831623
397 2981223.2677165354
398 2570349.714821764
399 2869372.391472868
400 3448135.945674044
401 2913712.1163265305
402 3396148.0019493178
403 3413394.9369565216
404 2552716.423076923
405 3151919.754863813
406 2943641.285416667
407 3471096.5465116277
408 3353497.385375494
409 3102141.6115879826
410 3451821.1842650105
411 3339738.128440367
412 3590644.255765199
413 3635343.859504132
414 3587490.839323467
415 3277166.220238095
416 3303420.901803607
417 3703890.37250996
418 4271290.648305085
419 3851070.2339544515
420 3532436.93385214
421 3478911.870292887
422 3751214.4905263158
423 3788653.9516129033
424 3965580.1204301077
425 3573010.4601941747
426 4348742.2854442345
427 4418564.823404255
428 3596733.8387096776
429 3819955.2217391306
430 4634641.464065708
431 4052340.532442748
432 3777568.7613882865
433 4591470.622601279
434 3896414.6128364387
435 4195273.056224899
436 4009545.2303030305
437 4523879.2548638135
438 3967554.5408560312
439 4796644.7441860465
440 3827399.756871036
441 4053330.7674418604
442 3739283.9895615866
443 4357811.237721021
444 5136964.991967872
445 3862724.541414141
446 5135663.7031872505
447 4558116.844897959
448 3747408.77167019
449 4178239.968619247
450 3712003.5492662475
451 5262296.233050847
452 4330761.187755102
453 4798039.378661088
454 4866043.614203455
455 4814466.601190476
456 5063609.073852295
457 4745046.40518962
458 4551572.144869215
459 5228516.690283401
460 4456145.514
461 5118810.589430895
462 5296407.483146068
463 5796432.422924901
464 6063516.941767069
465 5340778.133064516
466 4762427.020876827
467 5487315.107438017
468 4756793.745490982
469 5083298.2802419355
470 5781237.371769384
471 4861493.100858369
472 6405665.033613445
473 5328366.388349514
474 5541441.206122449
475 5625915.874239351
476 4972424.353383458
477 5059704.723484849
478 5911008.213552361
479 6213792.251037344
480 5120142.274793388
481 5550818.50576923
482 4932724.653061224
483 5639244.719587629
484 6819507.511811024
485 5773354.016194332
486 6744928.580952381
487 4692929.318548387
488 5599574.862
489 5647749.17311609
490 6460068.630705394
491 5794961.537593985
492 6655195.654440154
493 5012350.3766990295
494 6207120.991967872
495 6023129.547619048
496 5875318.82688391
497 5416915.480392157
498 6950724.644539614
499 6749365.166666667
