1 1323.2945736434108
2 6868.744318181818
3 2356.172916666667
4 4880.454736842105
5 22023.833644859813
6 10641.469548133595
7 6806.818725099602
8 8108.061776061776
9 13847.559595959596
10 9314.109014675052
11 21129.606936416185
12 6058.735537190083
13 25202.085714285713
14 21674.399585921325
15 18151.91769547325
16 36497.91944990177
17 16611.125760649087
18 17601.803149606298
19 25504.495951417004
20 36751.088531187124
21 27214.96007984032
22 28436.24144869215
23 29835.375257731957
24 39254.77062374246
25 35514.76673040153
26 33775.3125
27 35314.873614190685
28 27900.024844720498
29 47505.968253968254
30 26947.8810483871
31 32723.49306930693
32 45380.10371819961
33 33331.91581108829
34 52191.24948875255
35 52996.73333333333
36 63903.37209302326
37 43272.46767241379
38 51597.45491803279
39 52006.35510204082
40 55458.44664031621
41 78327.02213279677
42 67354.59470468432
43 63560.8430583501
44 74641.97975708502
45 67063.52282157676
46 56539.71900826446
47 70492.6
48 70940.62345679013
49 64726.67157894737
50 51565.34697855751
51 48002.903614457835
52 82372.84807692308
53 85807.31687242798
54 87991.38325991189
55 66175.58483033933
56 75871.0804347826
57 110265.51866404715
58 74107.83531746031
59 101200.43737574553
60 67342.99373695199
61 104772.39587628866
62 101570.62925851703
63 76351.02235772357
64 99721.23721881391
65 102937.44142259414
66 100815.12079207921
67 79641.19577735124
68 130173.98744769875
69 96899.32341269842
70 105914.2823984526
71 123905.65346534654
72 117413.66601941748
73 117939.87254901961
74 121384.4495967742
75 128587.22244488978
76 153102.27615062761
77 108701.0702811245
78 123917.76699029126
79 111909.79563492064
80 148007.3054945055
81 122613.91358024691
82 118715.99139784946
83 148611.14845360824
84 107189.5625
85 104206.17757009345
86 142335.603515625
87 151955.10297029704
88 160759.65289256198
89 154844.50784313725
90 190890.05154639174
91 120888.34622823984
92 157062.3366935484
93 160340.2605042017
94 153657.08251473476
95 147769.12631578947
96 158371.90263691684
97 107681.11614173229
98 98731.73757455268
99 184470.9314516129
100 167294.25625
101 152951.1281553398
102 152085.10675381264
103 222978.30020703934
104 190979.5283842795
105 178726.5968992248
106 201634.86382113822
107 200594.22012578617
108 193568.91698841698
109 142195.2905027933
110 186789.4480769231
111 218419.5749486653
112 247458.93711967545
113 187435.558
114 159430.64609053498
115 192881.13894324854
116 209837.24466019418
117 173991.30555555556
118 217027.77823408623
119 236085.33198380566
120 239469.94020618557
121 236022.44094488188
122 229166.47608695654
123 249531.33049040512
124 221751.90291262136
125 257498.18480492814
126 281422.6535433071
127 257044.19433962263
128 207504.93617021278
129 220752.74786324787
130 194955.2244488978
131 269775.14689265535
132 207958.5082644628
133 260289.78144329897
134 243429.8824701195
135 297909.4403292181
136 257610.48155737706
137 278164.78043912177
138 259826.68587360595
139 218528.17226890757
140 232493.40725806452
141 184895.845703125
142 268182.6
143 292483.127744511
144 237227.84778012685
145 347391.9085239085
146 283553.927734375
147 276810.4403131115
148 281825.0562015504
149 292952.0141129032
150 276030.02857142856
151 273557.7067833698
152 285985.24329501914
153 446791.8323353293
154 382501.2771084337
155 326059.61733615224
156 307001.7799607073
157 252972.3922330097
158 295301.2076502732
159 286608.7968441815
160 380176.0207939508
161 298039.7504950495
162 279910.7423076923
163 410226.2521008403
164 308084.0868686869
165 380555.38844621513
166 352233.8801652893
167 386998.1688804554
168 359636.9432485323
169 383130.2012847966
170 400431.7126654064
171 355198.4670912951
172 411960.5598455598
173 357206.06534653465
174 350639.754601227
175 280591.5
176 411612.43089430896
177 382060.5456521739
178 433116.4624505929
179 521111.0101419878
180 465582.8714859438
181 469134.0168224299
182 381513.8108108108
183 451599.4856557377
184 390992.18125
185 350375.6627218935
186 470605.8278008299
187 401430.1567010309
188 437053.8503787879
189 460434.2851323829
190 498248.4517374517
191 489219.9784482759
192 363085.43076923076
193 435444.1264108352
194 418212.5770020534
195 505256.6666666667
196 543716.9649805448
197 470630.1305970149
198 450073.0146137787
199 463719.3023255814
200 409472.80368098157
201 371116.70020964363
202 533513.222943723
203 493543.76227897836
204 577001.0158102767
205 468062.34757281555
206 482858.18834951456
207 534090.6878727634
208 531385.2311212815
209 449855.09940357856
210 506914.07936507935
211 373512.53205128206
212 522718.1185031185
213 532005.649590164
214 473703.92842535785
215 627169.625267666
216 617351.079002079
217 734834.0170575693
218 414424.36842105264
219 603815.8902439025
220 555444.6887159533
221 562092.7529644269
222 597245.0714285715
223 658025.6471774194
224 570085.0096899224
225 630877.9401544401
226 464732.2157303371
227 644695.8855291577
228 588570.96812749
229 569724.628968254
230 712777.7171717172
231 487922.24609375
232 674791.4382239382
233 584125.3415132924
234 592551.1541218638
235 528256.8386454183
236 711758.1078224102
237 629712.3980582524
238 553011.7127659575
239 636763.8247863248
240 745549.5769980507
241 648164.9895615866
242 843441.3722222223
243 682193.349609375
244 680553.1816367266
245 662899.2465208748
246 635614.1733870967
247 714036.9676767677
248 643961.6914660832
249 609233.9515503875
250 767623.4451476793
251 538045.8103792415
252 606330.66875
253 670692.9017681729
254 663274.3736951983
255 748198.2229166667
256 669364.0978043912
257 895952.0165745856
258 769302.5676767677
259 617015.6367346939
260 942279.5860655737
261 882876.9571150098
262 707874.464
263 961692.8365591398
264 809036.6900584796
265 805990.2456813819
266 820554.4436229205
267 790909.3056680162
268 841946.885375494
269 802093.2189473684
270 793819.1062124248
271 912201.8047808765
272 830354.1526104418
273 615992.4314516129
274 1120034.4444444445
275 987961.5968992248
276 734728.1785028791
277 932309.3463587922
278 1028495.2138492871
279 911551.3155963303
280 829752.6728395062
281 898438.0492125985
282 1008173.9810526316
283 866347.8689138577
284 838579.4054054054
285 789598.87
286 821530.3783185841
287 808417.2032520325
288 1069690.9083820663
289 1029374.2132505176
290 992217.2565217392
291 1067691.768172888
292 1065044.5663157895
293 941646.1334586466
294 1100686.0912778904
295 903885.3369803063
296 1142249.6215213358
297 977535.0830039525
298 959818.6215139442
299 1133877.775793651
300 1110322.7637795275
301 870195.4979079498
302 1020034.7896995709
303 982129.1653386455
304 1254099.9145129225
305 1094135.9751037345
306 1144133.0377733598
307 1047220.8377358491
308 1231873.312992126
309 1168368.2539370079
310 1293650.6054279748
311 1232022.141434263
312 1246647.9107806692
313 1153400.3188976378
314 1080820.3487903227
315 1245702.3415559772
316 1147484.9676025917
317 1502588.6142557652
318 1198718.0928853755
319 1147452.531512605
320 1289085.2494623656
321 1268467.6912350599
322 1385835.532769556
323 1177183.4421487604
324 1452831.4105058366
325 1170547.9212121211
326 1291869.0386266094
327 1427486.6482889734
328 1564040.1200828156
329 1576079.6244635193
330 1354345.6746203904
331 1340257.0619136961
332 1488286.464208243
333 1415718.6975308643
334 1362821.1136363635
335 1355320.9515789475
336 1269503.1265306124
337 1343439.148148148
338 1403048.1792828685
339 1732955.73592233
340 1407378.3162393162
341 1566848.4104046242
342 1621543.0947580645
343 1247581.2763419484
344 1206757.559139785
345 1533947.1682600381
346 1638409.2881355933
347 1440480.5265225933
348 1915746.8696581197
349 1381472.9841269841
350 1818006.513944223
351 1718300.865934066
352 1890789.4738955824
353 1778181.4545454546
354 1544418.1356275303
355 1646781.1010752688
356 1630682.8166666667
357 1712519.9524680073
358 1333800.3319057815
359 1693762.66029724
360 1560994.8893203884
361 1478300.7947686117
362 1631235.6842105263
363 1888382.8978805395
364 1917775.7974137932
365 1843266.0989010988
366 1544750.8267419962
367 1988127.3687635574
368 1809505.3055555555
369 2174753.188139059
370 1653403.3725910063
371 2118388.1677419357
372 1970006.694949495
373 1718744.6041666667
374 1887076.7542016807
375 2052234.3487858719
376 1932557.186440678
377 1910299.6136363635
378 1776171.8383620689
379 1722994.4960159364
380 1777492.049689441
381 1564107.1643286573
382 1717830.1446280992
383 1575664.584942085
384 1592650.9602649007
385 1991651.4139886578
386 2349140.073660714
387 1919513.2252964426
388 2504464.023715415
389 1956356.1660305343
390 2002388.8517110266
391 2442369.9569892474
392 2411724.164556962
393 1793556.612836439
394 2392343.675247525
395 2114301.2854251014
396 2139875.0252427184
397 2566730.53877551
398 2151769.37704918
399 1960961.4073275863
400 2263819.6155419224
401 2291571.6824196596
402 2414281.996023857
403 2146668.2505091648
404 2346994.977822581
405 2168127.2848948375
406 2075878.4603174604
407 2456139.1551020406
408 2262119.047930283
409 2397046.1394891944
410 2462430.678185745
411 2990605.234468938
412 2565574.255905512
413 2848543.9832402235
414 2508124.5193133047
415 2897719.6679245285
416 2388733.659919028
417 2550938.645491803
418 2847892.301010101
419 2838324.2983539095
420 2855939.368725869
421 2498688.555140187
422 3548367.5127659575
423 2549107.138728324
424 2539789.181640625
425 2606651.338491296
426 2974352.6089613033
427 2489067.7954545454
428 3779867.9696312365
429 2780407.622983871
430 2874731.5452586208
431 3179514.936170213
432 2970009.8330206377
433 2831686.2243186585
434 3615032.4696016773
435 2769199.0758483033
436 2724990.6219512196
437 3900777.931166348
438 3502973.7784552844
439 3134565.1952117863
440 3506206.9655870446
441 3407642.072978304
442 3052401.9139344264
443 3318299.604508197
444 3608950.6419491526
445 2978989.0
446 2984575.777992278
447 2935534.887755102
448 3369872.3831967213
449 3421777.1059063138
450 3742684.5173160173
451 3267827.3917137478
452 3685804.994023904
453 3733972.098989899
454 3523568.5098901098
455 3982418.0
456 3390152.8777777776
457 3194757.583497053
458 4081736.157057654
459 3633173.713717694
460 3576001.7012711866
461 4039453.0163934426
462 3728391.410788382
463 2848580.8810020876
464 3818835.5672877845
465 4522508.206349206
466 3582325.5325443787
467 3510192.645348837
468 3372388.6375
469 4516193.749525617
470 4131795.8355387524
471 3994772.4732673266
472 3513004.70221328
473 3276542.955140187
474 3355976.791304348
475 3622048.3099173554
476 4750601.904276986
477 4373796.875
478 5220514.586744639
479 3975821.697424893
480 4367168.961847389
481 4567864.783730159
482 4887893.358974359
483 4566064.538461538
484 4989717.75862069
485 4701746.435185186
486 4943718.793814433
487 4311778.640510949
488 4650154.206378987
489 4230464.564948454
490 5604967.751491054
491 4483817.341796875
492 4506085.575
493 5359092.530693069
494 3699018.8940677964
495 5064384.0394736845
496 5078532.079331942
497 5537561.700854701
498 4054541.2928416487
499 5154040.2165725045
