1 149.2
2 203.625
3 291.4
4 151.5
5 378.5
6 182.2
7 143.0
8 195.5
9 271.14285714285717
10 231.5
11 163.8
12 388.4
13 265.1666666666667
14 334.7142857142857
15 276.3333333333333
16 241.25
17 347.0
18 235.28571428571428
19 191.875
20 322.375
21 370.5
22 189.8
23 59.0
24 433.0
25 221.25
26 392.5
27 116.0
28 84101.8
29 410.0
30 303.0
31 288.0
32 556.5
33 310.8
34 64.0
35 343.25
36 224.25
37 241.5
38 553.625
39 362.0
40 310.55555555555554
41 351.84615384615387
42 197.5
43 472.25
44 301.9
45 571.5
46 290.22222222222223
47 536833.2857142857
48 260.8
49 500.3333333333333
50 258.5
51 582.0
52 328.75
53 553.3333333333334
54 417.09090909090907
55 292.5
56 361.0
57 339.14285714285717
58 515.5
59 638.0
60 177.6
61 560.6666666666666
62 327.4
63 321.5
64 516.8888888888889
65 443.0
66 554.6666666666666
67 405.75
68 398.25
69 408.6
70 556.5
71 384.1666666666667
72 221.66666666666666
73 648.8333333333334
74 369.6666666666667
75 620.0
76 692.75
77 428.5
78 512.0
79 749.5
80 593.3333333333334
81 445.3333333333333
82 439.5
83 334.5
84 556.0
85 396.1666666666667
86 412.6
87 288.6
88 487.7142857142857
89 517.4285714285714
90 434.0
91 570.2857142857143
92 546.0
93 844791.4
94 628.8
95 601.0
96 346.1
97 463.0
98 421.5
99 503.0
100 566.2
101 622.6666666666666
102 586.7777777777778
103 449736.6
104 598.0
105 679.25
106 397.3333333333333
107 598.0
108 396.6666666666667
109 1083.3333333333333
110 577.3333333333334
111 374671.77777777775
112 272.5
113 580.6
114 477.75
115 654.25
116 599.2
117 2491505.0
118 138582.9
119 511.3333333333333
120 574.6
121 568.75
122 479996.0
123 445.0
124 128.0
125 164846.5
126 560.7142857142857
127 502.3333333333333
128 512.25
129 375.3333333333333
130 488997.2
131 479.0
132 298.4
133 642.3333333333334
134 0
135 616.3333333333334
136 576.3333333333334
137 552.3333333333334
138 501.6666666666667
139 412.57142857142856
140 711007.125
141 564.0
142 583.6
143 522.7142857142857
144 603.0
145 142.0
146 392.3333333333333
147 475.0
148 725.0
149 573.7777777777778
150 650.6
151 633.8
152 409.3333333333333
153 586.5
154 850108.6666666666
155 404978.8333333333
156 553.0
157 689.5
158 307084.5
159 363.0
160 595.6666666666666
161 87312.375
162 805.5
163 458948.4
164 542.0
165 401.5
166 694.8
167 985.3333333333334
168 596.2857142857143
169 742.3333333333334
170 654.3333333333334
171 535.4545454545455
172 647.0
173 609.8333333333334
174 640.1666666666666
175 658.5
176 177206.6
177 330029.5714285714
178 543.4444444444445
179 628.4
180 97544.4
181 496.85714285714283
182 347.2
183 697.0
184 544.3333333333334
185 497.4
186 437.875
187 640.3333333333334
188 782182.6
189 433250.0
190 867738.0
191 480.0
192 72999.0
193 514.6
194 500132.8333333333
195 438.0
196 387.0
197 1981.4
198 698.0
199 426.0
200 455.5
201 309.5
202 146437.0
203 808.0
204 147888.75
205 573.8
206 828.0
207 949059.6666666666
208 821.3333333333334
209 500.0
210 561436.0
211 892.0
212 331.0
213 734.6666666666666
214 637.6666666666666
215 668.6
216 491186.6666666667
217 615.8333333333334
218 694.0
219 564.3333333333334
220 706.0
221 187820.81818181818
222 937.5
223 846.75
224 565.0
225 1109.0
226 206179.0
227 673.2
228 565.0
229 849.4
230 2011695.0
231 373.5
232 486.0
233 586.75
234 261237.5
235 358.0
236 684.3333333333334
237 576.25
238 552849.8
239 719.3333333333334
240 522.4
241 602.8
242 337882.3333333333
243 654.8888888888889
244 311873.0
245 615.0
246 867.3333333333334
247 987938.0
248 504.75
249 675.3333333333334
250 691.625
251 1000.25
252 804.0
253 671.0
254 396.6666666666667
255 668.0
256 672.6666666666666
257 493.3333333333333
258 1020.0
259 352323.0
260 786.0
261 517.5
262 593.2857142857143
263 276.42857142857144
264 889.8
265 698.0
266 677.4285714285714
267 811.1428571428571
268 233376.5
269 620.2
270 573.1666666666666
271 959.0
272 532.4
273 571.7142857142857
274 442.0
275 768.0
276 497.75
277 211376.8
278 605809.7142857143
279 560.6
280 838.6
281 591.1666666666666
282 694.8333333333334
283 1086.5
284 91120.44444444444
285 259.5
286 1010.2857142857143
287 883.0
288 641.125
289 1478272.2
290 2719155.3333333335
291 518561.8333333333
292 658.0
293 283439.0
294 1123.0
295 413.0
296 863.0
297 943.6666666666666
298 1519470.6666666667
299 502.8
300 387.5
301 398443.71428571426
302 1027.0
303 686.75
304 852745.0
305 201.0
306 1088.0
307 318664.8333333333
308 504.6
309 413025.8333333333
310 533.25
311 505.0
312 179319.0
313 712.0
314 856.0
315 695928.0
316 922.0
317 947.2
318 653.5
319 1001.2
320 487.0
321 87877.14285714286
322 1061056.375
323 372.0
324 1043195.3333333334
325 445.0
326 325193.8
327 1071.0
328 235199.5
329 633860.2857142857
330 746.7142857142857
331 224707.5
332 514585.1666666667
333 1240.5
334 877.6666666666666
335 740.0
336 235631.4
337 727.0
338 718.7142857142857
339 740.0
340 862081.0
341 820.8
342 272.8
343 914.4
344 892.1111111111111
345 762.8333333333334
346 206.0
347 904.0
348 499188.8
349 918.6666666666666
350 747918.3333333334
351 1777408.0
352 594779.6666666666
353 549.5
354 615.1428571428571
355 562.6
356 606826.7142857143
357 929.4
358 757.0
359 1223607.1666666667
360 135332.75
361 607816.8
362 690.5
363 278.6666666666667
364 515511.0
365 1001.0
366 679.2
367 607.0
368 705480.6666666666
369 556299.3333333334
370 654095.75
371 227.0
372 922.25
373 837.0
374 630.0
375 646027.0
376 825.8333333333334
377 531.1666666666666
378 313040.1666666667
379 757.3333333333334
380 830.8333333333334
381 335201.875
382 563.0
383 489.0
384 881.0
385 645.6666666666666
386 731551.25
387 575.8571428571429
388 552.5
389 459.75
390 777.3333333333334
391 181887.64285714287
392 683.2857142857143
393 702.5
394 707.1428571428571
395 614.0
396 934.0
397 991.0
398 715.2
399 838.0
400 680.0
401 731972.0
402 1236.0
403 393403.1
404 676946.7142857143
405 347009.0
406 511136.0
407 1468748.4
408 88250.33333333333
409 1091.5
410 1072.6666666666667
411 422448.5
412 577.5
413 1277.0
414 1445257.8
415 904.6666666666666
416 1182.5
417 794.75
418 2233609.4
419 754.2
420 600.8
421 673.1666666666666
422 1038.0
423 252728.83333333334
424 996.0
425 215438.42857142858
426 576.0
427 574103.5
428 668.1666666666666
429 1062.0
430 875.0
431 403.0
432 1222863.0
433 1310.0
434 979.6666666666666
435 985.25
436 368324.71428571426
437 1120.0
438 845088.0
439 588.0
440 299101.5
441 531135.5
442 15807.25
443 529884.125
444 465682.2
445 363752.0
446 202641.75
447 977.25
448 2851140.6
449 1080135.111111111
450 776.5
451 519.5
452 531.0
453 1279.3333333333333
454 215049.5
455 583.4285714285714
456 3205624.0
457 1174.2
458 845.5
459 635.8333333333334
460 881.8333333333334
461 1169.6
462 1537311.6666666667
463 746.5
464 1027.8
465 1052.6
466 784.3333333333334
467 2047678.2
468 422.0
469 307436.6666666667
470 916.0
471 222.0
472 902.25
473 3492.1666666666665
474 998.5
475 1381.5
476 995294.5714285715
477 1355963.25
478 87939.57142857143
479 477.6666666666667
480 0
481 301.0
482 477666.2
483 1003.75
484 856633.1666666666
485 979449.75
486 1181.6666666666667
487 878.5
488 1996172.0
489 214058.0
490 1077579.375
491 1654.5
492 671273.0
493 899.1666666666666
494 1037.5
495 490736.0
496 281.0
497 893.8333333333334
498 1410.5
499 190571.0
500 540.2
501 154306.375
502 445900.5
503 544325.3333333334
504 1036.3
505 651.6
506 1119.75
507 644991.0
508 1169.4
509 1086.142857142857
510 992.75
511 807.6666666666666
512 1684.0
513 981.4
514 1096364.4
515 557422.3333333334
516 260078.5
517 851412.8888888889
518 315.0
519 1451960.8
520 585.3333333333334
521 737.1666666666666
522 1203.1666666666667
523 932586.1666666666
524 1625059.6666666667
525 752.4
526 1259.25
527 257387.5
528 11738.5
529 250.0
530 323014.4
531 1112350.5714285714
532 847.25
533 221026.6
534 10713.0
535 1606.0
536 499724.6666666667
537 682.5
538 1091.3333333333333
539 2541497.6666666665
540 723.6666666666666
541 958.8571428571429
542 775670.25
543 1073488.8
544 797.5714285714286
545 269.0
546 849.0
547 263162.0
548 1129.857142857143
549 953.25
550 1439.0
551 613807.3333333334
552 1662430.25
553 744.0
554 11148.4
555 1236.0
556 895.0
557 43072.666666666664
558 996.6666666666666
559 726326.5
560 870.5
561 1345.3333333333333
562 1040.142857142857
563 1030.3333333333333
564 18707.5
565 1028.4
566 567317.3333333334
567 1417.0
568 1041.0
569 1020.0
570 1138694.0
571 1618.0
572 847.5
573 1334.0
574 948.5454545454545
575 532.0
576 494971.3333333333
577 1162.75
578 904.5
579 919.8571428571429
580 1324.25
581 252926.83333333334
582 1346945.0
583 1747.6666666666667
584 385.0
585 243884.0
586 371385.625
587 1497040.5714285714
588 299.0
589 1170.0
590 1002.6666666666666
591 930.0
592 620593.0
593 1886786.5
594 1069276.3333333333
595 1190629.1666666667
596 160866.66666666666
597 986.0909090909091
598 1018.4
599 1262.3333333333333
600 1261.0
601 636489.8571428572
602 1198977.0
603 870765.6666666666
604 921949.0
605 1080.0
606 1551.25
607 18849.5
608 953.3333333333334
609 483321.875
610 919.25
611 1356.0
612 746951.0
613 1275.5
614 290673.3333333333
615 544098.4
616 1244.0
617 1468.8333333333333
618 1298610.5
619 1099.75
620 23740.0
621 835.5
622 1437.2
623 756994.1428571428
624 171689.4
625 767.3333333333334
626 1639.25
627 95893.22222222222
628 1376.0
629 1036.6
630 591.25
631 220238.0
632 1023402.4
633 3618514.0
634 1210000.75
635 1956167.7777777778
636 609859.2857142857
637 3520795.5
638 652.25
639 981.25
640 1497.6666666666667
641 2270225.75
642 0
643 1440341.75
644 1202.2
645 746085.8
646 478.0
647 853594.3333333334
648 270655.0
649 665342.6
650 824.6
651 903024.0
652 2281.0
653 399502.8333333333
654 1541.5
655 443722.6
656 1258.5
657 1499914.1666666667
658 1009467.5714285715
659 448.5
660 517087.75
661 915.3333333333334
662 1686011.5
663 1119.0
664 1292.8
665 863.7142857142857
666 740.0
667 1234.375
668 853101.8333333334
669 1213.4
670 2254972.5
671 896924.8888888889
672 1063.0
673 1784745.7
674 370.3333333333333
675 649.0
676 1212.5
677 944.2
678 1350.0
679 1481585.6666666667
680 451667.44444444444
681 920779.0
682 1304.5
683 849.75
684 2771443.4
685 1332.5
686 1350.25
687 990.2
688 980.5
689 1633349.0
690 1739.75
691 494071.75
692 1244.2857142857142
693 977235.1
694 1261677.125
695 824.0
696 1222961.3333333333
697 1610.3333333333333
698 831.6
699 138925.8
700 1713.0
701 1028.6666666666667
702 918.0
703 1044.6666666666667
704 103995.0
705 1171.0
706 40955.666666666664
707 1626.142857142857
708 391.0
709 543511.625
710 939.5
711 244484.375
712 310642.0
713 1549234.6
714 386428.5
715 424370.1666666667
716 1443.875
717 1101.6666666666667
718 461791.4
719 412337.8333333333
720 2605695.3333333335
721 616352.8
722 1326.6666666666667
723 1137.0
724 1280.0
725 180250.0
726 1213.0
727 342968.25
728 1181412.625
729 714709.8571428572
730 878.6
731 1673521.25
732 1366.3333333333333
733 134248.375
734 710871.75
735 70043.14285714286
736 1976.3333333333333
737 649819.8571428572
738 1097.25
739 1961945.6666666667
740 0
741 1245.142857142857
742 1189375.0
743 34979.0
744 669.5
745 2342385.75
746 559610.0
747 1546.0
748 1010.5
749 1630.0
750 2428721.6
751 683389.6
752 190465.25
753 733260.75
754 1382.0
755 1759.0
756 1091.3333333333333
757 603.0
758 3968699.6666666665
759 188799.57142857142
760 1665.25
761 215023.66666666666
762 1393.3333333333333
763 2143986.8
764 878387.1428571428
765 1249.3333333333333
766 311.0
767 2052.6666666666665
768 2289710.1666666665
769 1872454.8333333333
770 570259.8333333334
771 1664.5
772 1071119.4
773 2545.0
774 643559.5
775 2051265.2
776 504655.8
777 1302.25
778 1354.5
779 1809663.0
780 894.5
781 1121.2
782 1128.6
783 876784.6
784 1297.3333333333333
785 567556.6666666666
786 3701.3333333333335
787 955212.5714285715
788 245664.7142857143
789 1243.5
790 1254.8
791 36646.0
792 2001980.0909090908
793 1418.6
794 425437.6
795 329281.75
796 198174.88888888888
797 2147709.0
798 1699.6666666666667
799 1066.1666666666667
800 1575.6
801 2144150.5
802 1337993.6666666667
803 1430.75
804 1545391.2857142857
805 1793.5
806 1047.0
807 1228.0
808 273015.71428571426
809 544256.4285714285
810 1402.3333333333333
811 164993.66666666666
812 1198.0
813 1107.6666666666667
814 1333.4
815 3033105.0
816 306094.0
817 1444.625
818 886.8333333333334
819 533136.125
820 491416.0
821 12642.666666666666
822 803417.8
823 615784.8
824 2436741.25
825 317761.0
826 3063.0
827 1378.2
828 2024.0
829 1383.5
830 1350622.4545454546
831 2460385.5
832 555414.0
833 2697.8
834 907.5
835 239295.25
836 19994.0
837 7624737.5
838 374068.3333333333
839 1023718.8571428572
840 1299.6666666666667
841 1702.75
842 789.7777777777778
843 1137637.3333333333
844 280952.5714285714
845 138914.14285714287
846 1230.8
847 1818.3333333333333
848 1563499.6666666667
849 62981.0
850 1024528.5714285715
851 1494.0
852 4524042.0
853 871640.2
854 23658.666666666668
855 2800906.5
856 1489.8333333333333
857 592976.8
858 99092.5
859 305399.5
860 1304.0
861 1313.6666666666667
862 6798571.333333333
863 995.6
864 2517778.6666666665
865 1229.25
866 1240.3333333333333
867 388909.0
868 225969.25
869 1165.4285714285713
870 1392.6666666666667
871 1333172.4285714286
872 693.0
873 1136.875
874 1415069.4
875 841.0
876 750881.8571428572
877 426.0
878 2575488.4285714286
879 632274.3333333334
880 25356.0
881 1495.0
882 1095.6666666666667
883 1977.0
884 1027233.3333333334
885 553993.5
886 1888579.1666666667
887 558820.75
888 1149.3333333333333
889 1123.0
890 344572.53846153844
891 186545.66666666666
892 71744.83333333333
893 281568.6
894 550266.5714285715
895 1544693.5
896 1272.3333333333333
897 1481.3333333333333
898 773.25
899 2823235.0
900 880.3333333333334
901 1416671.25
902 642429.3333333334
903 186168.0
904 1189.5
905 2150020.0
906 1210.5
907 1826.142857142857
908 2321.6666666666665
909 765878.25
910 1219.4
911 305747.14285714284
912 691015.3333333334
913 621808.1428571428
914 1972099.4285714286
915 1.27583905E7
916 1335.125
917 753.5
918 2897052.4
919 1532.25
920 2234.3333333333335
921 2135.0
922 1232.3333333333333
923 300258.125
924 1827.6666666666667
925 36280.333333333336
926 733084.0
927 382474.0
928 873.5
929 1411.857142857143
930 1075359.1666666667
931 737.6666666666666
932 1180966.8333333333
933 434319.5
934 275931.875
935 1088435.0
936 2255.0
937 1656.4285714285713
938 1276887.8
939 234033.42857142858
940 2466847.8
941 2321.6666666666665
942 1111.8
943 1399.25
944 101371.0
945 503618.2
946 1076.0
947 1524.25
948 899.3333333333334
949 1849.8
950 2545.0
951 676033.8571428572
952 1321.5
953 229926.4
954 1964.6666666666667
955 582682.0
956 478530.5
957 1782.375
958 1216.2
959 2155.25
960 347531.5
961 1003782.0
962 688268.0
963 1444.75
964 220696.5
965 1147703.25
966 8600046.333333334
967 559930.25
968 1384.2
969 1946.0
970 2016.0
971 194546.0
972 1558.2
973 1938552.1666666667
974 2797.5
975 1012226.8571428572
976 1616.0
977 1362.8
978 2094.0
979 864.0
980 499379.5714285714
981 1654084.3333333333
982 2534655.75
983 783.6
984 779416.1428571428
985 0
986 1925993.3333333333
987 352493.625
988 1311826.6666666667
989 579681.2
990 734254.3
991 92147.5
992 972.0
993 2809325.5
994 703362.1111111111
995 1892.0
996 222890.27272727274
997 2075780.75
998 1837058.25
999 131055.33333333333
1000 449472.3333333333
1001 753084.3333333334
1002 1630.6666666666667
1003 289581.5
1004 665134.8
1005 40256.71428571428
1006 1619.8333333333333
1007 268208.0
1008 1041337.875
1009 734946.8
1010 0
1011 93860.33333333333
1012 2685639.8
1013 21450.833333333332
1014 1626.0
1015 1631.0
1016 1923119.25
1017 995603.0
1018 320229.875
1019 5322641.0
1020 4528851.5
1021 933564.2
1022 98444.71428571429
1023 1043.0
1024 1433.6
1025 3075740.0
1026 3182191.25
1027 960949.0
1028 1483.0
1029 830648.0
1030 1109477.5
1031 1274561.8
1032 428475.8
1033 1364.5
1034 3752712.285714286
1035 976.6666666666666
1036 2057.3333333333335
1037 2077.25
1038 567908.1428571428
1039 110733.125
1040 568965.8333333334
1041 1507.75
1042 2069145.75
1043 956.0
1044 28806.666666666668
1045 2338029.4444444445
1046 489521.4
1047 865.0
1048 1861.5714285714287
1049 1968.5
1050 1356.4
1051 747410.7142857143
1052 2090.0
1053 2143641.0
1054 2212462.0
1055 2538553.25
1056 550660.1111111111
1057 4001242.8333333335
1058 2015.4
1059 101747.0
1060 1360.5
1061 1112.3333333333333
1062 315900.77777777775
1063 1316.0
1064 34618.833333333336
1065 653611.5
1066 1668.0
1067 1638756.2
1068 1188.75
1069 2675554.6666666665
1070 2266688.3333333335
1071 2266222.0
1072 548008.0
1073 1587176.0
1074 0
1075 648652.25
1076 554309.6
1077 1539439.75
1078 2508424.777777778
1079 357182.625
1080 2126.0
1081 1120536.8
1082 1611.5
1083 1547418.25
1084 1341.75
1085 710482.5
1086 2305011.25
1087 383729.1
1088 2391.5
1089 1391.0
1090 4149830.0
1091 2320612.0
1092 8105563.0
1093 225725.55555555556
1094 2415144.25
1095 581593.8333333334
1096 2116.3333333333335
1097 1812232.5
1098 1986581.3333333333
1099 1746289.3333333333
1100 337526.5714285714
1101 290086.6666666667
1102 226786.75
1103 462294.5
1104 2524572.4
1105 7064037.428571428
1106 482126.3333333333
1107 1242821.8333333333
1108 1774.75
1109 1071.5
1110 1936743.8333333333
1111 470.0
1112 1295828.2857142857
1113 2555309.4285714286
1114 104653.16666666667
1115 1505.3333333333333
1116 1249.0
1117 1402.0
1118 1768.0
1119 193095.25
1120 200546.25
1121 781949.0
1122 6829071.0
1123 1793.3333333333333
1124 677688.5
1125 1739.5
1126 1388.5
1127 1374606.75
1128 1484.3333333333333
1129 655069.5
1130 1347.0
1131 1953.7142857142858
1132 5348306.833333333
1133 3194932.285714286
1134 1595.2222222222222
1135 184225.77777777778
1136 1765.4285714285713
1137 264644.5
1138 366270.5
1139 4495129.25
1140 784255.125
1141 3774924.6666666665
1142 830940.1666666666
1143 1952996.6666666667
1144 989.6
1145 2243.3333333333335
1146 915.75
1147 1698.0
1148 2329.0
1149 1360.25
1150 2324738.5
1151 897192.8
1152 2357.0
1153 2268276.75
1154 0
1155 2580194.1428571427
1156 777579.0
1157 1670819.0
1158 4883842.0
1159 1852.4285714285713
1160 1662.2
1161 759.6666666666666
1162 159766.0
1163 15856.142857142857
1164 354970.6666666667
1165 1476491.3333333333
1166 1325.4
1167 2709470.5555555555
1168 255196.16666666666
1169 378034.8333333333
1170 3084467.4
1171 1692447.0
1172 778092.0
1173 967.0
1174 1029913.1666666666
1175 2834862.0
1176 1206.6
1177 916.6
1178 1776.6
1179 462441.6666666667
1180 2691.6666666666665
1181 1148562.5
1182 545809.7142857143
1183 2100955.4
1184 891461.75
1185 378368.5
1186 1179.3333333333333
1187 1217.3333333333333
1188 1944.0
1189 725412.1428571428
1190 3071.5
1191 536046.0
1192 2345.5
1193 1298.2
1194 1002424.7
1195 717710.8
1196 3792229.6666666665
1197 1822742.0
1198 2124.5714285714284
1199 2483.8
1200 301377.5
1201 2065.6
1202 1479.5
1203 2907063.4285714286
1204 582510.9166666666
1205 41512.125
1206 3332613.6
1207 1917892.4
1208 2161.8333333333335
1209 1476.0
1210 1410481.25
1211 8454.25
1212 1698670.6666666667
1213 1050685.6666666667
1214 2084.6
1215 969263.0
1216 0
1217 445197.0
1218 5709092.0
1219 1.5266307E7
1220 282463.0
1221 2055.714285714286
1222 2025607.8
1223 733773.5714285715
1224 2059.5
1225 198512.8
1226 1444.0
1227 1346175.8
1228 2522079.923076923
1229 2198.1666666666665
1230 1116.5
1231 226288.33333333334
1232 1372.6666666666667
1233 1898819.75
1234 342991.0
1235 603085.3333333334
1236 3320610.0
1237 2444019.0
1238 2048.5
1239 1273619.2
1240 3016429.0
1241 1737.0
1242 1798.6666666666667
1243 2679.625
1244 1561115.3333333333
1245 2834313.0
1246 1912.0
1247 928611.4
1248 2004.6
1249 9151272.0
1250 1735.1666666666667
1251 313548.0
1252 3567822.0
1253 1151.5
1254 2568.0
1255 2033207.6666666667
1256 778747.8333333334
1257 250408.72727272726
1258 4936703.0
1259 1748.75
1260 378229.2
1261 2064.1666666666665
1262 1777.0
1263 136281.25
1264 586536.5
1265 2864.3333333333335
1266 741384.0
1267 1990328.25
1268 1232.1666666666667
1269 912451.6
1270 1964.7142857142858
1271 2288.0
1272 1639.3333333333333
1273 769443.0
1274 1443.8
1275 442836.5
1276 2993557.4
1277 1056654.625
1278 857100.3333333334
1279 916339.875
1280 706950.0
1281 1530.5
1282 755971.5
1283 2058.3333333333335
1284 19144.666666666668
1285 569220.6666666666
1286 2034.5555555555557
1287 2999.0
1288 1225.0
1289 2630.0
1290 2136.75
1291 313119.5
1292 2542997.111111111
1293 163821.0
1294 2042450.8
1295 1886055.3333333333
1296 2435.3333333333335
1297 2755.0
1298 64150.8
1299 39559.333333333336
1300 239143.0
1301 2561661.0
1302 2594.0
1303 843458.5
1304 1161894.5
1305 2316.0
1306 2391.6
1307 1103.25
1308 2270.0
1309 2389195.1666666665
1310 297241.375
1311 1746.6666666666667
1312 649725.6666666666
1313 729258.3333333334
1314 537672.0
1315 76645.0
1316 1828939.0
1317 107518.2
1318 956838.0
1319 1.045505525E7
1320 1376.5
1321 550506.0
1322 246628.625
1323 327021.28571428574
1324 251967.0
1325 4220970.8
1326 1431933.6666666667
1327 1733.1666666666667
1328 53724.8
1329 681917.5
1330 2455.0
1331 1186618.1
1332 6077606.0
1333 4709379.5
1334 7309899.428571428
1335 1492.0
1336 477923.3333333333
1337 1646966.0
1338 3407.0
1339 2156.0
1340 0
1341 1579.125
1342 483203.8333333333
1343 2208.6666666666665
1344 1044711.7142857143
1345 165354.7142857143
1346 2683021.1428571427
1347 1268.8333333333333
1348 2307.4
1349 1487.75
1350 2684.0
1351 1667.8
1352 2707244.5
1353 6809556.75
1354 575654.1428571428
1355 1830.5
1356 473304.8333333333
1357 3495210.25
1358 1855.0
1359 545456.6
1360 44700.333333333336
1361 2670091.0
1362 2427779.777777778
1363 2996195.6666666665
1364 782785.0
1365 384914.3333333333
1366 1400.5
1367 2208.375
1368 1514.0
1369 2880505.714285714
1370 1816.75
1371 1187801.0
1372 4324485.5
1373 12442.5
1374 1218394.6
1375 6286828.555555556
1376 483735.4
1377 2079.5
1378 1800164.0
1379 1371.3333333333333
1380 632739.5
1381 878845.0
1382 870860.5
1383 2782.8
1384 1062147.5
1385 941829.4444444445
1386 2813.3333333333335
1387 333709.0
1388 1378320.625
1389 2859.3333333333335
1390 1428.857142857143
1391 1140190.5
1392 3012103.1428571427
1393 2626.0
1394 2661997.714285714
1395 2559227.6666666665
1396 138290.66666666666
1397 1635.5
1398 1384599.4
1399 1400385.3333333333
1400 2611812.0
1401 410253.44444444444
1402 2083.75
1403 1372231.75
1404 692042.0
1405 641899.2
1406 1.0890159E7
1407 113756.0
1408 2070.25
1409 863979.6666666666
1410 2705909.6
1411 1432898.5714285714
1412 2406215.0
1413 2726.75
1414 426375.71428571426
1415 2192982.0
1416 29899.5
1417 4127187.5
1418 232492.2
1419 6281367.0
1420 2593674.5
1421 2629.5
1422 3292.0
1423 2120688.8333333335
1424 1191.3333333333333
1425 6555370.4
1426 1780.0
1427 7942.714285714285
1428 1737541.8
1429 1173.2
1430 637887.3
1431 2179641.0
1432 733379.4
1433 3981503.3333333335
1434 1480277.2857142857
1435 5995405.5
1436 3734482.5
1437 603445.8333333334
1438 1137.6666666666667
1439 1924.6666666666667
1440 2655.0
1441 3243.5
1442 1953157.0
1443 2921.0
1444 2435948.75
1445 1919.6666666666667
1446 1358920.5
1447 2249916.6
1448 1556892.75
1449 1432559.2857142857
1450 4542.0
1451 1522.25
1452 626997.0
1453 879202.5
1454 1325048.6666666667
1455 2347615.5
1456 2041723.8333333333
1457 4180560.5
1458 1161952.7142857143
1459 2101.3333333333335
1460 2833.25
1461 1307331.5
1462 454260.5714285714
1463 7449090.333333333
1464 2157.125
1465 1457352.0
1466 840760.2727272727
1467 2732.25
1468 6738427.0
1469 2145817.2
1470 922817.0
1471 1131059.6
1472 849799.2
1473 2918453.6666666665
1474 2962.5
1475 2327952.0
1476 2708332.5
1477 2534.0
1478 2211.25
1479 2515220.25
1480 2308713.2
1481 1229.6666666666667
1482 627.0
1483 2683.5
1484 2316.8333333333335
1485 1765.6666666666667
1486 2008605.6666666667
1487 283950.3333333333
1488 1424296.4
1489 2029.6
1490 2392.6666666666665
1491 7239573.0
1492 2521.6
1493 2577047.8
1494 1157621.8
1495 549.0
1496 1079237.0
1497 794878.625
1498 2745573.2
1499 2723.2
1500 202786.66666666666
1501 673270.2
1502 2809.4
1503 2019.2857142857142
1504 417674.6
1505 570656.5
1506 310296.875
1507 629817.0
1508 5536566.625
1509 1802.0
1510 2464.75
1511 5396554.833333333
1512 4972634.25
1513 23121.666666666668
1514 2135.6
1515 2670.0
1516 1855557.8333333333
1517 2543919.0
1518 1807026.25
1519 2129.0
1520 185027.66666666666
1521 2958.0
1522 1628780.875
1523 1753.0
1524 1.02075366E7
1525 316985.625
1526 1527.0
1527 3166.5
1528 836.0
1529 4660148.0
1530 3556167.285714286
1531 4149012.3333333335
1532 587563.3333333334
1533 341438.8
1534 530961.8571428572
1535 1742.0
1536 938606.1666666666
1537 3863054.4285714286
1538 2443.6666666666665
1539 2579.0
1540 264088.1666666667
1541 1822469.6666666667
1542 1457.75
1543 3153.5
1544 759532.5
1545 3549377.5
1546 2686.2
1547 4827944.5
1548 3725401.75
1549 840865.1428571428
1550 1830.0
1551 1420921.625
1552 1031859.0
1553 1697055.2857142857
1554 1298.25
1555 2582.5
1556 1161055.5
1557 2233100.5
1558 2006967.375
1559 1872.0
1560 347585.8333333333
1561 89714.33333333333
1562 1.38570005E7
1563 2622500.75
1564 8297531.625
1565 1789.75
1566 2081708.3333333333
1567 1727553.5
1568 306737.3
1569 1669077.0
1570 2876.6666666666665
1571 6399801.666666667
1572 2835.75
1573 1867.25
1574 732992.1428571428
1575 3094.0
1576 2318.5
1577 2035.0
1578 1756862.6
1579 3128.5
1580 1.37571155E7
1581 1373749.5714285714
1582 1948.25
1583 2665.3333333333335
1584 1.064950775E7
1585 2633976.0
1586 279875.3333333333
1587 2447.5
1588 256782.33333333334
1589 998278.3333333334
1590 1030216.0
1591 2398.25
1592 1685267.4
1593 5841754.666666667
1594 333391.6666666667
1595 607967.25
1596 1782470.0
1597 422490.375
1598 1765.6666666666667
1599 1715119.6
1600 3267106.25
1601 2278.0
1602 3931445.1666666665
1603 1007002.2857142857
1604 4470376.857142857
1605 1599.4
1606 1862.0
1607 1159914.1666666667
1608 556003.1666666666
1609 291066.0
1610 1048168.25
1611 2608776.222222222
1612 911.6
1613 5353417.0
1614 3138719.375
1615 2823.0
1616 1248867.3333333333
1617 1126511.5
1618 3262651.0
1619 655351.125
1620 2262445.6666666665
1621 3971302.0
1622 2158935.125
1623 1337.6
1624 4143576.5
1625 2167.8
1626 302068.3333333333
1627 3009439.5
1628 1410188.5
1629 1904.0
1630 4242504.142857143
1631 2102190.0
1632 1656.0
1633 2184635.3333333335
1634 3239.5
1635 1613.5
1636 189549.42857142858
1637 2204.0
1638 3546960.5714285714
1639 519064.0
1640 2994052.285714286
1641 64968.75
1642 2486.375
1643 2163149.3333333335
1644 550830.8
1645 581432.9
1646 1097828.1666666667
1647 883581.875
1648 1956.5
1649 480667.1666666667
1650 5364055.0
1651 2705717.5714285714
1652 171956.125
1653 128254.33333333333
1654 3199381.125
1655 3539575.125
1656 621712.6
1657 3915.3333333333335
1658 2673.5
1659 938.5
1660 2129.8
1661 5197349.0
1662 3357780.1
1663 1809.5
1664 3339.5
1665 2930.5
1666 2783.3333333333335
1667 3206.0
1668 1140499.0
1669 1765198.8181818181
1670 819195.4
1671 1208805.8333333333
1672 2350471.5
1673 550562.0
1674 2570.75
1675 2561476.3333333335
1676 1429.5
1677 659146.0
1678 6016356.428571428
1679 2051.4
1680 531567.8333333334
1681 493109.0
1682 3539134.5
1683 1055277.0
1684 3218.0
1685 3333123.2
1686 1210.3333333333333
1687 2063.0
1688 2392.0
1689 7634792.75
1690 1407112.0
1691 4653397.714285715
1692 4843532.666666667
1693 34682.2
1694 2832070.888888889
1695 3713143.25
1696 1500907.3333333333
1697 2365505.0
1698 3269698.4
1699 1966816.0
1700 2258.375
1701 3584626.3333333335
1702 3163866.0
1703 6891180.25
1704 2816.3333333333335
1705 3782738.0
1706 129440.125
1707 2717567.8
1708 1714313.5
1709 3447005.6666666665
1710 2234.0
1711 2568605.4
1712 6185239.714285715
1713 2423.25
1714 1729.8
1715 1591.6666666666667
1716 2691526.4444444445
1717 2631549.0
1718 2352.3333333333335
1719 2776305.8571428573
1720 4547534.0
1721 8757.666666666666
1722 1340047.5
1723 18017.833333333332
1724 2413.75
1725 1380.5
1726 49785.5
1727 26277.6
1728 1020489.6
1729 4659267.75
1730 8403828.0
1731 3565271.25
1732 3169.5
1733 1186.0
1734 1872.7142857142858
1735 2668495.8571428573
1736 2105245.0
1737 2707.8
1738 3662616.6666666665
1739 257925.2
1740 2045066.0
1741 1609425.25
1742 3190.5
1743 2734.0
1744 4600328.571428572
1745 3851937.6666666665
1746 2971.8
1747 3678830.6
1748 2848258.375
1749 223072.33333333334
1750 1500813.3
1751 4257850.6
1752 1086984.6666666667
1753 610039.6666666666
1754 4293949.4
1755 3409.0
1756 297185.7
1757 628816.6666666666
1758 867.0
1759 3055.3333333333335
1760 1674189.0
1761 3426.25
1762 787508.3333333334
1763 2343.714285714286
1764 254914.66666666666
1765 2711.6
1766 564081.6666666666
1767 3159129.5
1768 702.5
1769 3404.0
1770 2643.1428571428573
1771 2796.25
1772 964138.5
1773 434001.4
1774 3670695.8333333335
1775 3101646.3
1776 341096.4
1777 3113.5
1778 4069734.5
1779 2175918.0
1780 1211113.6666666667
1781 1072096.2857142857
1782 858033.0
1783 34133.375
1784 3537359.5
1785 8588794.6
1786 4722960.0
1787 16599.0
1788 4171549.125
1789 2852.1111111111113
1790 1039.0
1791 1520513.5
1792 1371.25
1793 876963.2857142857
1794 7096339.8
1795 605076.0
1796 2503.3333333333335
1797 4411016.0
1798 2277.5
1799 739294.7142857143
1800 2122.0
1801 4467627.0
1802 3674066.0
1803 5872413.0
1804 3526885.6666666665
1805 2569276.6666666665
1806 5421989.5
1807 2651.0
1808 2122.0
1809 1221736.0
1810 505417.0
1811 161882.4
1812 1176224.7777777778
1813 2973.5714285714284
1814 238577.75
1815 1865.2
1816 1155927.0
1817 3252.5
1818 675.0
1819 2582.8
1820 1280205.4615384615
1821 270919.28571428574
1822 2676.6666666666665
1823 4342171.777777778
1824 843319.0
1825 1.41167135E7
1826 7429892.5
1827 845587.4
1828 165898.8
1829 2305050.8
1830 2756.4
1831 2232670.8333333335
1832 204713.6
1833 1191671.5714285714
1834 52534.833333333336
1835 2404525.2
1836 3397.0
1837 3594985.777777778
1838 1246600.5
1839 2016.75
1840 3033894.0
1841 330473.25
1842 1.1420657833333334E7
1843 426194.0
1844 4012.6666666666665
1845 3782032.1666666665
1846 3345967.8
1847 2275732.888888889
1848 1885.2
1849 3307058.4444444445
1850 2475.3333333333335
1851 651588.5
1852 2068619.0
1853 2452.0
1854 2076.285714285714
1855 1303579.5714285714
1856 3229.75
1857 8269199.333333333
1858 2405226.0
1859 1260256.6666666667
1860 4337.0
1861 4156800.0
1862 6157.0
1863 3143.1428571428573
1864 4596156.8
1865 199225.81818181818
1866 2746178.6666666665
1867 6525.0
1868 525751.0
1869 2328.8
1870 1908621.6
1871 3090049.6
1872 7611771.4
1873 3303.4
1874 9573596.2
1875 2139.8
1876 2316889.375
1877 473802.5
1878 5674922.5
1879 6357282.6
1880 2500763.25
1881 2821722.1666666665
1882 14316.0
1883 2194.6666666666665
1884 4842959.666666667
1885 834502.2
1886 978079.3333333334
1887 5323.5
1888 2260.5
1889 810699.125
1890 1944448.0
1891 1966.3333333333333
1892 230573.2857142857
1893 3092.2
1894 4925.0
1895 1249619.2
1896 2114270.222222222
1897 2459.0
1898 2341.0
1899 3.227777425E7
1900 345404.71428571426
1901 3705.6666666666665
1902 955910.3333333334
1903 2084.0
1904 5367296.0
1905 430688.0
1906 1726963.0
1907 1962.5
1908 3012.4545454545455
1909 2649305.0
1910 16912.4
1911 2612.0
1912 1538.0
1913 1887812.2857142857
1914 1886841.375
1915 2538351.8571428573
1916 229099.66666666666
1917 2872.4
1918 5371410.0
1919 1148309.75
1920 1076561.625
1921 3142.5
1922 1176530.25
1923 1199200.5
1924 2800.25
1925 947680.3333333334
1926 1606389.0
1927 3273482.5714285714
1928 2267115.75
1929 5359313.666666667
1930 508969.2
1931 3701.0
1932 98048.33333333333
1933 1313240.75
1934 9023727.8
1935 1811578.0
1936 5309623.166666667
1937 3383.3333333333335
1938 2928.6
1939 9175461.5
1940 2184822.0
1941 3734330.1666666665
1942 3999933.0
1943 259377.14285714287
1944 907406.4
1945 2233.4
1946 3135075.25
1947 2958.0
1948 1478008.0
1949 2095.25
1950 8500764.0
1951 2982.0
1952 1668996.0
1953 1574359.0
1954 2117.75
1955 1497494.6666666667
1956 7159583.6
1957 4607585.571428572
1958 18872.14285714286
1959 4658812.875
1960 690947.8333333334
1961 7845899.8
1962 3399.0
1963 85954.0
1964 1.18832764E7
1965 7094933.333333333
1966 2663.3333333333335
1967 2624.0
1968 4400.0
1969 1424519.25
1970 1.4447571142857144E7
1971 933016.8888888889
1972 1576.8333333333333
1973 2363.3333333333335
1974 2868.3333333333335
1975 6228419.0
1976 4491184.571428572
1977 464804.0
1978 1167378.5
1979 6610437.0
1980 3286.25
1981 928.0
1982 2442.6
1983 2261.714285714286
1984 2044618.6666666667
1985 3271214.0
1986 2343.0
1987 4004.25
1988 2862372.0
1989 699.0
1990 3126444.4
1991 1182313.2857142857
1992 2258.0
1993 2187357.0
1994 5524858.25
1995 3023.0
1996 3839.0
1997 944708.0
1998 4864169.25
1999 2201877.0
2000 1429.75
2001 2181258.2
2002 90153.0
2003 1.2156111E7
2004 392372.25
2005 1237367.0
2006 2751.5
2007 1680278.0
2008 3459.8
2009 8177542.2
2010 3297719.5
2011 2253186.1666666665
2012 2464999.4
2013 1199580.857142857
2014 6394771.333333333
2015 5388648.857142857
2016 595864.0
2017 5434.0
2018 690925.2857142857
2019 5298212.875
2020 7201473.0
2021 9900326.666666666
2022 983828.875
2023 864214.5
2024 941917.0
2025 2014604.0
2026 4016.0
2027 4574739.125
2028 6609490.4
2029 2639513.7
2030 3422.0
2031 4614678.6
2032 3647148.8333333335
2033 4953156.125
2034 2382.2
2035 3151072.4
2036 2993069.4285714286
2037 3908509.0
2038 7024272.666666667
2039 4685706.75
2040 891903.8571428572
2041 535991.9166666666
2042 2289.0
2043 2334770.6
2044 1406766.75
2045 2289774.3333333335
2046 3894.8333333333335
2047 4015.0
2048 1023947.7142857143
2049 728.0
2050 935174.0
2051 2260.0
2052 866.0
2053 6028374.0
2054 6119186.833333333
2055 5641972.25
2056 2472.8
2057 6205083.75
2058 5592924.2
2059 4468.0
2060 2232.3333333333335
2061 993744.3333333334
2062 948284.25
2063 1972746.0
2064 3163.0
2065 2726.3333333333335
2066 5699170.333333333
2067 2556.8
2068 1383111.3333333333
2069 1.15467361E7
2070 5597791.0
2071 1534.0
2072 18004.0
2073 6794642.25
2074 3915543.0
2075 529329.4
2076 1065358.2
2077 431066.0
2078 3169.5
2079 364979.5
2080 2363.0
2081 462892.5
2082 3596.25
2083 3592.0
2084 4690.0
2085 2716.0
2086 3018.4
2087 1520084.6
2088 1731990.7142857143
2089 3281.0
2090 180575.44444444444
2091 1.29553785E7
2092 9568334.833333334
2093 2580.75
2094 3852.5714285714284
2095 4210193.555555556
2096 1.5637492166666666E7
2097 225762.66666666666
2098 2799388.5
2099 1099641.3333333333
2100 8214909.4
2101 1791723.1666666667
2102 2800089.6666666665
2103 1.0299150666666666E7
2104 7924246.714285715
2105 4642686.0
2106 1705839.0
2107 3250.8888888888887
2108 1796.6666666666667
2109 734472.75
2110 1110657.1666666667
2111 2553940.6
2112 1.2974210666666666E7
2113 3910.0
2114 2409097.0
2115 9418803.0
2116 9555804.777777778
2117 1705407.75
2118 6886447.625
2119 1118713.5
2120 229921.5
2121 4360495.285714285
2122 9784584.2
2123 1342881.25
2124 3327.0
2125 374134.25
2126 1378.3333333333333
2127 4308046.0
2128 2275214.4
2129 2664098.375
2130 3061534.5
2131 2109.0
2132 6962521.2
2133 1316774.0
2134 4586615.5
2135 373476.2
2136 3596259.25
2137 5523537.833333333
2138 181710.75
2139 2379.0
2140 1628692.142857143
2141 315434.8
2142 2120836.0
2143 2908729.1666666665
2144 263414.3333333333
2145 0
2146 1.086262375E7
2147 4092.5
2148 4097690.3333333335
2149 9252298.0
2150 2564352.75
2151 3589468.0
2152 3908303.8571428573
2153 4013.6
2154 2752699.1666666665
2155 4167063.75
2156 4297.0
2157 8575719.142857144
2158 716286.125
2159 1239627.5
2160 1.2997248E7
2161 653071.6
2162 2252.5
2163 1053996.2
2164 3839.0
2165 2737.0
2166 634946.2
2167 1845.6
2168 2006206.5
2169 2037043.5714285714
2170 2919.8571428571427
2171 2371444.0
2172 1844269.1666666667
2173 3726.0
2174 16291.5
2175 3034136.6
2176 1715606.0
2177 3315.25
2178 4327.0
2179 2536776.25
2180 2192006.75
2181 2103324.8
2182 5095048.333333333
2183 3409317.2
2184 4390712.333333333
2185 6055.666666666667
2186 6286888.4
2187 8402990.6
2188 5899278.75
2189 2281213.5
2190 1135313.2
2191 7193186.8
2192 1379907.4285714286
2193 36055.4
2194 9179076.0
2195 7228473.0
2196 4433.333333333333
2197 490638.0
2198 2564484.0
2199 3181795.25
2200 1777.0
2201 1893.5
2202 2598038.0
2203 4335.0
2204 2.3180008E7
2205 9049483.666666666
2206 870274.375
2207 2375.25
2208 2.0006368E7
2209 1985443.25
2210 4684563.75
2211 4730647.857142857
2212 3675.0
2213 1866617.6
2214 1085666.375
2215 4574228.571428572
2216 2508.6666666666665
2217 1325977.75
2218 1.03225172E7
2219 3003301.0
2220 2380.0
2221 1636821.2
2222 7982293.777777778
2223 5427466.0
2224 5357719.833333333
2225 2465.5
2226 1947136.6
2227 1006299.0909090909
2228 4455.666666666667
2229 4181400.0
2230 7889.0
2231 3440.5
2232 3042.5
2233 1557888.8333333333
2234 1.8640652E7
2235 1414015.7142857143
2236 8178509.8
2237 781251.0
2238 4744461.25
2239 3535.5
2240 4619637.0
2241 6612446.75
2242 9818741.0
2243 1.395814075E7
2244 3354.8
2245 1.197639925E7
2246 529357.6666666666
2247 1705.0
2248 2689.0
2249 2460.714285714286
2250 5351899.285714285
2251 2984532.6
2252 1872273.3333333333
2253 681392.0
2254 4504511.666666667
2255 2492.0
2256 2428.5
2257 456738.8333333333
2258 1333798.75
2259 4114.0
2260 7063230.0
2261 2251.0
2262 9967647.6
2263 3282.0
2264 350629.4
2265 1252502.0
2266 4455.0
2267 3719275.5
2268 277930.3333333333
2269 2540.5
2270 2398563.5
2271 3843036.3333333335
2272 627929.0
2273 3007053.6666666665
2274 340872.0
2275 2759.0
2276 8137150.5
2277 3511.0
2278 3005334.0
2279 2152183.8
2280 828.0
2281 1441.0
2282 4396106.625
2283 1064255.5
2284 3967259.6
2285 4230.0
2286 596614.375
2287 2655992.5
2288 3576710.125
2289 5135.0
2290 1.4777833333333334E7
2291 3797.0
2292 4738916.333333333
2293 7179868.333333333
2294 405709.4
2295 574118.3333333334
2296 540158.0
2297 2998.5
2298 6072242.0
2299 2570.8
2300 723726.5
2301 1058930.75
2302 4925492.125
2303 2266287.5714285714
2304 70036.6
2305 8371828.0
2306 5808370.5
2307 3656165.3333333335
2308 2602.5
2309 156619.83333333334
2310 2497995.3333333335
2311 5278398.666666667
2312 1.8731884E7
2313 8114305.25
2314 2053594.2
2315 2921.4
2316 1562051.0
2317 3608892.0
2318 2972536.6666666665
2319 4540188.5
2320 3383131.8
2321 4861261.0
2322 4497455.0
2323 1.0337732E7
2324 2948453.0
2325 1159011.0
2326 2349400.6
2327 673645.2857142857
2328 3908.75
2329 5963906.333333333
2330 6582460.333333333
2331 9200940.5
2332 1.3412434E7
2333 4109798.5
2334 4267.333333333333
2335 4312.666666666667
2336 222097.25
2337 9559264.0
2338 2869.5
2339 467892.875
2340 7150809.8
2341 1713.0
2342 2811685.75
2343 5980163.125
2344 546402.5
2345 31629.6
2346 2570436.75
2347 918623.75
2348 5931358.666666667
2349 4370.0
2350 5136134.0
2351 3087.0
2352 789465.6
2353 44272.333333333336
2354 3929849.0
2355 33039.0
2356 246120.42857142858
2357 881084.0
2358 3609.6666666666665
2359 2175196.909090909
2360 9846855.75
2361 2304.6666666666665
2362 6308960.4
2363 5064408.4
2364 1467414.5
2365 2944.0
2366 8739789.0
2367 3260250.0
2368 707285.6
2369 3890950.2
2370 1983748.4
2371 3638178.0
2372 42831.5
2373 2913.6666666666665
2374 21020.0
2375 6546285.25
2376 2069.6666666666665
2377 7574160.75
2378 1.8793601333333332E7
2379 2387337.0
2380 1038008.3333333334
2381 6544552.285714285
2382 7128424.25
2383 913931.25
2384 3410950.9
2385 2708.0
2386 6357118.428571428
2387 2009816.8333333333
2388 2506.8333333333335
2389 3582.0
2390 3821.4
2391 530115.8333333334
2392 3972184.0
2393 1.131804625E7
2394 471419.1666666667
2395 2181832.25
2396 508283.0
2397 3803.4
2398 1372.5
2399 2961.2
2400 4294286.285714285
2401 33603.88888888889
2402 1.08924954E7
2403 263414.4285714286
2404 3226.0
2405 3337.2
2406 1137224.6666666667
2407 2640182.222222222
2408 6455740.857142857
2409 2583.5
2410 6706267.166666667
2411 5076.25
2412 4680.25
2413 1104316.1666666667
2414 2361909.0
2415 30198.5
2416 1189.0
2417 1444456.75
2418 3131.75
2419 3245353.2
2420 3.1558870333333332E7
2421 3089534.6666666665
2422 2981088.2
2423 367566.25
2424 2721.5
2425 762929.6666666666
2426 4219.0
2427 4626.5
2428 4364577.125
2429 4711.5
2430 4348245.666666667
2431 5880737.333333333
2432 9984493.2
2433 1432223.0
2434 1826401.7142857143
2435 2.382599E7
2436 3950.0
2437 7970592.0
2438 1350709.75
2439 330350.375
2440 1.15522828E7
2441 2551923.3333333335
2442 2235807.0
2443 1954.0
2444 1.1596978166666666E7
2445 1655423.6
2446 846838.8888888889
2447 1.1093087285714285E7
2448 2777.75
2449 2435.5
2450 1633098.5
2451 849613.6666666666
2452 5850117.333333333
2453 8657235.666666666
2454 142972.66666666666
2455 1.2268609166666666E7
2456 204091.16666666666
2457 0
2458 2873.6
2459 3513553.1666666665
2460 547971.4285714285
2461 5676.5
2462 5378883.0
2463 1.4566757666666666E7
2464 9525411.2
2465 1.1254655E7
2466 1.2188051E7
2467 2888.4
2468 3315.6
2469 2688942.5
2470 1.2920117857142856E7
2471 5860.666666666667
2472 5520812.2
2473 590555.4
2474 5060520.6
2475 473341.0
2476 1.0811898857142856E7
2477 1340524.0
2478 2454438.0
2479 85262.16666666667
2480 2023451.8
2481 2485.1666666666665
2482 1350248.5714285714
2483 2591296.0
2484 7286581.4
2485 2991.0
2486 9364673.4
2487 507003.3333333333
2488 3804110.714285714
2489 1.0557325E7
2490 2133.714285714286
2491 3612422.4285714286
2492 5828722.5
2493 2.61115694E7
2494 793326.625
2495 5318.0
2496 8627657.555555556
2497 1.0818970125E7
2498 3607.0
2499 2719510.5
2500 1779535.0
2501 2840003.2
2502 4905.25
2503 887.0
2504 4935.5
2505 69470.5
2506 3.1114068E7
2507 2335.0
2508 2746123.6666666665
2509 3025729.3333333335
2510 2810946.3333333335
2511 3.9889002666666664E7
2512 6081264.166666667
2513 1216206.3333333333
2514 3607.6666666666665
2515 0
2516 2811.25
2517 4340.666666666667
2518 4427726.571428572
2519 8931552.625
2520 1.19479608E7
2521 1.1208216E7
2522 5605815.666666667
2523 825011.3333333334
2524 2216444.5
2525 1904978.5
2526 144750.0
2527 1002.0
2528 1.528363475E7
2529 4556.333333333333
2530 1304511.0
2531 53459.0
2532 284232.0
2533 3970.0
2534 600864.3333333334
2535 708796.25
2536 2168.3333333333335
2537 721526.0
2538 2336174.875
2539 4696265.555555556
2540 1738396.0
2541 5003580.5
2542 2758.0
2543 4186.6
2544 3.5276963333333336E7
2545 1.078452475E7
2546 3806.625
2547 3626.75
2548 3085686.8
2549 3336.5
2550 2550677.8
2551 625855.6666666666
2552 2972722.2
2553 1336170.111111111
2554 3091.75
2555 1169750.0
2556 3121028.3333333335
2557 7904046.888888889
2558 2.9534762666666668E7
2559 1490259.5714285714
2560 4730368.833333333
2561 1302404.5454545454
2562 5202919.2
2563 1932.5
2564 2391102.0
2565 1.21685145E7
2566 2.608983675E7
2567 66019.25
2568 2807.5
2569 6215064.0
2570 911854.5
2571 3514471.6
2572 8244183.5
2573 7602251.0
2574 3722107.2
2575 7953819.0
2576 1.15369882E7
2577 2137324.8
2578 6999523.833333333
2579 5687.5
2580 2150.5
2581 1.1076129E7
2582 4289.5
2583 3723983.5
2584 1.5422176E7
2585 1823107.0
2586 2911678.1666666665
2587 9956036.6
2588 686233.6666666666
2589 8645231.333333334
2590 3799955.285714286
2591 2704680.6666666665
2592 807657.8333333334
2593 7020494.571428572
2594 2876195.5714285714
2595 1.8938078333333332E7
2596 4496.75
2597 607329.0
2598 1.3841504E7
2599 740600.6
2600 5248067.0
2601 1198985.8333333333
2602 3366081.2
2603 3588154.8
2604 3900.0
2605 2411011.6
2606 4815412.833333333
2607 1.0261952333333334E7
2608 959641.0
2609 5856.333333333333
2610 3.1109457333333332E7
2611 470264.0
2612 3577.4
2613 4379.666666666667
2614 4143.0
2615 1780715.4
2616 556260.6666666666
2617 7384802.6
2618 2.12471026E7
2619 581951.0
2620 2086073.0
2621 5237623.6
2622 3619.0
2623 3096.6666666666665
2624 6126464.333333333
2625 126579.0
2626 6098.5
2627 3943464.75
2628 9398475.714285715
2629 4910.0
2630 3718166.8
2631 3043938.714285714
2632 97863.28571428571
2633 2783461.0
2634 1962033.8333333333
2635 7461306.0
2636 927481.25
2637 5171973.571428572
2638 4.10710235E7
2639 2047.0
2640 360907.6666666667
2641 2299.0
2642 1.0032657E7
2643 3846.5
2644 3876.0
2645 3153899.8333333335
2646 9655496.625
2647 1471334.3333333333
2648 8509257.75
2649 4012221.5
2650 720102.4
2651 5839717.666666667
2652 5244568.4
2653 937.0
2654 5118628.333333333
2655 4263051.333333333
2656 6396982.5
2657 5570.0
2658 3209494.2
2659 2946.3333333333335
2660 1.98590105E7
2661 1.3711947875E7
2662 3558909.8
2663 3527492.125
2664 4246773.2
2665 6534430.166666667
2666 1.0521662E7
2667 4000.0
2668 4587.0
2669 2118.0
2670 3297.2
2671 1598.0
2672 872120.7142857143
2673 647990.7142857143
2674 7709538.833333333
2675 3277169.0
2676 993.0
2677 2810.5
2678 8006829.333333333
2679 1970036.2
2680 5446.0
2681 219057.0
2682 3646679.0
2683 6100.714285714285
2684 2476923.75
2685 5804155.142857143
2686 2604283.2
2687 4340564.875
2688 2811.6666666666665
2689 1910.5
2690 6407052.714285715
2691 2284586.0
2692 3414401.0
2693 1.0139132333333334E7
2694 2962204.1
2695 984568.75
2696 3153.75
2697 4703.0
2698 189416.45454545456
2699 4204.0
2700 2983.75
2701 1459586.6
2702 4420277.5
2703 7039.0
2704 45942.333333333336
2705 1841215.5
2706 3792700.0
2707 5160878.0
2708 2038284.75
2709 6106900.6
2710 4055860.3333333335
2711 53243.833333333336
2712 311074.0
2713 3125.0
2714 2279477.0
2715 1898741.6666666667
2716 1197811.0
2717 4511043.75
2718 1.443273075E7
2719 6513396.0
2720 4892.5
2721 7006156.166666667
2722 1082450.2857142857
2723 1404344.0
2724 1292882.8333333333
2725 8098450.666666667
2726 3534.0
2727 2773.0
2728 1.1845651714285715E7
2729 45499.0
2730 3758551.5
2731 7131792.333333333
2732 3548346.5
2733 0
2734 2269.3333333333335
2735 4260.666666666667
2736 4499989.2
2737 1.0912743E7
2738 1876415.0
2739 1313669.0
2740 2944543.0
2741 4321510.833333333
2742 81565.42857142857
2743 305321.2
2744 7773150.666666667
2745 4995557.333333333
2746 490655.0
2747 9806382.0
2748 9130176.333333334
2749 9527977.5
2750 2818.0
2751 5393289.0
2752 515798.5714285714
2753 1.0301674166666666E7
2754 932877.0
2755 4724.0
2756 2347206.5714285714
2757 7388327.777777778
2758 1447699.1666666667
2759 8585390.375
2760 1.48753845E7
2761 934.0
2762 3249.25
2763 1.8905636E7
2764 3899.0
2765 1864.0
2766 3287.0
2767 3263393.75
2768 615178.6666666666
2769 3061651.0
2770 3666.5
2771 1.0822149E7
2772 2795.0
2773 1.6535267E7
2774 1893.6666666666667
2775 7644686.875
2776 4556879.0
2777 1.0831292E7
2778 5152093.0
2779 2.138314485714286E7
2780 3138.222222222222
2781 1803476.5
2782 6436340.333333333
2783 4177.0
2784 5059.0
2785 3728677.6666666665
2786 4546.0
2787 1783758.625
2788 872207.2
2789 6546154.111111111
2790 1587872.0
2791 5896917.666666667
2792 91754.66666666667
2793 2133755.0
2794 1275830.0
2795 3660.6666666666665
2796 5232309.714285715
2797 3.07520765E7
2798 1.86280975E7
2799 4332.428571428572
2800 2.65388542E7
2801 1407078.6
2802 77089.66666666667
2803 1275718.5
2804 2994704.285714286
2805 3636201.1666666665
2806 2765.0
2807 1.3298056714285715E7
2808 2974341.8571428573
2809 0
2810 1.2889802111111112E7
2811 4317.4
2812 2445.0
2813 2557116.25
2814 4803487.625
2815 6367227.625
2816 1.865926575E7
2817 74492.42857142857
2818 4886.5
2819 6811045.7
2820 915512.6
2821 3353.8
2822 3025.5
2823 1.25325365E7
2824 1.45435135E7
2825 983.0
2826 138800.8
2827 859398.8571428572
2828 3867328.0
2829 1671423.0
2830 2479121.5
2831 7690.5
2832 6066220.333333333
2833 850033.4
2834 3416664.0
2835 720930.6666666666
2836 2.1041235E7
2837 1.147437025E7
2838 2652605.090909091
2839 4639361.666666667
2840 1.0378094E7
2841 1.85975474E7
2842 8136005.75
2843 1000384.0
2844 181379.0
2845 4542454.714285715
2846 2.2088212E7
2847 1.5153314333333334E7
2848 1.09881246E7
2849 1.6139639E7
2850 5680457.0
2851 1.030618457142857E7
2852 3864567.6666666665
2853 2886622.0
2854 4386815.666666667
2855 5709391.6
2856 408626.0
2857 2085588.4
2858 3874.285714285714
2859 3311.2
2860 2.6432964666666668E7
2861 4643405.5
2862 0
2863 22245.25
2864 4152086.75
2865 314507.4285714286
2866 4894997.4
2867 4061412.8
2868 1.174578057142857E7
2869 2557.75
2870 137964.0
2871 1.09994802E7
2872 4751.0
2873 4001381.0
2874 2472.2
2875 1105088.3333333333
2876 2.3116919166666668E7
2877 4340.2
2878 4260934.916666667
2879 8556121.142857144
2880 3361.3333333333335
2881 4959894.714285715
2882 1760900.0
2883 5023886.0
2884 1.0956315E7
2885 2.15250204E7
2886 2998.5
2887 2568957.2
2888 3513992.8333333335
2889 2423.0
2890 1356801.5
2891 3880.75
2892 4982132.714285715
2893 1.7503713E7
2894 1.303631675E7
2895 5141.4
2896 2.4730529666666668E7
2897 3758.3333333333335
2898 3702.5
2899 54037.0
2900 7546039.333333333
2901 4434.428571428572
2902 5071345.142857143
2903 1595963.142857143
2904 3659.3333333333335
2905 1.19506766E7
2906 4329051.75
2907 460787.14285714284
2908 3477016.0
2909 4322284.5
2910 4393.75
2911 1619371.0
2912 4490392.777777778
2913 9462294.0
2914 1.1845857333333334E7
2915 2344895.6666666665
2916 1.6202985666666666E7
2917 4498576.375
2918 360866.14285714284
2919 3457.25
2920 4995.75
2921 4985.333333333333
2922 706463.3333333334
2923 2.76577745E7
2924 2656627.0
2925 2.3116588E7
2926 1.0915319714285715E7
2927 50174.666666666664
2928 3560321.0
2929 2985.5
2930 3918.0
2931 2643.5
2932 639049.8
2933 4401.142857142857
2934 4246.4
2935 359444.3333333333
2936 8119984.428571428
2937 1.5406016285714285E7
2938 5500150.125
2939 3715.6666666666665
2940 8273792.2
2941 6392021.0
2942 5551733.333333333
2943 5312.0
2944 1152.0
2945 1062470.2
2946 4746.625
2947 2.094440785714286E7
2948 366433.25
2949 2.8348509666666668E7
2950 1.0166364833333334E7
2951 9259940.2
2952 4444273.0
2953 14985.6
2954 1.3621398666666666E7
2955 3629228.3333333335
2956 1.5689394E7
2957 4368960.75
2958 3942860.222222222
2959 907823.75
2960 2846669.8
2961 5491610.0
2962 8277367.8
2963 5318174.75
2964 1.18328604E7
2965 1.6120722E7
2966 9491.0
2967 1830950.1666666667
2968 3768.5
2969 1051.0
2970 1.4334837E7
2971 1.66198178E7
2972 4404.0
2973 33932.0
2974 2260.0
2975 2604891.5
2976 5767638.166666667
2977 4107.5
2978 4714.5
2979 1082297.25
2980 4870945.714285715
2981 2837.875
2982 8251855.0
2983 1128.0
2984 55114.6
2985 3.0492472E7
2986 1.3709186166666666E7
2987 33418.0
2988 3689567.0
2989 2.4420323E7
2990 827618.0
2991 5603428.5
2992 2110833.75
2993 3.207390875E7
2994 705515.0
2995 1986848.6666666667
2996 21053.0
2997 6603.5
2998 4.0047329E7
2999 539950.625
3000 1647267.625
3001 200253.33333333334
3002 4535723.666666667
3003 2363.75
3004 2793886.0
3005 4515355.0
3006 5382.666666666667
3007 3016.5
3008 4531.666666666667
3009 2396.5
3010 8459348.4
3011 1371600.4285714286
3012 6152239.2
3013 1.0101005E7
3014 3426351.0
3015 3311545.6666666665
3016 832902.8
3017 1438270.6
3018 26641.875
3019 3037.0
3020 3663.0
3021 1.0035098E7
3022 2.1842854714285713E7
3023 4313940.285714285
3024 3865.0
3025 1443280.7142857143
3026 1.100698742857143E7
3027 5570253.25
3028 3201.6
3029 3261.3333333333335
3030 2.374836525E7
3031 3218.6666666666665
3032 3547.0
3033 124040.33333333333
3034 3831791.222222222
3035 1384494.8333333333
3036 2218055.5
3037 5021.0
3038 1093498.2
3039 1975651.8
3040 9629598.0
3041 319004.25
3042 2230717.0
3043 4975758.8
3044 2258282.4545454546
3045 2619928.0
3046 8791829.6
3047 736387.8333333334
3048 1.4766249E7
3049 4268.0
3050 5179534.666666667
3051 6507380.333333333
3052 5550698.4
3053 5216.5
3054 6453742.333333333
3055 5612623.285714285
3056 525285.25
3057 2945397.5
3058 2444.5
3059 2454.0
3060 3282735.5
3061 4638.0
3062 5414676.142857143
3063 4639766.666666667
3064 7000485.25
3065 4838790.5
3066 4043.2
3067 733704.0
3068 381631.0
3069 1559752.8
3070 330252.25
3071 4503169.666666667
3072 311882.0
3073 1.489031775E7
3074 1.7789311333333332E7
3075 78600.5
3076 5760477.0
3077 4013573.1666666665
3078 4100.5
3079 2633656.5
3080 2656059.0
3081 2.0648672444444444E7
3082 2409083.8
3083 3473490.3333333335
3084 8043465.666666667
3085 415523.6666666667
3086 560158.0
3087 325724.0
3088 4093218.0
3089 2.7390078E7
3090 1953404.0
3091 1.4019892666666666E7
3092 5602694.2
3093 1.27329624E7
3094 2197400.0
3095 1.1606718888888888E7
3096 4436.25
3097 5682.0
3098 1.0204616E7
3099 271197.6
3100 8117557.166666667
3101 5048.4
3102 4420.4
3103 3739.8
3104 3851690.6666666665
3105 1053988.25
3106 859546.8
3107 8710005.25
3108 2.749158242857143E7
3109 1.005807425E7
3110 3703188.1666666665
3111 6102975.571428572
3112 4933670.0
3113 5995848.428571428
3114 715586.7142857143
3115 5424.0
3116 1904775.5
3117 1067956.5
3118 970810.5
3119 1.1811024E7
3120 3172.5
3121 3243.0
3122 3929.3333333333335
3123 6337180.666666667
3124 1968615.4
3125 43578.666666666664
3126 2287322.2
3127 7132312.285714285
3128 2307723.777777778
3129 2169797.25
3130 5241323.6
3131 9953054.625
3132 6455590.833333333
3133 1033828.6666666666
3134 4080.0
3135 1328710.8
3136 1.22094202E7
3137 4196001.818181818
3138 5603621.6
3139 7297967.571428572
3140 2395454.3333333335
3141 5896.75
3142 5395.4
3143 200627.5
3144 5559606.333333333
3145 2034901.0
3146 2239480.75
3147 892744.2
3148 3885.8
3149 1.4418691E7
3150 4710949.333333333
3151 1243708.6
3152 3593425.0
3153 327247.1666666667
3154 5748249.571428572
3155 1545457.75
3156 497384.0
3157 1125254.3333333333
3158 466328.0
3159 1857.3333333333333
3160 9137881.57142857
3161 575710.0
3162 5813.0
3163 8904069.375
3164 6810662.428571428
3165 3.6878113E7
3166 1936612.6
3167 798825.6
3168 1003254.0
3169 2654760.4
3170 1771417.0
3171 5380705.0
3172 8456959.25
3173 7238.333333333333
3174 1672848.0
3175 4139974.1428571427
3176 1.3065004666666666E7
3177 1603327.0
3178 4463.0
3179 36520.75
3180 3.8387413E7
3181 3131506.0
3182 600763.5
3183 7140.666666666667
3184 5141232.0
3185 5461.333333333333
3186 1261881.5
3187 2813165.0
3188 111958.8
3189 5080296.666666667
3190 5798.0
3191 1.3106821E7
3192 5494068.2
3193 3075.5
3194 244509.125
3195 2.4612782E7
3196 2.10329355E7
3197 4706364.75
3198 4301740.0
3199 4620.0
3200 4354.666666666667
3201 5484.0
3202 6793.0
3203 6547847.0
3204 3102340.6666666665
3205 6218105.0
3206 2529814.8333333335
3207 4014.5
3208 1.4582508833333334E7
3209 1.2223462333333334E7
3210 1860789.4
3211 3.8690610666666664E7
3212 1.3562100333333334E7
3213 9.412046733333333E7
3214 1.372777125E7
3215 4543156.5
3216 4461353.2
3217 1.0149380666666666E7
3218 2.22234632E7
3219 4631300.5
3220 5462.0
3221 894661.6
3222 1406.0
3223 4319.833333333333
3224 2641.3333333333335
3225 2362487.6666666665
3226 6903398.25
3227 2.07289764E7
3228 1.711830975E7
3229 1.80467922E7
3230 586808.0
3231 1234044.3333333333
3232 7113.0
3233 1.597191375E7
3234 1471182.5
3235 6037228.571428572
3236 4199.4
3237 9692634.6
3238 3484.5
3239 1.0943882166666666E7
3240 1133484.75
3241 4524.75
3242 4.1516257333333336E7
3243 1.7200171E7
3244 5050.0
3245 5633595.375
3246 3618.5
3247 2408299.1666666665
3248 1.3851682E7
3249 0
3250 5341.25
3251 200806.5
3252 1.40453812E7
3253 7554303.285714285
3254 7596622.0
3255 0
3256 876279.0
3257 3.1152819666666668E7
3258 5903.0
3259 510093.55555555556
3260 3221865.5555555555
3261 3744570.6
3262 6963116.75
3263 3153247.3333333335
3264 1826442.0
3265 5084625.625
3266 6966.0
3267 6688366.2
3268 5659322.857142857
3269 2.1604653E7
3270 4384928.25
3271 3680.0
3272 1.5591103714285715E7
3273 1.0873728666666666E7
3274 1.2335866E7
3275 4711.25
3276 1.5698283333333334E7
3277 2646816.4
3278 336063.6666666667
3279 6070751.333333333
3280 606005.7
3281 1.01729924E7
3282 2425.6666666666665
3283 2148245.5
3284 2072.6666666666665
3285 4416062.0
3286 1.010256625E7
3287 3520650.0
3288 2037371.0
3289 3871.6666666666665
3290 3119.25
3291 1.35768652E7
3292 655041.8571428572
3293 3779.0
3294 5034.666666666667
3295 1.4367297E7
3296 4543.5
3297 2244504.0
3298 7594453.75
3299 4100854.5
3300 1.406591942857143E7
3301 1.402362225E7
3302 5677.0
3303 4045.2
3304 7792419.0
3305 5733909.0
3306 5525.0
3307 1.4011327E7
3308 5835409.571428572
3309 3746462.3333333335
3310 2293.0
3311 1.8229799E7
3312 3.70205582E7
3313 2.0593985E7
3314 5402.333333333333
3315 6186421.25
3316 5218.4
3317 4520.75
3318 1.0649773333333334E7
3319 7106328.25
3320 6107533.166666667
3321 6587193.166666667
3322 1055890.4285714286
3323 1.7623287666666668E7
3324 5988370.5
3325 7993150.0
3326 3817959.0
3327 1.73670932E7
3328 668620.0
3329 7069400.0
3330 1308020.4285714286
3331 9343502.0
3332 1.40024675E7
3333 5042.8
3334 4237964.714285715
3335 873452.5
3336 2.0740894666666668E7
3337 6307111.0
3338 1402.0
3339 1.0925997E7
3340 3765071.1666666665
3341 1779558.0
3342 3085314.285714286
3343 4.7849611E7
3344 5487465.75
3345 3594124.8
3346 4568.0
3347 261042.5
3348 0
3349 4.1721146E7
3350 4255951.0
3351 1565454.6666666667
3352 3807.0
3353 1.8375870777777776E7
3354 4047713.2
3355 74924.1
3356 1.141495225E7
3357 6811015.833333333
3358 5823544.75
3359 5865988.571428572
3360 9963551.4
3361 3.6106009E7
3362 3624.3333333333335
3363 5878.0
3364 2563.0
3365 5.46253575E7
3366 1.23047488E7
3367 8.7188021E7
3368 6282110.25
3369 2085.25
3370 3.6459557333333336E7
3371 4878090.333333333
3372 3456.5
3373 5209.4
3374 4926.5
3375 1.9498210666666668E7
3376 3640282.8
3377 3511.4
3378 2611440.5
3379 6350070.0
3380 2561054.25
3381 4.19838727E7
3382 21122.428571428572
3383 2669.5
3384 4611.25
3385 2.9209288125E7
3386 1168789.6666666667
3387 0
3388 5411.6
3389 6226670.666666667
3390 6797049.2
3391 3591.3333333333335
3392 102934.83333333333
3393 3564.6666666666665
3394 8825525.0
3395 1.0808057E7
3396 9788041.714285715
3397 1548837.25
3398 7575327.2
3399 3685423.5
3400 9762676.25
3401 8667729.625
3402 4770285.0
3403 1.232427275E7
3404 5693.0
3405 2919.5
3406 678505.3333333334
3407 1.9657911666666668E7
3408 1.4449791166666666E7
3409 3091136.1666666665
3410 1197.0
3411 3554233.0
3412 3.3827442E7
3413 1771634.2222222222
3414 2758.6666666666665
3415 3555469.0
3416 13773.0
3417 123783.66666666667
3418 3.8241105833333336E7
3419 4582552.857142857
3420 5270.8
3421 109313.5
3422 612759.0
3423 7318479.666666667
3424 4510698.428571428
3425 6300652.666666667
3426 1.453516E7
3427 1273183.25
3428 3262147.6
3429 5657.25
3430 8031997.5
3431 3674.5
3432 1.4160947E7
3433 2256542.5
3434 2287283.5
3435 1282313.0
3436 316821.6666666667
3437 9530497.8
3438 3706902.6666666665
3439 6038018.375
3440 35973.0
3441 4642034.0
3442 3.57123958E7
3443 2.6410684833333332E7
3444 2.1986676166666668E7
3445 1.523285775E7
3446 206048.66666666666
3447 5796417.5
3448 2.2203349625E7
3449 4833.0
3450 5233388.75
3451 117341.6
3452 2679807.2
3453 3049768.1666666665
3454 1564818.6666666667
3455 5226.333333333333
3456 1.30808288E7
3457 11542.666666666666
3458 1.6224895666666666E7
3459 5908346.6
3460 2.905108E7
3461 2933354.5
3462 1824.5
3463 1.3527184E7
3464 5435714.333333333
3465 1566141.0
3466 1.0048546E7
3467 1.0059488875E7
3468 3.8457069E7
3469 2.0116291E7
3470 1599976.8
3471 1502150.0
3472 4290.5
3473 2947.25
3474 3.31805422E7
3475 1.0905303222222222E7
3476 4199.0
3477 7246.666666666667
3478 0
3479 7318111.2
3480 5806764.333333333
3481 3501191.5
3482 7954169.333333333
3483 2732006.0
3484 3415033.25
3485 1475296.7777777778
3486 2935990.5
3487 5351.0
3488 5837181.285714285
3489 1.1148460375E7
3490 2164.0
3491 3289412.285714286
3492 2.012744285714286E7
3493 4397.0
3494 8987201.0
3495 4248.0
3496 4329.666666666667
3497 2.6296620833333332E7
3498 2.647916542857143E7
3499 3280951.0
3500 2.8022959E7
3501 1.0130178142857144E7
3502 1.6739965285714285E7
3503 1.28675144E7
3504 1.65471682E7
3505 5487569.428571428
3506 7245352.75
3507 4407467.428571428
3508 2926.1666666666665
3509 4990366.5
3510 1.026246E7
3511 1.257014042857143E7
3512 6205880.4
3513 3876.5
3514 3680.0
3515 1799522.5
3516 5641083.8
3517 2409095.3333333335
3518 4.4996958333333336E7
3519 8344289.444444444
3520 5445910.1
3521 4427.166666666667
3522 3256502.1428571427
3523 1.451728625E7
3524 2.0417584E7
3525 4993.666666666667
3526 6160991.25
3527 4383.75
3528 1762591.9090909092
3529 6638548.8
3530 8471023.6
3531 4.840107E7
3532 2230683.0
3533 1.6745576333333334E7
3534 2907091.5
3535 1.2347287090909092E7
3536 7158.333333333333
3537 3.3526149E7
3538 852231.75
3539 1.536414825E7
3540 2174897.0
3541 6124937.333333333
3542 4532189.5
3543 3.551506825E7
3544 7302690.2
3545 7098.0
3546 887036.75
3547 5833868.5
3548 1.5990733E7
3549 3503.75
3550 5469460.0
3551 1.0273944066666667E8
3552 1.3057622333333334E7
3553 1121936.2
3554 2.79067985E7
3555 7694473.0
3556 2825.6
3557 5.724411925E7
3558 8252725.0
3559 2559.0
3560 1.9505431125E7
3561 7.937407433333333E7
3562 4291.333333333333
3563 2.6753517E7
3564 705306.5
3565 280479.0
3566 5265.2
3567 7493757.5
3568 1028675.25
3569 1.750550685714286E7
3570 4215777.5
3571 5341.0
3572 1.1523015285714285E7
3573 2838888.0
3574 1.156356157142857E7
3575 6209.0
3576 6392516.2
3577 3644950.0
3578 7509768.666666667
3579 2317602.6
3580 2219265.7
3581 4697.8
3582 2422366.3333333335
3583 1.3979432333333334E7
3584 3922109.0
3585 2.84512224E7
3586 3.8215088333333336E7
3587 2516755.2
3588 1994053.0
3589 6608597.666666667
3590 6056840.125
3591 6.8863521E7
3592 7161099.0
3593 6319.571428571428
3594 1252490.3333333333
3595 6286509.2
3596 1.9207455E7
3597 5348.0
3598 2554210.0
3599 1278.0
3600 6007.0
3601 1366305.75
3602 3.1586857E7
3603 9588666.2
3604 933001.4285714285
3605 7328406.6
3606 2.8082072875E7
3607 2469701.5
3608 8599071.555555556
3609 2.3354254E7
3610 2361354.2
3611 35820.833333333336
3612 22165.0
3613 598460.8333333334
3614 1.4092463333333334E7
3615 5212.0
3616 2635308.8
3617 1.5861316333333334E7
3618 4808.8
3619 3807.3333333333335
3620 4.6403622E7
3621 3107.5
3622 3483.0
3623 1.1823046333333334E7
3624 4337894.625
3625 5746.2
3626 6391.0
3627 2.5614531E7
3628 4004407.4285714286
3629 288102.3333333333
3630 2431805.8571428573
3631 1.98637256E7
3632 4779.666666666667
3633 4190.0
3634 6179.0
3635 3.32477972E7
3636 5344.0
3637 34196.28571428572
3638 621361.0
3639 1.0030459833333334E7
3640 2638380.875
3641 1846135.875
3642 1.1703196333333334E7
3643 2774409.625
3644 5652604.25
3645 800807.0
3646 2377807.75
3647 44552.0
3648 1570688.0
3649 9474760.0
3650 3.241583E7
3651 8966050.5
3652 1759070.5
3653 1.257879775E7
3654 1871148.0
3655 4330167.666666667
3656 5060.333333333333
3657 6358192.285714285
3658 2.7984230166666668E7
3659 5.8116983333333336E7
3660 2.0665021714285713E7
3661 4130632.8333333335
3662 1.3342794666666666E7
3663 1139810.0
3664 5456.0
3665 1.935776175E7
3666 5.8595251E7
3667 2.6747677E7
3668 8146062.0
3669 5635.833333333333
3670 1.3610968E7
3671 4766.75
3672 7867344.25
3673 3895170.375
3674 1801937.888888889
3675 7895182.444444444
3676 817207.75
3677 2.1010017E7
3678 1.987647842857143E7
3679 3883.2
3680 477978.0
3681 441710.0
3682 2.270206125E7
3683 1.10074015E7
3684 3428.25
3685 1.983509E7
3686 4.34636845E7
3687 1260.0
3688 3706284.0
3689 2.1451021E7
3690 2567415.6
3691 735279.0
3692 1.747496442857143E7
3693 9216860.166666666
3694 4156641.0
3695 1947124.2857142857
3696 5148.333333333333
3697 2444090.5
3698 6493120.666666667
3699 26684.75
3700 7625479.75
3701 1.3526156285714285E7
3702 6.2304085333333336E7
3703 3998691.4285714286
3704 1.819676657142857E7
3705 1.447655E7
3706 5076081.0
3707 3129.0
3708 7625907.0
3709 3.402435225E7
3710 5911479.0
3711 6187982.222222222
3712 7017397.4
3713 2.125853E7
3714 3.8289988E7
3715 6121172.142857143
3716 1.07445355E8
3717 3204163.0
3718 0
3719 3872.1428571428573
3720 5830.833333333333
3721 4.455336128571428E7
3722 2.36862055E7
3723 1.422025125E7
3724 8204998.666666667
3725 5323574.6
3726 1.6522658333333334E7
3727 4395.75
3728 7256544.6
3729 4325.25
3730 1488.0
3731 1.83674575E7
3732 5530531.75
3733 2.594798475E7
3734 3461.6666666666665
3735 6237553.0
3736 3367.6666666666665
3737 6244565.6
3738 33733.5
3739 3725.0
3740 3146468.1666666665
3741 1.65873625E7
3742 1.106216342857143E7
3743 4344.0
3744 8613.0
3745 2.0448100375E7
3746 1868298.75
3747 4.6525860666666664E7
3748 5161013.6
3749 4353.666666666667
3750 2047189.6666666667
3751 39378.166666666664
3752 1.05330102E7
3753 1.0828128166666666E7
3754 4955317.0
3755 2.35563232E7
3756 2066807.5
3757 6116078.571428572
3758 8097255.6
3759 1.2201734E7
3760 6354.0
3761 1.8656338285714287E7
3762 1.2125395625E7
3763 1105977.6666666667
3764 1.093758325E7
3765 1.5464163666666666E7
3766 5085224.875
3767 1.40547175E7
3768 1275502.2
3769 1.7296721285714287E7
3770 9968281.714285715
3771 4.046260325E7
3772 4663.2
3773 1.3790108375E7
3774 927445.5
3775 9977901.833333334
3776 5243474.0
3777 2875387.75
3778 2.0108165E7
3779 1.45839561E7
3780 3.03675522E7
3781 6221.6
3782 1287.0
3783 1.1209042E7
3784 7988635.75
3785 7800719.0
3786 5051.666666666667
3787 1.42010908E7
3788 6.7010594E7
3789 6.4091372166666664E7
3790 4936160.8
3791 9925487.5
3792 6142.5
3793 5421.428571428572
3794 219136.75
3795 7.441899175E7
3796 3700001.875
3797 6602064.4
3798 6.83111765E7
3799 1488822.2
3800 4445731.0
3801 3578305.714285714
3802 2585716.2
3803 7803756.285714285
3804 1.0712159142857144E7
3805 5647728.333333333
3806 4954.8
3807 1.2142904333333334E7
3808 3.2670856333333332E7
3809 1.19072705E7
3810 2.0733677285714287E7
3811 4.06133208E7
3812 1300117.5
3813 6.3461613E7
3814 6834478.666666667
3815 2.16275296E7
3816 6526384.0
3817 1.15871176E7
3818 4.2726020428571425E7
3819 1.0592845E7
3820 5756.0
3821 2655913.25
3822 5598691.625
3823 6260774.0
3824 469217.25
3825 4878.666666666667
3826 4009.75
3827 5033.0
3828 4.17891545E7
3829 3.6058289333333336E7
3830 354587.0
3831 1.10560336E7
3832 6012.6
3833 2084069.2
3834 9080203.2
3835 1.885493575E7
3836 2.6336279666666668E7
3837 8.51844448E7
3838 3875.6666666666665
3839 1.1891414E7
3840 2.58220824E7
3841 757680.125
3842 1.0044871E7
3843 1.11045075E7
3844 5587999.0
3845 8628782.0
3846 4998070.0
3847 1.1162657818181818E7
3848 5.7644158428571425E7
3849 357350.25
3850 2.128127125E7
3851 1541355.0
3852 3.2316757625E7
3853 3854957.6
3854 2.7276011E7
3855 1.4507509666666666E7
3856 3627.25
3857 1707224.6
3858 3.197172E7
3859 7808694.0
3860 2015916.875
3861 1761.0
3862 1.1500318E7
3863 3642996.0
3864 4.5027774E7
3865 1642.0
3866 362741.25
3867 1916.0
3868 1779525.125
3869 1505665.8
3870 7939.8
3871 2.8804089375E7
3872 6.0390963E7
3873 5923.0
3874 2292284.0
3875 1923.0
3876 1.9352567875E7
3877 5813.0
3878 6754.0
3879 3786092.0
3880 6635262.6
3881 8166632.166666667
3882 8.24260815E7
3883 5365.5
3884 2.19962642E7
3885 5643.5
3886 4.7278020125E7
3887 7782379.333333333
3888 683421.0
3889 289944.6666666667
3890 9300194.666666666
3891 5628.0
3892 2581.0
3893 2.0503216285714287E7
3894 545045.0
3895 3.1965754125E7
3896 4603.5
3897 5160.0
3898 1551273.5
3899 6678636.2
3900 6987685.75
3901 2.2305927E7
3902 4938.0
3903 3098.8571428571427
3904 7150.5
3905 6049853.4
3906 2.3405068666666668E7
3907 1.0560135E7
3908 6915533.222222222
3909 7571.0
3910 0
3911 1.7029909E7
3912 1.95014E7
3913 6806293.333333333
3914 3428907.714285714
3915 3.4343162E7
3916 4940.333333333333
3917 4906.666666666667
3918 2999145.727272727
3919 1.0987823E7
3920 1.44253182E7
3921 6278780.875
3922 2.358912375E7
3923 3.5230361E7
3924 1.650339025E7
3925 5551209.333333333
3926 3278.6666666666665
3927 4.1731577166666664E7
3928 1.4829823666666666E7
3929 1374879.1666666667
3930 9880566.0
3931 409893.0
3932 2571937.25
3933 4.8209025E7
3934 1430.0
3935 8474048.5
3936 1.07906954E7
3937 8198.0
3938 5389174.125
3939 2023957.8333333333
3940 1.4966664E7
3941 7302.2
3942 1.6913671777777776E7
3943 5642968.333333333
3944 8092.5
3945 2.1406810666666668E7
3946 1400.0
3947 6178.333333333333
3948 5974456.142857143
3949 5590.0
3950 7828.0
3951 3874937.2
3952 1.98788324E7
3953 6.1543567333333336E7
3954 3.8696948428571425E7
3955 1.2808124555555556E7
3956 7036360.8
3957 6512116.888888889
3958 5366956.0
3959 4.9518546E7
3960 1.6222924E7
3961 3980204.714285714
3962 4629.4
3963 3775370.375
3964 3334.0
3965 6863991.333333333
3966 4054868.0
3967 1.84783382E7
3968 4272.2
3969 2702.0
3970 8131693.5
3971 1.9161234714285713E7
3972 1.7992588E7
3973 7370274.142857143
3974 2.6716929444444444E7
3975 2.76261725E7
3976 1.7648498833333332E7
3977 6794715.714285715
3978 2540708.0
3979 8589251.0
3980 1.4328003333333334E7
3981 8381032.5
3982 3298095.5
3983 3.1954165E7
3984 4476.4
3985 2.071901457142857E7
3986 2.119294342857143E7
3987 2843201.6666666665
3988 5675086.0
3989 7058.0
3990 1.4859116857142856E7
3991 1903292.8333333333
3992 997088.5
3993 3496373.1666666665
3994 5.9342495666666664E7
3995 2.23720214E7
3996 2.5492046333333332E7
3997 16915.333333333332
3998 2.191372114285714E7
3999 2.5858676E7
4000 5521973.2
4001 4.117731775E7
4002 747348.0
4003 5353975.0
4004 2961.0
4005 6724534.8
4006 1973502.0
4007 1.4103268E7
4008 3.32704634E7
4009 6088.0
4010 8873.333333333334
4011 1.69137926E7
4012 4802.0
4013 6.9271888E7
4014 1.8640993E7
4015 1.39699685E7
4016 1.5013707166666666E7
4017 1.2687249E7
4018 1131793.5714285714
4019 2.7956445E7
4020 7514139.75
4021 347874.5
4022 174332.8
4023 9192051.0
4024 3219248.1666666665
4025 7877967.0
4026 7716871.5
4027 1.6769100285714285E7
4028 4502.0
4029 2026798.25
4030 7759741.25
4031 6322.25
4032 318465.0
4033 134661.0
4034 4932.0
4035 821536.4
4036 1.2987268444444444E7
4037 6.6163922333333336E7
4038 1556.0
4039 3831.0
4040 61486.0
4041 2334389.75
4042 4.0657246333333336E7
4043 10494.0
4044 5356.428571428572
4045 7.211475825E7
4046 2.608123685714286E7
4047 2.862424875E7
4048 1.77666935E7
4049 9742334.375
4050 5384542.6
4051 1.16170085E7
4052 5.9982515333333336E7
4053 2.5232640333333332E7
4054 1.83768625E7
4055 2.6922169333333332E7
4056 4634.25
4057 2904.5
4058 9966481.142857144
4059 2.2708905111111112E7
4060 3668.3333333333335
4061 2.3018580333333332E7
4062 1.4365340777777778E7
4063 2.071554185714286E7
4064 2.5545484E7
4065 2.0236786E7
4066 7147.333333333333
4067 1516213.2
4068 1236402.25
4069 5348.666666666667
4070 4015.6666666666665
4071 9824018.5
4072 5297.75
4073 1.738422157142857E7
4074 733197.0
4075 57247.0
4076 1.7922227625E7
4077 1.50659045E7
4078 6.7319388E7
4079 4827491.333333333
4080 461669.5
4081 3.96468374E7
4082 6785.0
4083 9709218.333333334
4084 1.72363654E8
4085 1381041.8
4086 4576530.142857143
4087 3.3002479222222224E7
4088 3.8533401166666664E7
4089 3.7238768E7
4090 1.8054436375E7
4091 2466803.0
4092 2.7661929E7
4093 5498294.0
4094 858289.5
4095 2.4616906E7
4096 5750.166666666667
4097 6122343.833333333
4098 636492.8
4099 1.139856E7
4100 5636230.0
4101 1.4497745857142856E7
4102 6333.4
4103 2378857.8571428573
4104 4.1788675666666664E7
4105 1.386119825E7
4106 4435.0
4107 3259612.5
4108 6701.333333333333
4109 7129563.166666667
4110 7.824760083333333E7
4111 2.16395795E7
4112 6972.75
4113 5520.0
4114 1.99475795E7
4115 4311147.6
4116 9334229.666666666
4117 2330187.0
4118 6.1774981E7
4119 3030470.5
4120 1.1340715E7
4121 8855698.666666666
4122 6867.333333333333
4123 1.896041525E7
4124 6778272.0
4125 4949.25
4126 4.56375582E7
4127 2924151.875
4128 2.34174398E7
4129 163735.5
4130 4773.666666666667
4131 4148384.625
4132 4084128.1428571427
4133 3.4397891E7
4134 5626932.714285715
4135 212397.0
4136 3742310.25
4137 6776065.0
4138 3172.0
4139 7075048.166666667
4140 5790.6
4141 1.51072035E7
4142 4.528041875E7
4143 7911220.833333333
4144 2.4477442666666668E7
4145 1.696534014285714E7
4146 993814.25
4147 6415169.75
4148 101745.0
4149 4.2249776E7
4150 7493.4
4151 7394407.75
4152 3864.25
4153 6790.333333333333
4154 3766726.4
4155 1.6177523166666666E7
4156 4698760.714285715
4157 2104590.1666666665
4158 1538256.3333333333
4159 3708.3333333333335
4160 885018.5
4161 9130326.6
4162 1.37173812E7
4163 3.8922710166666664E7
4164 2.651246414285714E7
4165 474395.125
4166 1.97344039E7
4167 3.85505742E7
4168 2560.4
4169 4751.6
4170 2.74453795E7
4171 3.0357554333333332E7
4172 226594.6
4173 2.48307645E7
4174 3.08695265E7
4175 1.458843725E7
4176 5458509.6
4177 4748129.666666667
4178 1.2525095E7
4179 4.6247297333333336E7
4180 8757050.75
4181 4581.0
4182 3891.1666666666665
4183 1.81461886E7
4184 4219.5
4185 7671.0
4186 5021.5
4187 5765707.5
4188 5414973.166666667
4189 3.0882958E7
4190 4.794347685714286E7
4191 2241.4
4192 4955.6
4193 5141662.25
4194 1.00903358E8
4195 9128846.0
4196 3947824.4
4197 3.6492036625E7
4198 250914.0
4199 7961273.0
4200 5.44120036E7
4201 8254318.2
4202 138256.66666666666
4203 3414802.3333333335
4204 5.0198258428571425E7
4205 1.8138313E7
4206 6820.0
4207 4.1263660166666664E7
4208 1.1100562E7
4209 6243.0
4210 7.282631366666667E7
4211 9706.333333333334
4212 1.9407229E7
4213 1.06225365E7
4214 1906065.0
4215 8647632.272727273
4216 37993.0
4217 7392003.0
4218 217164.66666666666
4219 27503.5
4220 1.555198945E8
4221 3.8545101571428575E7
4222 6.92917316E7
4223 7.00419185E7
4224 9712998.666666666
4225 3786.4
4226 2.2165575888888888E7
4227 7335.0
4228 3381849.3333333335
4229 578368.0
4230 3408228.5555555555
4231 6642395.454545454
4232 6262.375
4233 5688207.5
4234 4.1220703E7
4235 1438.0
4236 2.86395019E7
4237 4.4470850333333336E7
4238 1462.0
4239 1.0991035E7
4240 1.4856147333333334E8
4241 2.6196606E7
4242 4.68126175E7
4243 5730.75
4244 4.459180125E7
4245 4128.0
4246 3.2442212666666668E7
4247 90891.75
4248 504091.0
4249 3141935.25
4250 7446339.333333333
4251 1543111.5
4252 1593.6
4253 6614383.333333333
4254 919934.0
4255 3.1121135E7
4256 1.59424026E7
4257 6564.0
4258 4398.2
4259 5276.75
4260 9859065.5
4261 6.8735018E7
4262 611547.0
4263 7360.714285714285
4264 8.469346725E7
4265 1.87830642E7
4266 9606611.714285715
4267 2.5439018666666668E7
4268 8396589.333333334
4269 6530.333333333333
4270 1.3086674E7
4271 21179.0
4272 6190.333333333333
4273 13053.5
4274 1.504412485E8
4275 6369.5
4276 2362773.0
4277 3.78608022E7
4278 1.209683425E7
4279 1.37866716E7
4280 874742.5714285715
4281 1.99632785E7
4282 5224.5
4283 6335502.714285715
4284 6.5769318E7
4285 6650703.5
4286 2078482.3333333333
4287 1.2493314E8
4288 725475.5714285715
4289 5642758.333333333
4290 3546.0
4291 2.7950191E7
4292 3365435.25
4293 5070.5
4294 3541878.5
4295 6129.5
4296 1.5951663625E7
4297 2.34371685E7
4298 2.1187826666666668E7
4299 6096.666666666667
4300 3.3252471E7
4301 2665077.0
4302 8095.5
4303 2.198618657142857E7
4304 3864927.888888889
4305 5.96905796E7
4306 5932.833333333333
4307 43771.125
4308 10927.0
4309 1.58882185E7
4310 3858411.25
4311 5363966.0
4312 2.08652706E7
4313 1193893.5
4314 8479185.75
4315 1.025630945E8
4316 3.56345E7
4317 7204.5
4318 112501.5
4319 1.3687716E7
4320 494383.8
4321 2.6993023625E7
4322 1.5768233E7
4323 7879967.0
4324 650217.0
4325 3383.5
4326 604368.0
4327 1127723.5
4328 6.7441781E7
4329 2683694.5
4330 5327766.666666667
4331 4216089.2
4332 2.5606292727272727E7
4333 5.8396871E7
4334 7874874.25
4335 1915741.0
4336 2.6297916333333332E7
4337 2741470.714285714
4338 1.05147325E7
4339 5.6499379333333336E7
4340 5.5805182E7
4341 1.52709295E7
4342 3.1267774E7
4343 83189.8
4344 5.1905658166666664E7
4345 4539.0
4346 6409568.375
4347 1.8796031285714287E7
4348 3.5295138E7
4349 2.3269288333333332E7
4350 2430954.0
4351 1432865.4444444445
4352 6250.0
4353 2971.25
4354 1.1903826333333334E7
4355 8505003.0
4356 8198536.166666667
4357 1.9218051E7
4358 2.93995055E7
4359 27295.8
4360 1.51492428E7
4361 27426.5
4362 7925197.5
4363 7658974.666666667
4364 4.5813706125E7
4365 3.76959894E7
4366 2.374400014285714E7
4367 3746817.0
4368 3015893.25
4369 1.3876270714285715E7
4370 792457.0
4371 1.1068243888888888E7
4372 6228217.625
4373 8825204.0
4374 9778435.57142857
4375 2615869.5
4376 1.4683902857142856E7
4377 9.1931404E7
4378 1.3833245666666666E7
4379 720236.5
4380 4720.285714285715
4381 2.6441957285714287E7
4382 9998093.57142857
4383 1883542.25
4384 2.3930512333333332E7
4385 3.2135535166666668E7
4386 3.2277675166666668E7
4387 1.2878116E7
4388 1414594.5714285714
4389 1547770.4
4390 7.7114512E7
4391 5.33964864E7
4392 1.4934023666666666E7
4393 2.59524958E7
4394 8864277.0
4395 1619423.0
4396 1.4391652833333334E8
4397 6.3937053666666664E7
4398 3.3122234E7
4399 1.0734773E7
4400 6869.25
4401 5425.0
4402 5808.6
4403 3.2229680333333332E7
4404 2.757194625E7
4405 86651.0
4406 2.59950166E7
4407 2753391.8333333335
4408 481211.6
4409 1313430.0
4410 2894374.5454545454
4411 4995.2
4412 4.860639588888889E7
4413 1432575.0
4414 6410.5
4415 1.2338948E7
4416 7.324450977777778E7
4417 6036546.0
4418 5367.0
4419 3.7668984E7
4420 6.3115258E7
4421 4631.5
4422 4085.0
4423 1.1300744666666666E7
4424 1.762294225E7
4425 6986905.833333333
4426 6432.2
4427 1.0135052777777778E7
4428 1.11683785E7
4429 7.93107545E7
4430 1147543.75
4431 2.64930565E7
4432 9060.0
4433 6459.0
4434 1845.5
4435 6459417.333333333
4436 8965.5
4437 3.2039171666666668E7
4438 1027517.3333333334
4439 2.00003486E7
4440 1.327267542857143E7
4441 2.723947542857143E7
4442 2.510290514285714E7
4443 2066894.6666666667
4444 1.7857451333333332E7
4445 1846983.5714285714
4446 1.0545231625E7
4447 6477.5
4448 2.0233132E7
4449 1732230.25
4450 5.78640905E7
4451 4698013.571428572
4452 5636.166666666667
4453 2.09579762E7
4454 4547.4
4455 1.67267218E7
4456 678561.1666666666
4457 4403.333333333333
4458 1.3626442666666666E7
4459 1.9924896166666668E7
4460 2.2602772555555556E7
4461 1.12566844E7
4462 9882.0
4463 6465.5
4464 2.679939275E7
4465 6423832.75
4466 6809.25
4467 6929.75
4468 8913787.0
4469 6458660.666666667
4470 2.74691844E7
4471 6368924.8
4472 2.97091408E7
4473 8716658.5
4474 8208.833333333334
4475 1299641.0
4476 569734.8
4477 4717134.0
4478 3552.6666666666665
4479 1853535.0
4480 3.8928972571428575E7
4481 2.7881698833333332E7
4482 1.3937452E7
4483 7.4723077E7
4484 8087623.8
4485 3.0757187285714287E7
4486 6725.2
4487 4.1347541E7
4488 8226944.75
4489 7067.0
4490 9.051959233333333E7
4491 5176560.5
4492 0
4493 7577.0
4494 286991.5
4495 1.6922187E7
4496 4.2516730125E7
4497 5.121188225E7
4498 1147014.4
4499 2.9705450333333332E7
4500 6394.75
4501 1149416.1666666667
4502 9486258.727272727
4503 3.1632090833333332E7
4504 5.13505902E7
4505 3.1989114666666668E7
4506 2.9514103666666668E7
4507 2.859563775E7
4508 6.64736626E7
4509 1396963.75
4510 1.1019280666666666E7
4511 5069990.222222222
4512 1889519.6
4513 1.09366526E7
4514 1.14482253E7
4515 1100622.6666666667
4516 6.65883004E7
4517 1.1969937E7
4518 5346.0
4519 7.386114975E7
4520 1.407481775E7
4521 1.3910961E7
4522 1.895465325E7
4523 2944863.0
4524 2.5030346333333332E7
4525 5.9720705E7
4526 6286.0
4527 7.58732704E7
4528 8088.0
4529 2375075.0
4530 1.3897120833333334E7
4531 3.05958982E7
4532 4904634.5
4533 5.5590265333333336E7
4534 4.31535562E7
4535 5929170.0
4536 4184.142857142857
4537 2.1432085975E8
4538 2.2083905E7
4539 8174092.25
4540 3163246.6666666665
4541 3.8885753E7
4542 6897.0
4543 5641356.25
4544 4.2188329E7
4545 6595.666666666667
4546 6.0456950166666664E7
4547 1.2179282285714285E7
4548 1.61877684E7
4549 3.4357247333333336E7
4550 2.965333914285714E7
4551 2348144.75
4552 5.942475228571428E7
4553 1.45132058E7
4554 9945667.666666666
4555 4.08028075E7
4556 6.720971685714285E7
4557 8488221.25
4558 9665688.375
4559 1.8998364666666668E7
4560 9623132.5
4561 4915.4
4562 1.48073956E7
4563 811801.75
4564 1660800.8333333333
4565 4652.75
4566 1.10480705E7
4567 5632.4
4568 1.5729945E7
4569 1.310111075E7
4570 1.043365575E7
4571 5.201813955555555E7
4572 4603718.0
4573 1.0215324125E7
4574 353452.25
4575 1296142.4
4576 6471.0
4577 1.03361825E7
4578 2.0904021E7
4579 1523270.857142857
4580 514135.75
4581 674089.0
4582 1.2090517666666666E7
4583 345675.3333333333
4584 3.0216416333333332E7
4585 4922.0
4586 6717374.0
4587 3716210.6666666665
4588 4504681.666666667
4589 1.5354013333333334E7
4590 1182085.2
4591 4177.0
4592 3.2836265333333332E7
4593 7116517.0
4594 630825.3333333334
4595 2.4960006666666668E7
4596 5150.0
4597 435348.0
4598 3.281550414285714E7
4599 2.2951845166666668E7
4600 1.06174335E8
4601 2904430.4285714286
4602 3.627606735714286E7
4603 3.4205756E7
4604 1370354.0
4605 1.17502065E7
4606 2829186.5
4607 1.4720253333333334E7
4608 4082096.125
4609 4566.0
4610 1.501575642857143E7
4611 2463422.3333333335
4612 4084.0
4613 4.728647675E7
4614 4.2616238E7
4615 2.5507048333333332E7
4616 3.432772685714286E7
4617 6790.0
4618 1.8617057375E7
4619 4563.333333333333
4620 4609623.0
4621 2.28250505E7
4622 6534182.8
4623 7951.333333333333
4624 4.8296201428571425E7
4625 2.42111572E7
4626 8467350.625
4627 8692866.5
4628 4532562.8
4629 232589.75
4630 2.19239045E7
4631 4.03984409E7
4632 3465.6666666666665
4633 198704.0
4634 1.72791866E7
4635 133585.33333333334
4636 7.6297131E7
4637 143137.4
4638 27029.0
4639 2807083.285714286
4640 1.9418121375E7
4641 7432.333333333333
4642 699125.6
4643 2563928.6666666665
4644 4.040198275E7
4645 3.8501736666666664E7
4646 2657441.9
4647 4307.0
4648 3.37124915E7
4649 1140076.375
4650 694957.5
4651 8903722.42857143
4652 1.658066025E7
4653 7180.5
4654 3.502050271428572E7
4655 1.3189152E7
4656 4.6198097E7
4657 561369.25
4658 1.2467456E7
4659 4.051921728571428E7
4660 3.570093E7
4661 7259.8
4662 5.479048628571428E7
4663 5159559.25
4664 3685408.0
4665 3.7606210125E7
4666 1.52887895E7
4667 13444.0
4668 1.1334755166666666E7
4669 1.5071257457142857E8
4670 8935977.0
4671 22424.5
4672 3.421377854545455E7
4673 715093.75
4674 1.0124059875E7
4675 2021759.8
4676 1.6324516E7
4677 3.303127325E7
4678 663770.4
4679 2.78141755E7
4680 4237181.333333333
4681 1.2548399666666666E7
4682 3.0761497E7
4683 1265771.3333333333
4684 3.7858766428571425E7
4685 1779.0
4686 2.702831985714286E7
4687 1.91261675E8
4688 2353968.75
4689 1.3367676E7
4690 5.83734262E7
4691 8120874.333333333
4692 1205889.3333333333
4693 5.10043068E7
4694 31841.0
4695 2.74386925E7
4696 3195366.75
4697 528167.0
4698 5.76591865E7
4699 2.1984041E7
4700 2.261994725E7
4701 106308.5
4702 2.229394125E7
4703 4.65794773E7
4704 1374439.0
4705 3.4564102166666664E7
4706 5.9770485E7
4707 6590.5
4708 5551.333333333333
4709 1.734266125E7
4710 193033.25
4711 2.884677175E7
4712 1.454472541E8
4713 1505581.4
4714 2.2668129E7
4715 2510745.875
4716 7553.333333333333
4717 2693802.3333333335
4718 7530.0
4719 6.71607192E7
4720 5180481.857142857
4721 8901603.875
4722 5992.666666666667
4723 1.7834029333333332E7
4724 7.87377216E7
4725 288207.0
4726 2986310.0
4727 4.8921572E7
4728 95100.66666666667
4729 2.2267765E7
4730 1.70697334E7
4731 4005657.8571428573
4732 4362527.0
4733 6907.6
4734 1.8164394444444444E7
4735 2.3882855E7
4736 1.4631024E7
4737 1.2320983333333334E7
4738 4.0330597833333336E7
4739 1.9261352E7
4740 7.271540428571428E7
4741 8391.0
4742 3875080.6666666665
4743 2.52999E7
4744 7786385.5
4745 1.075258178E8
4746 2.3211960727272727E7
4747 2.3824696285714287E7
4748 3.4382253125E7
4749 5870248.333333333
4750 3657320.25
4751 9133774.142857144
4752 4415116.25
4753 3.41655587E7
4754 559183.25
4755 4.497380714285714E7
4756 1.5444926166666666E7
4757 2.9967158666666668E7
4758 6615191.5
4759 1.703822542857143E7
4760 5.7921143666666664E7
4761 4261918.125
4762 1.47350314E8
4763 6513.25
4764 4114.75
4765 1942.8
4766 8.22900165E7
4767 1269445.25
4768 1.554826225E7
4769 6509.5
4770 4387.5
4771 7795.0
4772 1.0519481125E7
4773 4800.5
4774 8469784.5
4775 11439.0
4776 1429616.6
4777 4.2595660666666664E7
4778 7099.0
4779 6586.0
4780 122141.6
4781 1.6502163E7
4782 8555037.75
4783 9.180985675E7
4784 4.48897342E7
4785 8.248002E7
4786 1.490996875E7
4787 914017.3333333334
4788 4810.75
4789 1836867.8
4790 5939.666666666667
4791 4004.0
4792 524596.6666666666
4793 4324322.625
4794 4.426175528571428E7
4795 2.6990435666666668E7
4796 2.1838868666666668E7
4797 2.2122550833333332E7
4798 4.40510205E7
4799 139701.0
4800 3.164726925E7
4801 2093168.25
4802 226864.0
4803 8631897.4
4804 3.0042495875E7
4805 3061268.8333333335
4806 4.1182306E7
4807 6885151.8
4808 1964629.6666666667
4809 3928.25
4810 2.3795845E7
4811 3.57610625E7
4812 477206.5
4813 2.20479258E7
4814 6807.0
4815 2.0038720333333332E7
4816 1.3605056E7
4817 1.6806883714285713E7
4818 3381767.5
4819 1644.0
4820 5549.0
4821 1.2392854825E8
4822 3.1043277777777776E7
4823 4.068304044444445E7
4824 4.3199537571428575E7
4825 3.8028149333333336E7
4826 10262.0
4827 3050328.5
4828 6756.0
4829 3.66284558E7
4830 6.2035400333333336E7
4831 5.5588055E7
4832 3.3204051285714287E7
4833 7974.333333333333
4834 6.81184145E7
4835 3.49592294E7
4836 2.6944322714285713E7
4837 6.0550943833333336E7
4838 5561809.125
4839 3.4164068E7
4840 6041658.6
4841 1.151697025E8
4842 1.27080636E8
4843 2.20689585E7
4844 2.15381605E7
4845 1927429.0
4846 1912.0
4847 8949314.875
4848 3.0423677666666668E7
4849 4808.666666666667
4850 6902728.5
4851 6.552901988888889E7
4852 3913384.25
4853 1.6480183E7
4854 3.942946275E7
4855 5111.888888888889
4856 1.51463554E7
4857 1.79624269E8
4858 1.4551598E7
4859 4418.5
4860 1.7170352E7
4861 3.05881695E7
4862 1.511903275E7
4863 3.16998586E7
4864 1684.0
4865 2096250.5714285714
4866 8407.0
4867 5075305.0
4868 7489.666666666667
4869 3.629517628571428E7
4870 3.11573138E7
4871 9.119256366666667E7
4872 7993705.0
4873 1.0642589E7
4874 2.3764447E7
4875 2313527.5
4876 7565.0
4877 6219668.416666667
4878 4.5355998375E7
4879 5263016.833333333
4880 1.894170825E7
4881 6103732.6
4882 2200351.285714286
4883 7620996.666666667
4884 5138.5
4885 5731.0
4886 6.4104386333333336E7
4887 1.3879337545454545E7
4888 8.639948533333333E7
4889 1.0858842E7
4890 7086691.857142857
4891 8229.5
4892 3.8507134666666664E7
4893 1749737.125
4894 1023069.2
4895 2.0344972E7
4896 2616.5
4897 512859.6666666667
4898 2.98557496E8
4899 2.0210954E7
4900 8843364.57142857
4901 4925.0
4902 7.0930277E7
4903 3.498101975E7
4904 5774.0
4905 5.8356060166666664E7
4906 8445.5
4907 3972412.25
4908 2302.5
4909 1.909264775E7
4910 6246339.0
4911 7.80798238E7
4912 2.4480613714285713E7
4913 3.4499871666666664E7
4914 4.2965595E7
4915 6.434477885714286E7
4916 2.618130925E7
4917 1.6392978166666666E7
4918 1.17689446E7
4919 4.66272152E7
4920 108874.75
4921 4.1988725333333336E7
4922 6.43472864E7
4923 7815.0
4924 6003034.25
4925 4074.5
4926 6.666868985714286E7
4927 3.2414507E7
4928 5820.0
4929 2.78793028E7
4930 2.06650065E7
4931 2.4998974E7
4932 4740.75
4933 6.304189071428572E7
4934 6.57484064E7
4935 1.31150065E7
4936 4509.75
4937 3659054.75
4938 2.9093736E7
4939 8.50444545E7
4940 762923.3333333334
4941 4461.5
4942 3.350692675E7
4943 8.269380183333333E7
4944 8223.666666666666
4945 4287445.666666667
4946 5176.333333333333
4947 4993.0
4948 3.46556805E7
4949 2.1903131666666668E7
4950 7932598.857142857
4951 9.32380572E7
4952 0
4953 4410773.833333333
4954 1.7816286E7
4955 1882361.0
4956 1.3847715E7
4957 7354.571428571428
4958 4797865.5
4959 2.102934842857143E7
4960 6763180.428571428
4961 9042422.333333334
4962 1.00811288E8
4963 4390569.875
4964 1.965511885E8
4965 8755046.0
4966 2574322.375
4967 3.0412510666666668E7
4968 2.1410634333333332E7
4969 2.3721347E7
4970 5130.333333333333
4971 7.1814417E7
4972 6056.25
4973 48050.2
4974 3.4582663E7
4975 2563623.0
4976 103194.0
4977 1.4944513125E7
4978 5164112.25
4979 0
4980 6325.0
4981 1.9678516333333332E7
4982 4967729.571428572
4983 1046584.125
4984 4152.285714285715
4985 3650.0
4986 1.5126007E7
4987 1.45375635E7
4988 4.4182957E7
4989 9.3906973E7
4990 50168.25
4991 5933213.5
4992 3097659.8
4993 7747.0
4994 1.2260617425E8
4995 5.055854971428572E7
4996 5693.333333333333
4997 126800.5
4998 5.631927814285714E7
4999 5833.333333333333
