1 177.390243902439
2 172.3684210526316
3 14767.551020408164
4 261.7
5 102701.67441860466
6 49982.30357142857
7 250.3783783783784
8 32641.875
9 76925.90697674418
10 285.81632653061223
11 127631.32608695653
12 37762.03389830508
13 143431.84
14 8982.613636363636
15 158770.0606060606
16 143676.68292682926
17 91258.1
18 49561.875
19 181614.1914893617
20 157665.16216216216
21 39511.67391304348
22 326870.64814814815
23 179402.9661016949
24 69619.72727272728
25 230523.88372093023
26 105782.58536585367
27 125299.72
28 313351.6666666667
29 113001.07894736843
30 366460.8367346939
31 380140.12
32 494394.8292682927
33 165523.08695652173
34 115317.21621621621
35 234220.07317073172
36 267963.31481481483
37 305745.6153846154
38 232753.6511627907
39 44216.62790697674
40 178965.92682926828
41 478370.32692307694
42 168867.36842105264
43 149786.025
44 478933.60869565216
45 346524.82
46 87615.30645161291
47 238413.12962962964
48 383252.20454545453
49 436755.5416666667
50 200083.64285714287
51 581793.1764705882
52 357885.45652173914
53 266850.3947368421
54 613989.6279069767
55 244757.5
56 305536.90566037735
57 325533.42553191487
58 467290.12765957444
59 886567.2325581395
60 755565.8888888889
61 609370.9583333334
62 508787.724137931
63 588702.7435897436
64 635254.6923076923
65 710948.8285714285
66 394542.13636363635
67 426417.170212766
68 279219.98076923075
69 312756.8205128205
70 876574.2708333334
71 634480.8478260869
72 294485.0
73 464289.9375
74 846348.62
75 1064063.2325581396
76 175110.6590909091
77 426928.9761904762
78 849041.9574468085
79 840483.8536585366
80 310846.52
81 440895.14
82 726007.7857142857
83 329218.12727272726
84 1461159.4545454546
85 317203.7659574468
86 591867.0434782609
87 494617.82352941175
88 535679.0652173914
89 613603.0185185185
90 545945.976744186
91 506416.56140350876
92 55207.568181818184
93 591910.8461538461
94 655163.2195121951
95 873059.0
96 732171.568627451
97 435819.84210526315
98 1202407.9038461538
99 730081.304347826
100 578175.8627450981
101 796495.2142857143
102 759837.0227272727
103 875325.033898305
104 1236563.4363636363
105 652523.2162162162
106 895295.0652173914
107 1329268.6304347827
108 756166.0350877193
109 902332.3541666666
110 867300.911111111
111 1394445.7222222222
112 1032903.3478260869
113 1200791.7547169812
114 541942.7894736842
115 858096.6363636364
116 960392.8301886793
117 746083.8444444444
118 743375.037735849
119 930752.0238095238
120 848132.3720930233
121 2439066.6078431373
122 1181892.7083333333
123 347915.93023255817
124 1056923.4666666666
125 723055.65
126 831535.0465116279
127 807686.2142857143
128 1127379.5555555555
129 652639.976744186
130 1776751.3095238095
131 1960499.4528301887
132 1696432.8620689656
133 1351316.2702702703
134 1460231.25
135 1347770.1304347827
136 1662499.3921568627
137 1124765.4727272727
138 1247733.7567567567
139 3112039.0222222223
140 1669053.3541666667
141 726322.9583333334
142 1338474.8392857143
143 1403821.6829268292
144 1155938.0697674418
145 2277988.302325581
146 1430967.1627906978
147 1755121.9333333333
148 1307002.6181818182
149 1085968.28125
150 1712542.962962963
151 1394441.5789473683
152 1606097.4
153 1214613.0612244897
154 2458503.88372093
155 710015.085106383
156 1737630.9285714286
157 1109877.2307692308
158 1514539.9333333333
159 2584207.085106383
160 1687178.8780487804
161 3059447.0714285714
162 1109083.566037736
163 2106682.3529411764
164 2516418.78
165 2208426.1304347827
166 2646160.4166666665
167 2040275.3829787234
168 1280591.4782608696
169 1945109.9166666667
170 1805252.5818181818
171 2092597.3720930233
172 2765275.3829787234
173 1809190.391304348
174 2544134.6666666665
175 2979271.125
176 1577325.8181818181
177 1513739.754385965
178 2935141.56
179 1474209.0
180 555347.0681818182
181 1418644.6222222222
182 1066803.357142857
183 1740037.1081081082
184 1862355.9615384615
185 2355172.8139534886
186 2675128.1333333333
187 1164433.3023255814
188 2158704.568627451
189 1233383.2432432433
190 1232874.8196721312
191 1530291.88
192 1423833.0232558139
193 1821603.8076923077
194 1372419.7586206896
195 1350861.391304348
196 2427891.1428571427
197 1957200.75
198 1482352.4888888889
199 2863936.9215686275
200 3115898.1739130435
201 2518453.395348837
202 1634495.2093023255
203 1922355.025
204 3110335.0416666665
205 2162328.25
206 1839146.8
207 3024462.847826087
208 1870274.6
209 2764502.75
210 2704039.285714286
211 3832762.565217391
212 1658362.875
213 2075169.9019607843
214 2079262.7391304348
215 2414756.4418604653
216 2300282.152173913
217 2370854.34
218 2227844.6666666665
219 2360271.0
220 1777093.2884615385
221 2377533.890909091
222 3481265.962962963
223 3660512.3902439023
224 1490564.25
225 3067618.6
226 1753795.02
227 2093765.8378378379
228 3910875.6818181816
229 2482445.4375
230 3870239.465116279
231 3763058.1481481483
232 2057271.7916666667
233 2728550.93877551
234 2099518.3333333335
235 3850046.289473684
236 3505315.027777778
237 4585382.416666667
238 4780108.088888889
239 4480289.76
240 1927838.6
241 2456175.0681818184
242 3077936.4523809524
243 4411898.66
244 1918889.2916666667
245 7241951.860465116
246 1246415.125
247 1704243.2745098039
248 2227109.5555555555
249 4110508.185185185
250 2766385.843137255
251 2810178.1428571427
252 2412873.1555555556
253 2670129.2641509436
254 3762650.964912281
255 3518691.8333333335
256 3736684.6041666665
257 2924920.6470588236
258 4513653.557692308
259 3176982.2115384615
260 2940798.0
261 4405110.30909091
262 3822657.023255814
263 2920477.0
264 4040963.18
265 4773453.172413793
266 3379355.0392156863
267 4083593.2978723403
268 4855869.888888889
269 5591194.962264151
270 3803565.918032787
271 4812166.075
272 3015081.1860465114
273 2265176.8974358975
274 3483640.4814814813
275 5031208.392857143
276 4877704.1632653065
277 1552266.925
278 5561835.326530612
279 3229673.42
280 3352566.076923077
281 2090015.534883721
282 3605834.0212765955
283 2393477.6666666665
284 3803542.88
285 3999595.3673469387
286 2578616.3720930233
287 4433496.333333333
288 3624391.710526316
289 5780031.948275862
290 3183969.316666667
291 4536333.921052632
292 6348511.2
293 5551414.541666667
294 4666312.051282051
295 4991879.301886792
296 3607901.5161290322
297 3682644.2162162163
298 5910141.217391305
299 4064931.745762712
300 4480298.632653061
301 3261006.1860465114
302 5495462.928571428
303 3079813.511627907
304 6525507.043478261
305 3816982.9545454546
306 3704558.1818181816
307 4280185.021739131
308 7148160.076923077
309 3062327.1578947366
310 4466660.872340426
311 7687258.485714286
312 6669876.391304348
313 3815432.9215686275
314 4697772.025641026
315 6598391.561403509
316 3497261.6086956523
317 4043491.0
318 5487756.461538462
319 5205018.528301887
320 5189562.898305085
321 4437392.894736842
322 3361933.2083333335
323 4453677.44680851
324 5085971.530612245
325 5373362.519230769
326 6234982.811320755
327 7000126.183098592
328 3345976.212765957
329 4023290.5
330 6237243.344827586
331 5209245.0
332 7095197.0
333 5910774.057692308
334 4854559.5
335 6575526.978723404
336 8319239.8301886795
337 3953788.977272727
338 7366869.6
339 3656281.8571428573
340 6287307.555555556
341 8232777.020833333
342 3747770.117647059
343 6172694.3125
344 5469144.70967742
345 6340416.457627119
346 5314283.307692308
347 7893240.5121951215
348 7551663.771929825
349 7494695.588235294
350 6683734.795918368
351 5303760.310344827
352 6277401.0
353 7102144.576923077
354 9879051.175
355 4906633.32
356 5921150.80952381
357 6383027.666666667
358 4226577.765957447
359 5162026.255319149
360 7944852.5625
361 9876129.525
362 7469640.763157895
363 5206670.631578947
364 9238023.68627451
365 9426370.547169812
366 5525999.333333333
367 1.0928410418181818E7
368 7148732.2
369 4874787.314285714
370 7545383.439024391
371 7826307.454545454
372 8122180.2727272725
373 9493541.19047619
374 7636865.794871795
375 9081070.863636363
376 5291805.948275862
377 2867717.2702702703
378 7122380.978260869
379 9324833.113636363
380 7510817.044444445
381 8551324.647058824
382 7219337.688888889
383 6321866.155555556
384 1.0905446891891891E7
385 3995933.2790697673
386 1.073971462E7
387 6244658.188679245
388 7228682.5
389 8929390.409090908
390 8949864.127659574
391 6765216.117647059
392 1.0808428875E7
393 8597534.804347826
394 8004080.404255319
395 1.2575783961538462E7
396 5367535.703703703
397 1.1003184054054054E7
398 1.0434517641509434E7
399 9273877.081081081
400 6676810.933333334
401 5446795.333333333
402 9385250.134615384
403 1.1448738285714285E7
404 8363132.521739131
405 1.0547342588235294E7
406 9095145.551724138
407 6841395.527272727
408 9415697.137254901
409 6827228.688888889
410 8188304.56
411 1.2784987632653061E7
412 4219361.073170732
413 1.1056276225E7
414 8911052.868421054
415 5031082.790697674
416 9895504.18
417 7792766.2727272725
418 9096414.829787234
419 1.256372165E7
420 9940798.72
421 6019109.155555556
422 6101144.274509804
423 8185599.84
424 7514058.282051282
425 1.1380664363636363E7
426 2.0059307333333332E7
427 9941990.522727273
428 8617357.573529411
429 6713091.976190476
430 6544498.714285715
431 9780240.607843136
432 1.0461717025E7
433 7795521.404761905
434 1.0076672271186441E7
435 1.661643851923077E7
436 1.343651811904762E7
437 5385452.0
438 8044313.980392157
439 1.0292609509433962E7
440 5892796.081632653
441 7443904.571428572
442 8867393.32142857
443 1.0386509642857144E7
444 6618951.027027027
445 1.2241180684210526E7
446 1.235140258E7
447 1.0022266146341464E7
448 1.3204361147540983E7
449 8864029.098039215
450 1.2739793341463415E7
451 1.011006148076923E7
452 1.3303745714285715E7
453 8738233.48076923
454 1.0897557475E7
455 8455827.214285715
456 8485999.685185185
457 1.2942926914893618E7
458 1.39807948E7
459 1.1398663291666666E7
460 1.9380696425E7
461 2.114717576190476E7
462 1.483725288235294E7
463 1.9838480864864863E7
464 1.254143054E7
465 1.128389458490566E7
466 1.0049949763636364E7
467 1.3473669671875E7
468 1.3041430952380951E7
469 1.3281714983050847E7
470 9690354.166666666
471 1.336210674E7
472 2.1993385275E7
473 1.249497552631579E7
474 9895543.92063492
475 1.1641148481481481E7
476 1.6493989545454545E7
477 1.5298340581395349E7
478 1.0874963043478262E7
479 1.893280385E7
480 1.1012839218181819E7
481 1.3744174422222223E7
482 1.0426320016666668E7
483 9084125.515151516
484 1.042032053488372E7
485 1.418284093478261E7
486 8364807.147058823
487 9938479.0
488 1.2104172153846154E7
489 1.1192886256410256E7
490 2.257947387272727E7
491 1.3367630137254901E7
492 1.6404552191489361E7
493 1.4678923566666666E7
494 1.0871843787234042E7
495 1.1452653777777778E7
496 1.4706100520833334E7
497 1.4249603454545455E7
498 1.0843456918918919E7
499 1.95794227027027E7
