1 679.5
2 1251.2
3 597.6666666666666
4 1449.6666666666667
5 1405.0
6 493.8
7 2931.6666666666665
8 1513.0
9 633.6
10 1432.5
11 1390.2
12 7726.333333333333
13 1312.6
14 1077.0
15 654.3333333333334
16 1167.3333333333333
17 1385.5
18 1122.0
19 2476.3333333333335
20 1307.6666666666667
21 1025.5714285714287
22 1831810.5
23 657315.5
24 1217235.2857142857
25 1013.8
26 1519.5714285714287
27 1713.25
28 1850947.4
29 1481.5
30 1294.2
31 6929813.333333333
32 9436287.8
33 1358.6666666666667
34 1374.6666666666667
35 414.6666666666667
36 1770.0
37 703.5
38 978.2
39 1638.3333333333333
40 1460.888888888889
41 3889.8
42 906.0
43 7293889.5
44 2147.8333333333335
45 3036759.875
46 1465345.4
47 1.0562115E7
48 372859.25
49 1792.0
50 1518.0
51 978.3333333333334
52 457024.6
53 640.0
54 1394.2
55 1048.25
56 1327.25
57 1078.6
58 704311.5
59 1048.0
60 1743.5
61 948.0
62 1262.5
63 174657.5
64 3142989.3333333335
65 1171.0
66 6111229.5
67 869.6666666666666
68 5685097.0
69 875184.3333333334
70 1056.2
71 2193.2
72 1711.0
73 1560.6666666666667
74 913.5
75 1192.0
76 1791861.0
77 7053256.666666667
78 9316849.0
79 1494.5
80 1062.6666666666667
81 1274.0
82 8649609.5
83 816.5
84 664.5
85 7843222.0
86 4037511.2
87 1286013.0
88 1.3516871E7
89 1659324.0
90 1504.0
91 1813.5
92 0
93 1722.3333333333333
94 8927562.5
95 1.1859394E7
96 2783740.3333333335
97 1550.0
98 1641.0
99 3201444.0
100 1886.3333333333333
101 1462.5
102 5775.0
103 515621.3333333333
104 1.51304925E7
105 2759.0
106 1216.5
107 1.5176094285714285E7
108 128178.4
109 1068.2
110 7087526.857142857
111 1519.7142857142858
112 4821772.6
113 3895112.1428571427
114 3.1066547E7
115 3301.4285714285716
116 4301285.2
117 1057.3333333333333
118 1.9347259E7
119 514452.0
120 1.0558323285714285E7
121 1292.0
122 4314875.0
123 1965414.0
124 1180.6666666666667
125 9537731.5
126 6620783.833333333
127 1153.3333333333333
128 315441.5
129 1529.3333333333333
130 881.5
131 2599545.0
132 147339.0
133 944.3333333333334
134 308423.85714285716
135 2066.6666666666665
136 909263.75
137 1212.6
138 1935.0
139 9839442.5
140 2193660.0
141 1448.2222222222222
142 2186.0
143 1.8640237333333332E7
144 699153.3333333334
145 1.5293119857142856E7
146 2169.3333333333335
147 6439082.857142857
148 1486.4
149 7420711.666666667
150 499.0
151 5690796.25
152 1.3137524E7
153 2422.0
154 1809.8333333333333
155 1.0132428E7
156 279.0
157 1480229.2
158 1509660.5
159 1286165.111111111
160 1195382.4
161 1904.5
162 2618.0
163 483172.0
164 2327202.5
165 2874372.6
166 6043222.4
167 995.0
168 2.9319347166666668E7
169 1.3430977666666666E7
170 1215.25
171 3.77541955E7
172 291104.0
173 1914.0
174 1.048644725E7
175 3844199.6
176 2.12680429E7
177 1414.5
178 1452.0
179 6728221.333333333
180 1541200.375
181 4.5261218666666664E7
182 1.3550044714285715E7
183 1934326.0
184 8415742.333333334
185 8564812.333333334
186 8987804.25
187 1348.25
188 2580.0
189 2886519.2
190 752.3333333333334
191 1.57389315E7
192 2.62733684E7
193 2805748.625
194 0
195 7540450.833333333
196 3796083.6666666665
197 6235096.2
198 1.42971434E7
199 3138557.714285714
200 1.664865542857143E7
201 1753.0
202 1608.5
203 3957858.0
204 2.1867876E7
205 4110464.5
206 1137.0
207 3.0682381E7
208 1663588.6666666667
209 2.5545311E7
210 1415203.3333333333
211 4509526.285714285
212 7064599.333333333
213 1.9589242666666668E7
214 1.5225630333333334E7
215 4.1122941E7
216 3335364.6666666665
217 5651356.777777778
218 3214.6666666666665
219 1.86832108E7
220 4239679.25
221 2499.0
222 4352801.5
223 1794.5
224 1.7764437125E7
225 5684516.333333333
226 5096782.75
227 1629.0
228 3.1649394E7
229 4.38473325E7
230 2.60476775E7
231 4.53415852E7
232 2118.25
233 1330.5
234 1.9759321875E7
235 1821.75
236 5274598.5
237 2.1955465E7
238 1.26671126E7
239 2.17252805E7
240 2.5412017E7
241 1162.6666666666667
242 7824985.75
243 1374.5
244 8925811.875
245 2772.3333333333335
246 4.11689165E7
247 6460842.142857143
248 5190722.666666667
249 1668.6666666666667
250 1664863.5
251 2451.5
252 4156421.6666666665
253 1.576790325E7
254 1527.0
255 1999.5
256 1368.0
257 1.869437E7
258 347.0
259 843984.2
260 1.8091121333333332E7
261 2.08136025E7
262 6040338.0
263 1.7330199666666668E7
264 1210.0
265 2117543.4
266 1002993.125
267 9454630.75
268 1775.6666666666667
269 8576344.666666666
270 3.2968298E7
271 1730.6666666666667
272 8790891.5
273 2.3148569333333332E7
274 1.4358038E7
275 2.22107988E7
276 653207.0
277 1.8679673E7
278 9694931.8
279 400690.6666666667
280 7.16814605E7
281 3.29755855E7
282 1.0240454E7
283 6195259.666666667
284 8392864.0
285 4746424.0
286 6.8958821E7
287 5.008405875E7
288 8475785.0
289 0
290 2.9254712E7
291 3.452027725E7
292 810234.0
293 2822227.75
294 3.2757187285714287E7
295 2.6576333E7
296 0
297 4056263.5
298 2775.0
299 4496672.444444444
300 1125.0
301 1.1495439714285715E7
302 1843.3333333333333
303 4.44751422E7
304 2463.0
305 6.6648769E7
306 1078827.0
307 1.8482121E7
308 6297088.0
309 1.890418775E7
310 2.81239995E7
311 2147081.6
312 2.3100194E7
313 1717393.5714285714
314 1.0291334625E7
315 1.2925042E7
316 5.10013625E7
317 2.1387345E7
318 2.2557813E7
319 1998.5
320 2430.5
321 4.371477675E7
322 3016.6666666666665
323 613393.3333333334
324 3.641243E7
325 5657070.666666667
326 8966916.666666666
327 5.5211986833333336E7
328 1672.3333333333333
329 2111.0
330 2671.3333333333335
331 2.2137375E7
332 2379.0
333 1025566.75
334 1.98193405E7
335 8045972.75
336 2791854.6
337 3.117017942857143E7
338 8.2412352E7
339 491547.0
340 560971.5
341 2.6311662333333332E7
342 3.042867425E7
343 1.0972371333333334E7
344 8758679.75
345 1752.2
346 2161.5
347 2302678.6666666665
348 4159.4
349 2.1517565777777776E7
350 9944847.4
351 1.9008791E7
352 2600.0
353 1.7836654E7
354 2370.5
355 4.3576168E7
356 3059016.5
357 1.1632842E7
358 4951891.666666667
359 3.4898700166666664E7
360 2.8800424666666668E7
361 1151.0
362 6.0678827666666664E7
363 1221.0
364 2.8727923666666668E7
365 2.9381664166666668E7
366 4.12863702E7
367 1.8787028E7
368 3.010304457142857E7
369 2567.0
370 5854792.0
371 4.56603792E7
372 1260972.7142857143
373 2.4115038E7
374 6.82679975E7
375 2.2001987666666668E7
376 2.62147502E7
377 1.8977640666666668E7
378 2.7624718E7
379 7.168111625E7
380 1.90523114E7
381 3.8126841428571425E7
382 2.095284375E7
383 2413.0
384 1257.0
385 5.38475606E7
386 2.652273675E7
387 59550.75
388 2418.3333333333335
389 1719.0
390 4.7032848E7
391 2.3070546666666668E7
392 1.1369804833333334E7
393 4.244831725E7
394 4967505.428571428
395 3383.0
396 1.7128633333333332E7
397 1125901.4285714286
398 1.13331988E7
399 1.0219475E7
400 1.29809144E7
401 7140296.6
402 2.235412309090909E7
403 1.5390307666666666E7
404 2.723102885714286E7
405 1803.0
406 3.92132452E7
407 1.92044222E7
408 4531.0
409 1.8735703E7
410 5.53083748E7
411 7.251915575E7
412 5411305.6
413 3.19127755E7
414 3.65321655E7
415 2.886219E7
416 1587025.3333333333
417 2471.2
418 1.28146814E7
419 1.4556989E7
420 6.0453630333333336E7
421 2.6119802E7
422 2.0485871E7
423 2.5518161666666668E7
424 2343.5
425 5.2904775E7
426 1503.3333333333333
427 7858220.75
428 1.93937952E7
429 6.3859275666666664E7
430 2579.0
431 2.974985675E7
432 2.090318825E7
433 7.0344811E7
434 3.9092036875E7
435 3.419621975E7
436 1.9702680833333332E7
437 1.7826772285714287E7
438 1.3742215285714285E7
439 2.0402133333333332E7
440 3482.0
441 6.79540288E7
442 2.820402885714286E7
443 2.3546792333333332E7
444 2.0814138285714287E7
445 9.30558965E7
446 3.9131365777777776E7
447 5.272000825E7
448 3520.0
449 0
450 4.02856028E7
451 4.55333065E7
452 1764.0
453 8957301.625
454 2.5334084125E7
455 3802634.4
456 2951.5
457 6421794.625
458 3.5124747833333336E7
459 3075243.5
460 2.2349294E7
461 2.0509365666666668E7
462 3.43541155E7
463 4.8026244666666664E7
464 2058.0
465 2.56654455E7
466 2236.75
467 1.953266E7
468 9890704.5
469 3884972.75
470 2.70150528E7
471 3.881912625E7
472 2241397.3333333335
473 8277852.0
474 4.351539E7
475 1.4861384333333334E7
476 2483.0
477 2849.0
478 1.3507626333333334E7
479 2.7373151833333332E7
480 1.1996190666666666E7
481 2.463432E7
482 3141.0
483 6.02193356E7
484 1.8934600888888888E7
485 5.2098498E7
486 3.7558319625E7
487 5835330.666666667
488 3091.0
489 5428573.142857143
490 25706.75
491 3667.0
492 1.48978265E7
493 3.03410205E7
494 4.97793982E7
495 362708.6
496 1.9720129333333332E7
497 4.78257716E7
498 5.98572185E7
499 2.2764703E7
