1 0
2 680.0
3 190.0
4 319.0
5 625.0
6 0
7 0
8 0
9 318.5
10 770.0
11 0
12 0
13 0
14 293.0
15 0
16 0
17 0
18 142.0
19 223.0
20 570.0
21 0
22 630.0
23 304.0
24 0
25 0
26 597.0
27 0
28 0
29 0
30 0
31 0
32 0
33 715168.6666666666
34 0
35 0
36 594.0
37 0
38 0
39 0
40 0
41 0
42 0
43 0
44 594.0
45 0
46 450.0
47 797.0
48 667.0
49 0
50 0
51 2597.0
52 649.0
53 0
54 0
55 917.0
56 754.0
57 736.0
58 0
59 0
60 0
61 0
62 0
63 0
64 1238.0
65 392.0
66 0
67 0
68 0
69 0
70 979.0
71 0
72 0
73 0
74 0
75 1141.0
76 0
77 391.0
78 0
79 0
80 0
81 833.0
82 665.0
83 0
84 0
85 14457.0
86 0
87 0
88 603.0
89 2088.0
90 375.0
91 376.5
92 1077.0
93 0
94 0
95 0
96 9.5834226E7
97 0
98 745.0
99 0
100 0
101 0
102 0
103 0
104 0
105 0
106 0
107 0
108 0
109 682.0
110 1240.0
111 871.0
112 0
113 1449.0
114 940.0
115 0
116 0
117 298.0
118 262.5
119 0
120 0
121 140.0
122 0
123 0
124 0
125 919.0
126 0
127 0
128 858.5
129 226.0
130 0
131 9489422.0
132 0
133 539.0
134 508.5
135 0
136 619.0
137 0
138 0
139 0
140 0
141 0
142 0
143 777.0
144 0
145 724.0
146 0
147 0
148 174.0
149 1308.5
150 827.0
151 715.0
152 516.0
153 0
154 0
155 0
156 0
157 168.0
158 0
159 0
160 0
161 0
162 0
163 0
164 0
165 276.0
166 0
167 0
168 1156.0
169 0
170 0
171 1061.0
172 3129.0
173 0
174 0
175 706.0
176 0
177 5212073.5
178 0
179 0
180 0
181 402.0
182 0
183 0
184 1324.0
185 0
186 923.0
187 0
188 556.5
189 0
190 0
191 0
192 0
193 0
194 0
195 0
196 0
197 0
198 0
199 976.0
200 0
201 417.0
202 0
203 0
204 1126.0
205 0
206 0
207 369.0
208 995.0
209 0
210 164.0
211 3081345.0
212 250.0
213 0
214 0
215 0
216 815.6666666666666
217 904.0
218 257.0
219 0
220 0
221 0
222 1281.0
223 0
224 0
225 0
226 0
227 0
228 0
229 0
230 0
231 0
232 0
233 1065.0
234 1033.0
235 0
236 437.0
237 0
238 0
239 0
240 948.5
241 0
242 966.0
243 0
244 2507.0
245 0
246 1198.0
247 476.0
248 0
249 0
250 0
251 0
252 3.8328851E7
253 649.0
254 0
255 0
256 1081.0
257 949.0
258 471.0
259 0
260 0
261 0
262 565.0
263 1208.0
264 0
265 0
266 0
267 0
268 0
269 0
270 0
271 407.0
272 0
273 0
274 187.0
275 0
276 0
277 947.0
278 0
279 1195.0
280 0
281 0
282 615175.0
283 0
284 0
285 0
286 2488193.6666666665
287 0
288 0
289 0
290 0
291 0
292 0
293 0
294 336.0
295 0
296 1563.0
297 1076.0
298 0
299 0
300 741.5
301 785.0
302 0
303 0
304 0
305 0
306 0
307 0
308 0
309 0
310 0
311 1145.0
312 0
313 1121.0
314 1676.0
315 0
316 0
317 0
318 1368.0
319 0
320 0
321 0
322 1683.0
323 0
324 1.2332766333333334E7
325 0
326 0
327 0
328 0
329 0
330 506.0
331 0
332 0
333 1965346.0
334 0
335 0
336 0
337 0
338 755.0
339 0
340 0
341 0
342 0
343 1315.0
344 0
345 0
346 0
347 1.37852955E7
348 1119.0
349 466.0
350 0
351 0
352 1182.0
353 1316.0
354 1185.0
355 0
356 0
357 8844184.0
358 2527.0
359 310.0
360 0
361 1040.0
362 223.0
363 1781.0
364 1230.0
365 0
366 1171.5
367 886.0
368 0
369 0
370 728.0
371 0
372 1.1909753E7
373 0
374 0
375 0
376 1275.0
377 517.0
378 0
379 0
380 0
381 215.0
382 0
383 0
384 0
385 0
386 0
387 0
388 1341.0
389 0
390 0
391 552.0
392 0
393 0
394 1516.0
395 0
396 0
397 677.0
398 479.0
399 1.7915833E7
400 0
401 1540.0
402 0
403 0
404 239.0
405 0
406 1380.0
407 3.1032326E7
408 0
409 2.2517512E7
410 0
411 0
412 0
413 1986.0
414 0
415 0
416 232.0
417 994.0
418 0
419 2163.0
420 0
421 0
422 0
423 0
424 0
425 0
426 1415.0
427 0
428 1439.0
429 0
430 720.0
431 0
432 2142.0
433 2094.0
434 0
435 1503.0
436 1094.5
437 0
438 0
439 0
440 0
441 0
442 0
443 737.0
444 0
445 268.0
446 0
447 0
448 0
449 0
450 578.0
451 0
452 0
453 0
454 546.0
455 231.0
456 0
457 0
458 1403.0
459 0
460 0
461 688.0
462 484.0
463 0
464 0
465 0
466 9459005.0
467 1447.0
468 2324729.0
469 0
470 0
471 0
472 0
473 0
474 0
475 1318.0
476 0
477 1243.0
478 0
479 2012488.0
480 0
481 311.0
482 0
483 255.0
484 1367.0
485 0
486 0
487 0
488 0
489 974.6666666666666
490 570.0
491 0
492 0
493 0
494 0
495 0
496 1932.0
497 0
498 1.0553024E7
499 0
500 794.0
501 0
502 741.0
503 371.5
504 0
505 0
506 5.0867513E7
507 1506.0
508 0
509 0
510 705.0
511 0
512 0
513 0
514 1409.0
515 0
516 1282.0
517 0
518 0
519 0
520 2196.0
521 0
522 0
523 1362.0
524 0
525 0
526 0
527 1423.0
528 0
529 0
530 1636.0
531 589.0
532 506.0
533 0
534 0
535 1254.0
536 1881.3333333333333
537 0
538 0
539 0
540 0
541 1398.0
542 0
543 0
544 0
545 0
546 0
547 0
548 1449.0
549 0
550 0
551 281.0
552 0
553 0
554 1.1054442E7
555 0
556 0
557 1193.3333333333333
558 0
559 0
560 0
561 877.0
562 1620.0
563 0
564 539.0
565 0
566 0
567 0
568 1594.0
569 0
570 299.0
571 1509.0
572 893.0
573 0
574 0
575 0
576 0
577 0
578 1608.0
579 0
580 4.1425267E7
581 0
582 0
583 0
584 0
585 0
586 0
587 313.0
588 0
589 0
590 0
591 0
592 0
593 0
594 3560728.0
595 3.4548334E7
596 0
597 1820.0
598 0
599 454.0
600 0
601 3121.0
602 8575085.0
603 0
604 550.0
605 0
606 0
607 609.0
608 0
609 804.0
610 0
611 1717.0
612 3.7102652E7
613 11031.0
614 0
615 0
616 0
617 1191283.0
618 0
619 0
620 0
621 0
622 0
623 0
624 1348.0
625 1294.5
626 1100.0
627 0
628 0
629 0
630 0
631 1046.0
632 0
633 884388.0
634 0
635 6756401.0
636 1496.0
637 1535.0
638 408.0
639 0
640 0
641 0
642 0
643 0
644 1630.0
645 2.17464865E7
646 1.5601171E7
647 626.0
648 1750.0
649 0
650 0
651 0
652 0
653 1321.0
654 919.0
655 0
656 2061.0
657 0
658 1130.0
659 607943.0
660 0
661 0
662 1474.0
663 416.0
664 1203.0
665 3170324.0
666 0
667 0
668 879.0
669 801.0
670 0
671 1258.0
672 0
673 0
674 1533.0
675 0
676 0
677 1565.0
678 0
679 0
680 0
681 0
682 2951.0
683 2036.0
684 0
685 1735.0
686 2571.0
687 438.0
688 641.0
689 601.0
690 0
691 488.5
692 0
693 0
694 1418.0
695 0
696 0
697 0
698 0
699 0
700 0
701 0
702 773.0
703 0
704 0
705 1059.0
706 0
707 1877.0
708 291.0
709 0
710 0
711 798.0
712 0
713 0
714 0
715 0
716 1.3678849E7
717 0
718 503.0
719 0
720 3578198.0
721 0
722 0
723 0
724 0
725 0
726 1863.0
727 0
728 0
729 846.0
730 0
731 0
732 1396.0
733 2.67371725E7
734 751.0
735 741.0
736 0
737 0
738 0
739 1526.0
740 0
741 0
742 1242.0
743 7.0485601E7
744 0
745 1079.5
746 345.0
747 1917.0
748 0
749 0
750 696.0
751 1081.0
752 2171.0
753 0
754 0
755 0
756 0
757 2632.0
758 602.0
759 0
760 1588.5
761 0
762 0
763 2574.0
764 1178.0
765 275345.0
766 0
767 2.7052529E7
768 1667.0
769 0
770 2396.3333333333335
771 0
772 0
773 0
774 0
775 4.6085461E7
776 0
777 0
778 0
779 0
780 0
781 0
782 1780.0
783 0
784 28314.0
785 0
786 2074.0
787 944.0
788 3537517.0
789 0
790 3449482.5
791 0
792 0
793 2063.0
794 0
795 2135.0
796 5107938.0
797 0
798 8836875.0
799 0
800 831.0
801 0
802 0
803 1.16767395E7
804 2.2767631E7
805 0
806 0
807 0
808 0
809 0
810 0
811 0
812 0
813 0
814 0
815 0
816 0
817 2324.0
818 0
819 0
820 1329.0
821 0
822 2219.5
823 1468.0
824 0
825 0
826 0
827 0
828 2643.0
829 1943.0
830 0
831 1020.0
832 0
833 0
834 6162473.666666667
835 0
836 1974.0
837 1212.0
838 0
839 0
840 0
841 3159.0
842 0
843 770.0
844 9.1993036E7
845 921.0
846 8922.5
847 0
848 2866.0
849 0
850 0
851 0
852 0
853 1122.0
854 3500.0
855 0
856 930.0
857 0
858 4.225342E7
859 0
860 547.0
861 1741.0
862 0
863 2.23251155E7
864 0
865 0
866 0
867 1972.0
868 0
869 776.0
870 0
871 2389.0
872 0
873 0
874 0
875 0
876 2494.0
877 0
878 0
879 360.0
880 0
881 391.0
882 0
883 1.5848402E7
884 0
885 0
886 0
887 0
888 0
889 534.0
890 1952.0
891 0
892 0
893 8003437.0
894 2407.0
895 0
896 2446.0
897 0
898 2420.0
899 2014.0
900 0
901 3137.0
902 796.0
903 0
904 0
905 0
906 3062.0
907 3008.0
908 2062.0
909 2.32734805E7
910 1116.0
911 0
912 2360.0
913 0
914 0
915 0
916 0
917 0
918 2.7182517E7
919 0
920 0
921 0
922 0
923 0
924 0
925 0
926 2376.0
927 1022.0
928 0
929 0
930 0
931 0
932 830.0
933 0
934 0
935 2375.0
936 0
937 0
938 0
939 0
940 1091.0
941 951.5
942 1.22825832E8
943 0
944 0
945 0
946 2346.0
947 0
948 5671759.0
949 0
950 799.0
951 0
952 0
953 0
954 2294.0
955 0
956 0
957 0
958 0
959 4697.0
960 0
961 0
962 0
963 0
964 1.5076644E7
965 672.5
966 0
967 8.3725977E7
968 1175137.0
969 875.0
970 0
971 2107.0
972 0
973 1237.0
974 0
975 0
976 0
977 0
978 678.0
979 3118.0
980 0
981 717.0
982 0
983 0
984 2699.0
985 0
986 6.179031E7
987 0
988 3672.0
989 762.0
990 3.4941784E7
991 0
992 0
993 0
994 0
995 0
996 0
997 0
998 1.44074825E7
999 2079.5
1000 1131.0
1001 1.4069636E7
1002 1647.0
1003 0
1004 0
1005 958.5
1006 0
1007 2069.0
1008 0
1009 2.4840793E7
1010 0
1011 0
1012 0
1013 768.0
1014 0
1015 0
1016 2467.0
1017 496.0
1018 4891131.0
1019 2.5911378E7
1020 867.5
1021 0
1022 0
1023 0
1024 2357.0
1025 1387.0
1026 2377.0
1027 1389.0
1028 2700.0
1029 0
1030 2338.0
1031 2411.0
1032 2.115208E7
1033 2665.0
1034 0
1035 0
1036 0
1037 0
1038 0
1039 3.322587E7
1040 0
1041 0
1042 0
1043 0
1044 18856.0
1045 0
1046 0
1047 0
1048 0
1049 3087.5
1050 0
1051 0
1052 5215544.0
1053 865.0
1054 0
1055 2292.0
1056 2636.0
1057 0
1058 1.2361412E7
1059 0
1060 0
1061 0
1062 0
1063 2.8255502E7
1064 0
1065 2319.0
1066 2.9935391E7
1067 2589.0
1068 637.0
1069 0
1070 0
1071 2430.0
1072 3.8232891E7
1073 931.0
1074 0
1075 2466.5
1076 3035.0
1077 4319.0
1078 1814.0
1079 1163.0
1080 0
1081 0
1082 0
1083 2334.5
1084 0
1085 2775.0
1086 0
1087 1399.0
1088 0
1089 2742.0
1090 0
1091 3.2284154E7
1092 1195.0
1093 2799.0
1094 0
1095 2.72608995E7
1096 0
1097 1.10856465E7
1098 4772843.0
1099 5.8221849E7
1100 2358.0
1101 0
1102 3.0219158E7
1103 1.8031701E7
1104 0
1105 1528.0
1106 0
1107 0
1108 1399.0
1109 0
1110 0
1111 0
1112 0
1113 0
1114 0
1115 0
1116 0
1117 0
1118 0
1119 0
1120 0
1121 4288.0
1122 1484.0
1123 0
1124 4.7711432E7
1125 5111727.0
1126 0
1127 0
1128 0
1129 0
1130 0
1131 0
1132 0
1133 0
1134 1.4276285E7
1135 2708.0
1136 2.09512125E7
1137 3993084.0
1138 0
1139 0
1140 0
1141 3067.0
1142 0
1143 0
1144 9663829.5
1145 1.7376193E7
1146 0
1147 0
1148 5802288.0
1149 0
1150 1.1330773E7
1151 0
1152 1968.0
1153 0
1154 0
1155 2557.0
1156 0
1157 3039.0
1158 1482.0
1159 0
1160 5.0138094E7
1161 0
1162 0
1163 0
1164 3072.0
1165 1.2395435E7
1166 3.9066647E7
1167 0
1168 0
1169 2969739.0
1170 2975.0
1171 0
1172 0
1173 0
1174 0
1175 3025.0
1176 0
1177 0
1178 0
1179 3163296.0
1180 0
1181 0
1182 0
1183 0
1184 0
1185 0
1186 0
1187 0
1188 0
1189 0
1190 0
1191 3.3699593E7
1192 3348.0
1193 0
1194 0
1195 2585.0
1196 0
1197 0
1198 2090.0
1199 0
1200 2958.0
1201 837.0
1202 0
1203 0
1204 0
1205 2499.0
1206 3.3492102E7
1207 1109.0
1208 0
1209 24899.0
1210 2677.0
1211 0
1212 2194.0
1213 0
1214 2788.0
1215 0
1216 0
1217 0
1218 3.7972226E7
1219 0
1220 0
1221 0
1222 5297030.5
1223 0
1224 3407.0
1225 0
1226 0
1227 0
1228 0
1229 1.7210576333333332E7
1230 0
1231 2.7270553E7
1232 1.11039998E8
1233 2397530.5
1234 4201.0
1235 2289.0
1236 893.0
1237 1.0373612E7
1238 3398898.0
1239 0
1240 3774905.5
1241 4.2663309E7
1242 0
1243 0
1244 1784.0
1245 601.0
1246 0
1247 0
1248 0
1249 0
1250 966.0
1251 0
1252 3064.0
1253 0
1254 0
1255 1673.0
1256 2713.0
1257 2607.3333333333335
1258 0
1259 0
1260 1235.0
1261 1462.0
1262 0
1263 3224.0
1264 2378.6666666666665
1265 0
1266 0
1267 0
1268 0
1269 0
1270 0
1271 2283166.0
1272 0
1273 1451.0
1274 0
1275 890.0
1276 0
1277 895.0
1278 0
1279 4522.0
1280 2804.0
1281 0
1282 0
1283 33314.0
1284 2311.0
1285 0
1286 2571.0
1287 2296.0
1288 0
1289 0
1290 0
1291 835.0
1292 0
1293 0
1294 4.6651738666666664E7
1295 0
1296 0
1297 2401.0
1298 4362.0
1299 1155.0
1300 0
1301 0
1302 0
1303 0
1304 0
1305 1341.0
1306 0
1307 2.9825582E7
1308 5.2804132E7
1309 0
1310 0
1311 0
1312 0
1313 0
1314 0
1315 0
1316 0
1317 0
1318 0
1319 0
1320 0
1321 1.104209E7
1322 0
1323 611.0
1324 0
1325 0
1326 1788.0
1327 0
1328 852.0
1329 0
1330 0
1331 0
1332 4839.0
1333 527.0
1334 823.0
1335 0
1336 6603671.0
1337 0
1338 0
1339 4.7770685E7
1340 0
1341 0
1342 0
1343 1405.0
1344 5733.0
1345 0
1346 1.14844405E7
1347 0
1348 0
1349 0
1350 1493.0
1351 0
1352 1.73067615E7
1353 0
1354 0
1355 0
1356 0
1357 22934.0
1358 0
1359 0
1360 0
1361 0
1362 0
1363 0
1364 0
1365 0
1366 0
1367 591.0
1368 1773.0
1369 0
1370 4121.5
1371 0
1372 1056.0
1373 2.25133205E7
1374 0
1375 1.4635879E7
1376 0
1377 0
1378 0
1379 0
1380 3018.0
1381 0
1382 0
1383 0
1384 0
1385 1236.0
1386 3115.0
1387 0
1388 0
1389 3001.0
1390 3251.0
1391 0
1392 0
1393 0
1394 0
1395 0
1396 0
1397 947.0
1398 0
1399 0
1400 0
1401 0
1402 0
1403 0
1404 0
1405 7301512.5
1406 3032.0
1407 0
1408 0
1409 0
1410 0
1411 5.5337464E7
1412 0
1413 5626053.0
1414 0
1415 23650.0
1416 0
1417 0
1418 0
1419 3.0991538E7
1420 55184.0
1421 3100.0
1422 0
1423 0
1424 0
1425 0
1426 0
1427 0
1428 12039.0
1429 0
1430 1727.0
1431 2967.0
1432 0
1433 3652.0
1434 0
1435 1405.5
1436 2395.0
1437 0
1438 2946.0
1439 2739.0
1440 3199.5
1441 0
1442 0
1443 1.5442952E7
1444 0
1445 2.00123415E7
1446 566.0
1447 0
1448 6290817.0
1449 1629.0
1450 0
1451 3331.0
1452 0
1453 0
1454 0
1455 0
1456 0
1457 3391.0
1458 0
1459 0
1460 0
1461 1651.0
1462 614.0
1463 0
1464 0
1465 0
1466 3.09165595E7
1467 0
1468 0
1469 0
1470 0
1471 0
1472 0
1473 0
1474 2501.0
1475 0
1476 0
1477 0
1478 0
1479 0
1480 5500.0
1481 0
1482 0
1483 4.1685106E7
1484 0
1485 0
1486 0
1487 2969.0
1488 0
1489 0
1490 1910.0
1491 1465.0
1492 0
1493 0
1494 1105.0
1495 0
1496 0
1497 2303.5
1498 5584.0
1499 1.7829686E7
1500 0
1501 1.5873413E7
1502 0
1503 1400.0
1504 0
1505 0
1506 1.51367547E8
1507 0
1508 2513.0
1509 1.9101626E7
1510 0
1511 0
1512 3521.0
1513 4.3715399E7
1514 0
1515 1.6531463E7
1516 3398.0
1517 4026.0
1518 3399.0
1519 0
1520 0
1521 0
1522 0
1523 0
1524 0
1525 0
1526 0
1527 1985.0
1528 3564.0
1529 0
1530 0
1531 0
1532 6625627.0
1533 5.4851733E7
1534 4.6056311E7
1535 0
1536 0
1537 3649.0
1538 8147926.0
1539 0
1540 1514.0
1541 0
1542 0
1543 0
1544 0
1545 0
1546 0
1547 0
1548 0
1549 1966.0
1550 0
1551 0
1552 0
1553 0
1554 0
1555 0
1556 0
1557 1.4249988E7
1558 0
1559 0
1560 0
1561 0
1562 0
1563 0
1564 2034.0
1565 0
1566 2703.5
1567 0
1568 1217.0
1569 2139.5
1570 1473.0
1571 0
1572 0
1573 0
1574 0
1575 0
1576 3451.0
1577 0
1578 5.8818212E7
1579 1.10644498E8
1580 0
1581 0
1582 0
1583 0
1584 0
1585 2338.5
1586 627.0
1587 0
1588 1090.0
1589 0
1590 0
1591 1.34161505E7
1592 0
1593 0
1594 0
1595 0
1596 0
1597 0
1598 0
1599 6.8711869E7
1600 2763.0
1601 0
1602 3.2796576E7
1603 3.3178603E7
1604 3397.0
1605 6.1162237E7
1606 0
1607 0
1608 0
1609 0
1610 0
1611 0
1612 0
1613 0
1614 0
1615 0
1616 0
1617 3587.0
1618 0
1619 1422961.0
1620 3.9127328E7
1621 0
1622 0
1623 0
1624 0
1625 0
1626 1.2348188E7
1627 0
1628 3.44109425E7
1629 983.0
1630 0
1631 0
1632 2.1726692E7
1633 0
1634 1474.0
1635 0
1636 0
1637 27772.0
1638 41229.0
1639 0
1640 0
1641 0
1642 3524.0
1643 0
1644 0
1645 2604158.0
1646 0
1647 0
1648 5222446.0
1649 0
1650 0
1651 0
1652 1.0208647E8
1653 3.3406336E7
1654 0
1655 6502411.0
1656 2.59514425E7
1657 3754.0
1658 1541.0
1659 1.4764778E7
1660 732.0
1661 3411.0
1662 2.86381945E7
1663 0
1664 0
1665 0
1666 0
1667 0
1668 0
1669 0
1670 0
1671 0
1672 1441.0
1673 0
1674 0
1675 0
1676 3757.0
1677 0
1678 3512.5
1679 1.8598464E7
1680 0
1681 1160.0
1682 1735.0
1683 0
1684 3501.0
1685 2.5888614E7
1686 986.0
1687 0
1688 0
1689 0
1690 0
1691 0
1692 2.3486541E7
1693 3219.0
1694 0
1695 0
1696 2278.5
1697 2.6007543E7
1698 0
1699 1178.0
1700 2.2766928E7
1701 0
1702 0
1703 0
1704 0
1705 0
1706 0
1707 0
1708 0
1709 0
1710 4493.0
1711 9429574.0
1712 657.0
1713 8133212.0
1714 0
1715 0
1716 0
1717 3657.0
1718 0
1719 2.229329E7
1720 3859.0
1721 0
1722 0
1723 0
1724 0
1725 0
1726 0
1727 0
1728 0
1729 0
1730 22699.5
1731 0
1732 0
1733 1.0450004E7
1734 0
1735 0
1736 0
1737 2220.0
1738 0
1739 998.0
1740 0
1741 1.0456489E7
1742 0
1743 4.5527136E7
1744 0
1745 0
1746 0
1747 0
1748 0
1749 3431.0
1750 0
1751 0
1752 0
1753 1562.0
1754 3937.0
1755 0
1756 0
1757 0
1758 0
1759 0
1760 3445.0
1761 0
1762 0
1763 2945.5
1764 0
1765 0
1766 0
1767 2.55344435E7
1768 0
1769 4152.0
1770 0
1771 0
1772 3702.0
1773 0
1774 0
1775 0
1776 0
1777 33778.0
1778 3758.5
1779 3483.0
1780 961.0
1781 3656770.0
1782 0
1783 0
1784 0
1785 0
1786 0
1787 29602.0
1788 5.3671501E7
1789 0
1790 0
1791 0
1792 0
1793 0
1794 0
1795 0
1796 0
1797 7.1880672E7
1798 0
1799 0
1800 0
1801 3851632.0
1802 1597.0
1803 0
1804 0
1805 3739.0
1806 3.2445486E7
1807 0
1808 0
1809 1309.0
1810 0
1811 1772.0
1812 0
1813 2849.5
1814 1645.0
1815 0
1816 0
1817 1072.0
1818 9.6612906E7
1819 3808.0
1820 0
1821 0
1822 10488.0
1823 0
1824 0
1825 0
1826 0
1827 0
1828 0
1829 6.2589186E7
1830 2566.5
1831 2043.0
1832 0
1833 0
1834 3473.0
1835 0
1836 0
1837 977.0
1838 0
1839 3.0534319E7
1840 4665.0
1841 0
1842 6782726.0
1843 8412791.666666666
1844 0
1845 0
1846 0
1847 0
1848 3.28923429E8
1849 0
1850 0
1851 0
1852 4791.0
1853 5137.0
1854 0
1855 0
1856 4.7276698E7
1857 0
1858 0
1859 0
1860 0
1861 0
1862 0
1863 0
1864 0
1865 0
1866 0
1867 0
1868 0
1869 0
1870 0
1871 0
1872 7.16830825E7
1873 4781.0
1874 0
1875 0
1876 0
1877 1231.0
1878 0
1879 2029564.0
1880 0
1881 0
1882 0
1883 0
1884 0
1885 0
1886 0
1887 0
1888 0
1889 0
1890 0
1891 9.4391884E7
1892 810.0
1893 5183.0
1894 0
1895 6134.0
1896 0
1897 0
1898 5.6733397E7
1899 0
1900 0
1901 1075.0
1902 0
1903 0
1904 0
1905 1485.0
1906 0
1907 0
1908 0
1909 0
1910 2.21886913E8
1911 0
1912 0
1913 0
1914 0
1915 1238.0
1916 0
1917 0
1918 6.4200083E7
1919 1946.0
1920 2675.0
1921 2228.0
1922 0
1923 7.3427843E7
1924 3.5023287E7
1925 0
1926 1.3276659E7
1927 6354.0
1928 875.0
1929 2282.0
1930 1634414.0
1931 0
1932 1.6609822E7
1933 2018.0
1934 1338.0
1935 0
1936 1.1677764E7
1937 1314.0
1938 0
1939 0
1940 0
1941 0
1942 5654.0
1943 2182935.0
1944 4406.5
1945 0
1946 0
1947 753.5
1948 1.3880216E8
1949 0
1950 0
1951 0
1952 0
1953 0
1954 2.7899323E7
1955 0
1956 0
1957 4173.5
1958 0
1959 1301.0
1960 0
1961 0
1962 0
1963 0
1964 4434.0
1965 770.0
1966 4091.5
1967 6622.0
1968 5.3742867E7
1969 1549.0
1970 2208.0
1971 6404.0
1972 0
1973 2157.0
1974 4298.0
1975 4167.0
1976 751.0
1977 0
1978 0
1979 0
1980 0
1981 2.625427625E7
1982 4298.0
1983 0
1984 0
1985 6331.0
1986 2.19726295E7
1987 3931.0
1988 0
1989 1.06268338E8
1990 0
1991 0
1992 0
1993 0
1994 0
1995 0
1996 1201.0
1997 0
1998 0
1999 7949675.0
2000 6.332073E7
2001 6109.0
2002 4603.0
2003 151679.0
2004 0
2005 0
2006 0
2007 796.0
2008 0
2009 755.0
2010 0
2011 4230.0
2012 0
2013 0
2014 2952.5
2015 0
2016 1880.0
2017 0
2018 0
2019 3770.0
2020 8.3747203E7
2021 3.0550343E7
2022 0
2023 0
2024 3.7565755E7
2025 0
2026 0
2027 1.53057835E7
2028 723.0
2029 0
2030 0
2031 0
2032 0
2033 4.0347609E7
2034 0
2035 5.0757284E7
2036 5419.0
2037 0
2038 0
2039 0
2040 0
2041 4458.0
2042 0
2043 0
2044 0
2045 0
2046 1577.0
2047 445747.0
2048 0
2049 8.0920294E7
2050 3852.5
2051 3483.5
2052 0
2053 0
2054 0
2055 0
2056 0
2057 0
2058 4.4018522E7
2059 0
2060 0
2061 0
2062 0
2063 0
2064 0
2065 2.7553788E7
2066 0
2067 0
2068 0
2069 0
2070 0
2071 0
2072 0
2073 3150.0
2074 7.6250773E7
2075 2.9058583E7
2076 0
2077 0
2078 0
2079 2487.0
2080 0
2081 803.0
2082 2215.0
2083 0
2084 4117.0
2085 0
2086 0
2087 35169.0
2088 2160.0
2089 1.46941235E7
2090 0
2091 0
2092 0
2093 0
2094 0
2095 0
2096 0
2097 0
2098 0
2099 0
2100 3655.0
2101 0
2102 7344.0
2103 7.42933605E7
2104 9.58484205E7
2105 7.4244708E7
2106 1160.0
2107 0
2108 2067.0
2109 0
2110 0
2111 0
2112 1853.0
2113 2075.0
2114 0
2115 4886.0
2116 0
2117 0
2118 0
2119 2277.0
2120 0
2121 0
2122 0
2123 0
2124 0
2125 1.07179465E7
2126 0
2127 9805.0
2128 0
2129 0
2130 1319.0
2131 0
2132 0
2133 0
2134 1683.0
2135 868.0
2136 1354.0
2137 1837.0
2138 0
2139 0
2140 1.4418925E7
2141 0
2142 0
2143 0
2144 0
2145 0
2146 0
2147 0
2148 0
2149 1630.0
2150 0
2151 0
2152 0
2153 1582.0
2154 0
2155 4.83710875E7
2156 0
2157 0
2158 0
2159 0
2160 0
2161 0
2162 0
2163 5109.0
2164 0
2165 0
2166 0
2167 0
2168 9356911.5
2169 0
2170 0
2171 0
2172 0
2173 7631856.0
2174 0
2175 3004.0
2176 0
2177 2.560305E7
2178 0
2179 0
2180 0
2181 3.05052775E7
2182 4901.0
2183 0
2184 4895.0
2185 0
2186 0
2187 1.44550685E7
2188 0
2189 2.0128791E7
2190 0
2191 0
2192 2.2272220666666668E7
2193 0
2194 5063.0
2195 0
2196 4242.0
2197 0
2198 1.22759225E7
2199 0
2200 0
2201 0
2202 3.3690986E7
2203 0
2204 0
2205 4575.0
2206 0
2207 0
2208 0
2209 0
2210 0
2211 2044.0
2212 0
2213 0
2214 4734.0
2215 0
2216 0
2217 0
2218 4231.0
2219 0
2220 0
2221 5005.0
2222 4.9042087E7
2223 1394.5
2224 0
2225 0
2226 0
2227 4454.0
2228 5.0321411E7
2229 0
2230 0
2231 0
2232 0
2233 2100.0
2234 0
2235 4514.0
2236 0
2237 0
2238 0
2239 5110.0
2240 0
2241 0
2242 0
2243 0
2244 0
2245 4205.0
2246 4897.0
2247 7303.0
2248 6312.0
2249 0
2250 0
2251 3824.0
2252 0
2253 0
2254 0
2255 0
2256 0
2257 0
2258 1768.0
2259 0
2260 0
2261 0
2262 0
2263 0
2264 0
2265 0
2266 0
2267 0
2268 0
2269 3674.0
2270 0
2271 0
2272 4926.0
2273 0
2274 0
2275 4.0973829E7
2276 0
2277 0
2278 4917.0
2279 9.733508E7
2280 0
2281 2.0079995E7
2282 0
2283 0
2284 0
2285 3370.6666666666665
2286 0
2287 1222.0
2288 2.3044939E7
2289 0
2290 0
2291 0
2292 0
2293 0
2294 1245.0
2295 0
2296 848.0
2297 3227.5
2298 0
2299 0
2300 715437.5
2301 1659456.3333333333
2302 9.4602606E7
2303 0
2304 1012586.0
2305 0
2306 3729.0
2307 0
2308 2797.0
2309 0
2310 0
2311 0
2312 5.80771535E7
2313 7.7976763E7
2314 0
2315 0
2316 4746.0
2317 0
2318 0
2319 1.07559148E8
2320 0
2321 0
2322 0
2323 0
2324 1670.0
2325 0
2326 0
2327 0
2328 0
2329 0
2330 0
2331 0
2332 4479.0
2333 1352.0
2334 0
2335 3.6276331333333336E7
2336 8.4838099E7
2337 4405.5
2338 0
2339 0
2340 0
2341 958.0
2342 7151.0
2343 9.3145551E7
2344 0
2345 4.5268068E7
2346 4.6182058E7
2347 1652.0
2348 1.22824005E8
2349 0
2350 0
2351 0
2352 0
2353 0
2354 0
2355 0
2356 1050.0
2357 4.8271783E7
2358 0
2359 0
2360 0
2361 2.1747513333333332E7
2362 4013.0
2363 0
2364 0
2365 0
2366 1918.0
2367 5035.0
2368 4746.0
2369 4829.0
2370 1884.0
2371 0
2372 0
2373 0
2374 2.5981056E7
2375 1039.0
2376 4308.0
2377 2.7043366666666668E7
2378 0
2379 6.9804728E7
2380 0
2381 0
2382 0
2383 0
2384 0
2385 0
2386 2200.0
2387 0
2388 4760.0
2389 0
2390 8392287.0
2391 4.1592764E7
2392 4687.0
2393 0
2394 4612.0
2395 0
2396 0
2397 0
2398 0
2399 4480.0
2400 1043.0
2401 0
2402 0
2403 1.51548375E7
2404 0
2405 0
2406 0
2407 3.2554398E7
2408 755276.0
2409 0
2410 4708.0
2411 4751.0
2412 0
2413 0
2414 905.0
2415 1.82892675E7
2416 0
2417 4.39215795E7
2418 0
2419 0
2420 0
2421 4490.0
2422 0
2423 4.2537405E7
2424 0
2425 0
2426 0
2427 0
2428 0
2429 3338.0
2430 4.9114724E7
2431 0
2432 2.8009284E7
2433 0
2434 0
2435 0
2436 3.637826E7
2437 0
2438 0
2439 0
2440 0
2441 0
2442 0
2443 0
2444 0
2445 883.0
2446 1.8492144E7
2447 0
2448 6420.0
2449 0
2450 0
2451 0
2452 0
2453 0
2454 0
2455 0
2456 0
2457 2154.0
2458 0
2459 0
2460 0
2461 0
2462 0
2463 0
2464 2.8234993E7
2465 0
2466 5261.0
2467 6692298.0
2468 0
2469 0
2470 4615.0
2471 0
2472 8.4164027E7
2473 0
2474 0
2475 4430.0
2476 0
2477 0
2478 0
2479 0
2480 0
2481 8.5573258E7
2482 0
2483 0
2484 0
2485 4991.0
2486 1778.0
2487 4730.0
2488 4880.5
2489 0
2490 0
2491 0
2492 2.1931206E7
2493 0
2494 2.1190814E7
2495 3915.5
2496 0
2497 7.0662323E7
2498 7.0889483E7
2499 0
2500 0
2501 0
2502 0
2503 0
2504 905.0
2505 4599.0
2506 0
2507 0
2508 0
2509 5.0755563E7
2510 0
2511 0
2512 0
2513 0
2514 0
2515 1153.0
2516 6.48366475E7
2517 0
2518 1256.0
2519 4512.0
2520 0
2521 0
2522 1668.0
2523 0
2524 4865.0
2525 0
2526 0
2527 0
2528 2.7664755E7
2529 0
2530 0
2531 1.2515343E7
2532 0
2533 0
2534 0
2535 0
2536 6.640336E7
2537 3470.0
2538 3474.0
2539 0
2540 5.9575669E7
2541 0
2542 0
2543 0
2544 1.27299494E8
2545 0
2546 4950.0
2547 1290.0
2548 0
2549 1.0079413E7
2550 0
2551 5418.0
2552 2.02012125E7
2553 0
2554 5275.0
2555 0
2556 0
2557 0
2558 0
2559 0
2560 2018.0
2561 0
2562 0
2563 0
2564 0
2565 0
2566 0
2567 0
2568 0
2569 0
2570 5464.0
2571 0
2572 1037.0
2573 0
2574 0
2575 0
2576 5.90532615E7
2577 928.0
2578 0
2579 0
2580 0
2581 0
2582 3543.0
2583 1.01952003E8
2584 0
2585 1600.0
2586 0
2587 0
2588 0
2589 0
2590 0
2591 0
2592 1169.0
2593 0
2594 0
2595 0
2596 2.58530559E8
2597 0
2598 1.38283908E8
2599 1.50802087E8
2600 0
2601 0
2602 3138.0
2603 3.1442175E7
2604 2.61707583E8
2605 0
2606 6047.0
2607 1710.0
2608 0
2609 0
2610 0
2611 0
2612 0
2613 0
2614 3028.0
2615 0
2616 3.5529239E7
2617 2140.6666666666665
2618 4767.0
2619 0
2620 0
2621 0
2622 2338.0
2623 0
2624 3187.0
2625 1645.0
2626 0
2627 0
2628 0
2629 0
2630 0
2631 0
2632 0
2633 3921957.5
2634 0
2635 4852.0
2636 0
2637 1380.0
2638 0
2639 0
2640 5444.0
2641 2196.0
2642 0
2643 0
2644 0
2645 0
2646 7.04175995E7
2647 0
2648 1913.0
2649 1850.0
2650 0
2651 0
2652 3575.0
2653 0
2654 5128.0
2655 0
2656 0
2657 5.11933E7
2658 0
2659 0
2660 0
2661 3.4234478E7
2662 0
2663 0
2664 0
2665 0
2666 0
2667 1989.0
2668 2234.0
2669 0
2670 0
2671 0
2672 0
2673 0
2674 0
2675 0
2676 0
2677 0
2678 0
2679 0
2680 5077.0
2681 2571.0
2682 0
2683 0
2684 5533.0
2685 0
2686 2.1019785E7
2687 8542.0
2688 1065.0
2689 0
2690 0
2691 0
2692 0
2693 0
2694 0
2695 0
2696 0
2697 0
2698 0
2699 0
2700 1.300881445E8
2701 1.320986405E8
2702 1.4848182E7
2703 5455.0
2704 0
2705 0
2706 2518.5
2707 2.52461847E8
2708 0
2709 0
2710 0
2711 6565.0
2712 0
2713 0
2714 0
2715 3435.0
2716 7911.0
2717 0
2718 0
2719 0
2720 9774713.0
2721 0
2722 1.1848303E7
2723 0
2724 0
2725 0
2726 0
2727 2.3615673E7
2728 1022.0
2729 5031.0
2730 0
2731 0
2732 2.2439605E7
2733 0
2734 0
2735 0
2736 0
2737 0
2738 0
2739 0
2740 0
2741 0
2742 0
2743 6.29602635E7
2744 3695.0
2745 0
2746 0
2747 1775.0
2748 0
2749 0
2750 0
2751 0
2752 0
2753 0
2754 0
2755 0
2756 0
2757 3.7819803E7
2758 0
2759 0
2760 5004.0
2761 0
2762 0
2763 0
2764 0
2765 0
2766 3375.5
2767 4333.5
2768 0
2769 1.69891585E7
2770 0
2771 0
2772 2.198089E7
2773 1308.0
2774 6271.0
2775 2234.0
2776 0
2777 1.28138376E8
2778 0
2779 0
2780 1.48566482E8
2781 7386.0
2782 0
2783 0
2784 0
2785 5703.0
2786 2.16169499E8
2787 0
2788 3.4802673E7
2789 0
2790 0
2791 0
2792 0
2793 0
2794 0
2795 0
2796 0
2797 4.4137227E7
2798 0
2799 0
2800 4.26041495E7
2801 0
2802 0
2803 0
2804 0
2805 0
2806 5488.0
2807 9758.0
2808 1912.0
2809 1032.0
2810 0
2811 2803.0
2812 0
2813 0
2814 0
2815 0
2816 0
2817 0
2818 0
2819 5644.0
2820 0
2821 7.0552042E7
2822 2425.0
2823 0
2824 0
2825 2.7531814E7
2826 1.19300249E8
2827 2.76104877E8
2828 5.8599749E7
2829 0
2830 0
2831 2656.0
2832 5547.0
2833 0
2834 0
2835 0
2836 0
2837 0
2838 0
2839 1.9782226E7
2840 0
2841 0
2842 0
2843 0
2844 0
2845 0
2846 0
2847 0
2848 0
2849 0
2850 0
2851 2130.0
2852 0
2853 0
2854 0
2855 7545033.666666667
2856 1539.0
2857 0
2858 0
2859 5833.0
2860 0
2861 0
2862 0
2863 0
2864 3370.0
2865 4.7042822E7
2866 6036.0
2867 0
2868 5.6399522E7
2869 0
2870 9521.0
2871 1049.0
2872 0
2873 0
2874 5300990.0
2875 0
2876 2493.0
2877 0
2878 6.3492787E7
2879 5651.0
2880 0
2881 0
2882 1779.0
2883 4600.0
2884 0
2885 6675619.5
2886 0
2887 0
2888 0
2889 1081.0
2890 0
2891 2965.0
2892 0
2893 0
2894 0
2895 0
2896 0
2897 0
2898 6.7445681E7
2899 0
2900 1.8045002E7
2901 0
2902 3294541.0
2903 0
2904 0
2905 5.7490051E7
2906 0
2907 0
2908 0
2909 4001.0
2910 3.56357562E8
2911 2.5563779333333332E7
2912 0
2913 1.0815056E8
2914 0
2915 0
2916 0
2917 1152.0
2918 4593.0
2919 1096.0
2920 4087579.0
2921 0
2922 4728.0
2923 2.002081435E8
2924 36260.0
2925 0
2926 0
2927 5788.0
2928 0
2929 0
2930 0
2931 0
2932 0
2933 8480317.0
2934 2324.0
2935 2697.0
2936 0
2937 6812113.666666667
2938 0
2939 6.5892322E7
2940 4339.0
2941 2931.0
2942 0
2943 0
2944 5887.0
2945 0
2946 5774.0
2947 1.30515245E8
2948 0
2949 0
2950 0
2951 3598.5
2952 6661.0
2953 0
2954 0
2955 0
2956 0
2957 0
2958 0
2959 4.4593127E7
2960 0
2961 0
2962 0
2963 5.98691E7
2964 0
2965 1088.0
2966 0
2967 0
2968 0
2969 0
2970 0
2971 0
2972 0
2973 0
2974 1.386974E7
2975 0
2976 2.9728406E7
2977 0
2978 0
2979 4.3740002E7
2980 0
2981 629782.0
2982 5719.0
2983 0
2984 3101.0
2985 1.065422525E8
2986 0
2987 0
2988 0
2989 0
2990 3.44606402E8
2991 5828.0
2992 0
2993 0
2994 5212.0
2995 0
2996 10628.0
2997 0
2998 0
2999 2.46355965E7
3000 5.6735152E7
3001 6611.0
3002 1.29608878E8
3003 0
3004 0
3005 0
3006 0
3007 0
3008 0
3009 0
3010 0
3011 0
3012 0
3013 2.24490193E8
3014 2.90251133E8
3015 5132125.0
3016 0
3017 0
3018 2276.0
3019 0
3020 2.21311317E8
3021 0
3022 5235.0
3023 0
3024 0
3025 0
3026 0
3027 0
3028 6376.0
3029 1.90449603E8
3030 2.9368878E8
3031 0
3032 0
3033 0
3034 0
3035 0
3036 3.0378434E7
3037 9.8169067E7
3038 6562.0
3039 0
3040 0
3041 6014.5
3042 0
3043 0
3044 0
3045 1.60335369E8
3046 3552.0
3047 3907.0
3048 0
3049 0
3050 0
3051 5913.0
3052 0
3053 0
3054 5660.0
3055 0
3056 4.8457963E7
3057 0
3058 0
3059 0
3060 19779.0
3061 0
3062 0
3063 0
3064 0
3065 0
3066 0
3067 1.96114998E8
3068 3210.0
3069 6646.0
3070 0
3071 6395.0
3072 0
3073 0
3074 0
3075 0
3076 5991.0
3077 0
3078 0
3079 0
3080 2145.0
3081 0
3082 0
3083 0
3084 0
3085 0
3086 0
3087 0
3088 0
3089 4.2236208E7
3090 4433.5
3091 0
3092 5721.0
3093 0
3094 0
3095 0
3096 0
3097 6316.0
3098 1788.0
3099 6014.0
3100 0
3101 7183.0
3102 0
3103 0
3104 5829.0
3105 23602.0
3106 0
3107 0
3108 0
3109 0
3110 6029.0
3111 0
3112 0
3113 5.454453E7
3114 0
3115 6059.0
3116 6285.0
3117 0
3118 0
3119 0
3120 0
3121 0
3122 7394.5
3123 0
3124 0
3125 0
3126 7303.0
3127 0
3128 0
3129 7130.0
3130 6220.0
3131 0
3132 0
3133 0
3134 5.1846255E7
3135 7777.0
3136 0
3137 0
3138 0
3139 6329.0
3140 0
3141 4.29220267E8
3142 1.82700561E8
3143 2.6312846E7
3144 0
3145 0
3146 0
3147 0
3148 0
3149 0
3150 4.5216966333333336E7
3151 0
3152 0
3153 0
3154 6411.0
3155 0
3156 1.99996011E8
3157 6819.5
3158 0
3159 0
3160 0
3161 1.21013704E8
3162 0
3163 8450692.0
3164 0
3165 0
3166 2377.0
3167 4.2484676E7
3168 2.4373182666666668E7
3169 0
3170 2769.0
3171 2086.0
3172 0
3173 1.7514294E7
3174 0
3175 0
3176 0
3177 0
3178 0
3179 2984.0
3180 2481.0
3181 0
3182 0
3183 0
3184 0
3185 0
3186 1131.0
3187 0
3188 0
3189 2.420076E7
3190 1357.0
3191 4077.0
3192 7257.0
3193 0
3194 10646.0
3195 6464.0
3196 5787.0
3197 0
3198 0
3199 62084.0
3200 9348.0
3201 6427.0
3202 4.7260871E7
3203 3.81716076E8
3204 1.08052334E8
3205 0
3206 3.7849629E7
3207 2949.0
3208 0
3209 0
3210 0
3211 0
3212 0
3213 0
3214 4177.0
3215 4021.0
3216 0
3217 8318031.0
3218 0
3219 8.6413502E7
3220 0
3221 0
3222 0
3223 6.8615497E7
3224 0
3225 1.2061327E8
3226 0
3227 0
3228 0
3229 0
3230 0
3231 0
3232 0
3233 0
3234 6876188.5
3235 0
3236 0
3237 1286.0
3238 0
3239 0
3240 0
3241 8.191669366666667E7
3242 1.19109635E8
3243 0
3244 0
3245 0
3246 1.77202532E8
3247 0
3248 0
3249 0
3250 0
3251 0
3252 0
3253 3909.0
3254 6400.0
3255 5856.0
3256 0
3257 0
3258 1.06747744E8
3259 6486.0
3260 0
3261 0
3262 9.3676877E7
3263 6266.0
3264 0
3265 0
3266 0
3267 52048.0
3268 3867.0
3269 0
3270 6165.0
3271 4835.0
3272 0
3273 0
3274 7336.0
3275 0
3276 0
3277 0
3278 0
3279 0
3280 7083.0
3281 6112.0
3282 0
3283 0
3284 0
3285 0
3286 0
3287 0
3288 0
3289 0
3290 0
3291 3.68758563E8
3292 0
3293 5515.0
3294 0
3295 0
3296 0
3297 20089.0
3298 6.63757391E8
3299 0
3300 7890.0
3301 0
3302 0
3303 0
3304 0
3305 0
3306 0
3307 3039.0
3308 0
3309 8551.0
3310 0
3311 0
3312 0
3313 0
3314 7191.0
3315 0
3316 2.2718885E7
3317 0
3318 0
3319 0
3320 0
3321 0
3322 0
3323 0
3324 2310.0
3325 5257.0
3326 1644.0
3327 0
3328 0
3329 1782.0
3330 0
3331 0
3332 0
3333 2.08011353E8
3334 0
3335 4.8610323E7
3336 0
3337 2.8405564E7
3338 0
3339 1279.0
3340 0
3341 0
3342 0
3343 6490.0
3344 0
3345 0
3346 2113.0
3347 0
3348 4.55755568E8
3349 0
3350 0
3351 5.56959683E8
3352 0
3353 3.3060179E7
3354 4.68540875E7
3355 7028.0
3356 0
3357 0
3358 0
3359 3.6324855E7
3360 6796.5
3361 0
3362 2936.0
3363 0
3364 1.5262992966666666E8
3365 0
3366 0
3367 4.8898616E7
3368 6.0562162E7
3369 5.9933334E7
3370 0
3371 0
3372 6847.0
3373 0
3374 0
3375 1.29859358E8
3376 0
3377 0
3378 0
3379 0
3380 4.1310734E7
3381 5.2157097E7
3382 1432.0
3383 1308.0
3384 4347.5
3385 9878438.0
3386 0
3387 0
3388 5788.5
3389 0
3390 2000.0
3391 0
3392 0
3393 6736.0
3394 0
3395 3681.0
3396 0
3397 0
3398 6493.0
3399 10750.0
3400 0
3401 3149.0
3402 0
3403 6945.0
3404 88797.0
3405 0
3406 0
3407 4980.0
3408 7155.5
3409 0
3410 0
3411 3.56102558E8
3412 0
3413 0
3414 6097.0
3415 0
3416 8057.0
3417 0
3418 9.7310271E7
3419 0
3420 6.3569379E7
3421 0
3422 0
3423 0
3424 0
3425 0
3426 0
3427 690904.5
3428 6561.0
3429 6295.0
3430 6745.0
3431 6.50419719E8
3432 0
3433 6450.0
3434 0
3435 0
3436 3495.0
3437 4971.0
3438 0
3439 6683.0
3440 3756.0
3441 9.109942E7
3442 0
3443 0
3444 0
3445 0
3446 0
3447 2448.0
3448 0
3449 0
3450 0
3451 6.9310547E7
3452 0
3453 0
3454 0
3455 0
3456 0
3457 0
3458 4.87861735E7
3459 0
3460 0
3461 9.9347331E7
3462 6495.0
3463 0
3464 0
3465 0
3466 0
3467 0
3468 5463.0
3469 0
3470 0
3471 0
3472 0
3473 0
3474 1.03873982E8
3475 0
3476 0
3477 0
3478 0
3479 0
3480 6787.0
3481 0
3482 3043277.0
3483 2812.0
3484 0
3485 0
3486 1417.0
3487 0
3488 6434.0
3489 9.3191209E7
3490 0
3491 6880.0
3492 2.06241629E8
3493 0
3494 0
3495 2.13326898E8
3496 7.5397971E7
3497 6267.0
3498 1.85972129E8
3499 0
3500 0
3501 0
3502 5481.0
3503 0
3504 0
3505 0
3506 1.2348876E7
3507 1.22339722E8
3508 0
3509 2.0821024466666666E8
3510 6991.0
3511 0
3512 9.510733E7
3513 0
3514 0
3515 0
3516 0
3517 7104.0
3518 0
3519 1.06232949E8
3520 0
3521 9.0866891E7
3522 0
3523 4770.0
3524 0
3525 0
3526 0
3527 5.7987861E7
3528 0
3529 1325.0
3530 0
3531 0
3532 2.132843915E8
3533 2.70266935E7
3534 0
3535 6290.0
3536 0
3537 8.3378404E7
3538 2683.0
3539 0
3540 1.12293275E8
3541 7.1485128E7
3542 0
3543 2173.0
3544 7019.0
3545 0
3546 0
3547 0
3548 0
3549 1816.0
3550 0
3551 0
3552 2.1597946E7
3553 0
3554 0
3555 0
3556 0
3557 0
3558 1.5132005E7
3559 7512327.0
3560 0
3561 0
3562 0
3563 0
3564 5111.5
3565 0
3566 0
3567 0
3568 0
3569 0
3570 2387.0
3571 0
3572 0
3573 1.1922754E7
3574 1.7834213E7
3575 0
3576 1565.0
3577 2949.0
3578 3983.0
3579 6.7257017E7
3580 0
3581 0
3582 8422.0
3583 0
3584 0
3585 0
3586 0
3587 6513.0
3588 3.46552861E8
3589 0
3590 5.8692059E7
3591 0
3592 0
3593 0
3594 0
3595 1.0991823E8
3596 0
3597 0
3598 4153.75
3599 0
3600 0
3601 0
3602 6149.0
3603 5.37621245E7
3604 0
3605 0
3606 0
3607 3314.0
3608 0
3609 2.7707339E7
3610 9.6764929E7
3611 3.96628124E8
3612 0
3613 0
3614 0
3615 6952.0
3616 0
3617 0
3618 0
3619 9.9858511E7
3620 0
3621 0
3622 0
3623 0
3624 6440.0
3625 0
3626 1435.0
3627 0
3628 3931.0
3629 0
3630 0
3631 2.02070142E8
3632 0
3633 7015.0
3634 4.685942E7
3635 0
3636 1.2948363E7
3637 4934.0
3638 0
3639 0
3640 2.0000564E7
3641 3.87719605E7
3642 4.3440501E7
3643 0
3644 0
3645 0
3646 0
3647 6726.5
3648 8.484982E7
3649 0
3650 0
3651 0
3652 0
3653 0
3654 0
3655 0
3656 1.5271277E7
3657 1.73458773E8
3658 7129.0
3659 0
3660 1.58328413E8
3661 0
3662 0
3663 0
3664 6987.0
3665 6645.0
3666 1.48016696E8
3667 0
3668 0
3669 0
3670 0
3671 0
3672 7667.0
3673 0
3674 0
3675 3336.0
3676 0
3677 6062.0
3678 0
3679 2621.0
3680 0
3681 0
3682 6764.0
3683 0
3684 0
3685 1.59066228E8
3686 0
3687 0
3688 0
3689 0
3690 0
3691 0
3692 0
3693 0
3694 0
3695 0
3696 7.9435447E7
3697 0
3698 2350.0
3699 0
3700 0
3701 0
3702 1.18573103E8
3703 7699.0
3704 0
3705 6562.0
3706 0
3707 0
3708 2.1630235333333334E8
3709 0
3710 1337.0
3711 0
3712 0
3713 62130.0
3714 0
3715 1.64038658E8
3716 2.42380642E8
3717 0
3718 4033.0
3719 1355.0
3720 0
3721 8.5390853E7
3722 0
3723 0
3724 0
3725 0
3726 0
3727 0
3728 0
3729 0
3730 0
3731 7268.0
3732 3.6478757E7
3733 3.2033341E7
3734 0
3735 0
3736 0
3737 0
3738 0
3739 2.39274155E8
3740 0
3741 0
3742 0
3743 0
3744 1620.0
3745 2.2781200166666666E8
3746 0
3747 1.34310869E8
3748 0
3749 0
3750 7.9286544E7
3751 0
3752 0
3753 3268.0
3754 1920.0
3755 1.17175668E8
3756 0
3757 0
3758 7541.0
3759 0
3760 0
3761 8884.0
3762 0
3763 0
3764 0
3765 0
3766 2440.0
3767 0
3768 0
3769 0
3770 7269.0
3771 12824.0
3772 4694.5
3773 0
3774 7334.0
3775 0
3776 0
3777 0
3778 8353.5
3779 0
3780 0
3781 0
3782 3.41998417E8
3783 0
3784 0
3785 8012.0
3786 0
3787 0
3788 3121.0
3789 0
3790 1.1692133E7
3791 0
3792 1.01560078E8
3793 0
3794 0
3795 0
3796 1.38433991E8
3797 4.50178735E8
3798 0
3799 0
3800 0
3801 0
3802 0
3803 0
3804 0
3805 0
3806 0
3807 2490.0
3808 0
3809 1.68984636E8
3810 0
3811 0
3812 0
3813 0
3814 0
3815 0
3816 4.6351244E7
3817 2.4401778E7
3818 0
3819 0
3820 5320.0
3821 1.24081604E8
3822 0
3823 2605.0
3824 1.2663288E7
3825 5034.0
3826 0
3827 0
3828 0
3829 0
3830 0
3831 0
3832 0
3833 0
3834 2483.0
3835 291406.0
3836 5265.0
3837 0
3838 2652926.0
3839 5509.0
3840 0
3841 8.8987347E7
3842 6.9497651E7
3843 0
3844 0
3845 1.07072785E8
3846 0
3847 0
3848 7625.0
3849 1.22116583E8
3850 0
3851 0
3852 0
3853 0
3854 0
3855 0
3856 0
3857 0
3858 2.51887465E8
3859 7665.0
3860 4964.5
3861 7718.0
3862 0
3863 0
3864 6.5185511E7
3865 9.9141394E7
3866 0
3867 0
3868 0
3869 0
3870 7712.0
3871 0
3872 6.90844985E7
3873 0
3874 3.32496428E8
3875 0
3876 4.311411643333333E8
3877 0
3878 9.3207929E7
3879 0
3880 0
3881 0
3882 0
3883 0
3884 0
3885 0
3886 0
3887 0
3888 2390.0
3889 2021.0
3890 1.67292661E8
3891 0
3892 7630.0
3893 0
3894 1373.0
3895 0
3896 0
3897 0
3898 0
3899 0
3900 0
3901 0
3902 8.0428701E7
3903 7160.0
3904 1.18809146E8
3905 1.8079348E7
3906 0
3907 0
3908 0
3909 0
3910 0
3911 7486.0
3912 0
3913 0
3914 0
3915 0
3916 1504.0
3917 0
3918 5.76217065E7
3919 0
3920 7156.0
3921 0
3922 0
3923 2008.0
3924 9.347583E7
3925 4979.0
3926 0
3927 0
3928 7629.0
3929 0
3930 7261.0
3931 12500.0
3932 9.2529526E7
3933 0
3934 0
3935 0
3936 2.49884008E8
3937 0
3938 0
3939 6.9549846E7
3940 7598.0
3941 7728.0
3942 0
3943 0
3944 0
3945 1.12036037E8
3946 7587.0
3947 7.9306693E7
3948 3.8231785E7
3949 0
3950 0
3951 3713.0
3952 0
3953 0
3954 0
3955 6176.0
3956 182846.0
3957 3.4628046E7
3958 0
3959 0
3960 0
3961 4.5702081E7
3962 0
3963 0
3964 7772.0
3965 0
3966 0
3967 0
3968 0
3969 1.977963765E8
3970 0
3971 2.6999578E7
3972 2.380960955E8
3973 1.47766858E8
3974 0
3975 0
3976 0
3977 0
3978 7321449.5
3979 7203.0
3980 5.584978E7
3981 0
3982 5.1187282E7
3983 0
3984 3294.0
3985 1780.0
3986 0
3987 8.8501779E7
3988 4.4840497E7
3989 6933.0
3990 161096.5
3991 0
3992 0
3993 20259.666666666668
3994 9237.0
3995 0
3996 0
3997 0
3998 0
3999 0
4000 7421.0
4001 0
4002 0
4003 0
4004 3231482.0
4005 0
4006 0
4007 0
4008 0
4009 0
4010 0
4011 1631.0
4012 0
4013 6588.5
4014 0
4015 0
4016 0
4017 0
4018 0
4019 0
4020 1.121188525E8
4021 0
4022 0
4023 0
4024 0
4025 7057.0
4026 0
4027 0
4028 0
4029 4475.333333333333
4030 0
4031 0
4032 0
4033 0
4034 0
4035 0
4036 0
4037 0
4038 0
4039 0
4040 3041.0
4041 1.31846016E8
4042 1536.0
4043 4.0384738E7
4044 9.7350962E7
4045 13094.0
4046 0
4047 1.25875931E8
4048 0
4049 5903.0
4050 2633.0
4051 8.9473756E7
4052 8246.0
4053 0
4054 2.4734377433333334E8
4055 0
4056 2342364.0
4057 7739.0
4058 0
4059 0
4060 0
4061 0
4062 0
4063 2.4879052E8
4064 1.31529832E8
4065 0
4066 0
4067 0
4068 0
4069 1.84489015E8
4070 1.63092331E8
4071 6.39855647E8
4072 0
4073 0
4074 7.6742652E7
4075 4.33783252E8
4076 0
4077 7088.0
4078 0
4079 1860.0
4080 5263.0
4081 0
4082 0
4083 776771.0
4084 0
4085 0
4086 0
4087 4022.0
4088 0
4089 0
4090 8621.0
4091 7.4597402E7
4092 0
4093 0
4094 6.5351907E7
4095 0
4096 0
4097 0
4098 7642.0
4099 0
4100 1432.0
4101 0
4102 5308.5
4103 0
4104 0
4105 8299.0
4106 5.9514115E7
4107 7596.0
4108 7532.0
4109 7547.0
4110 3979768.5
4111 0
4112 0
4113 1.77705607E8
4114 0
4115 7.0319851E7
4116 0
4117 7890.0
4118 0
4119 1.14805061E8
4120 7883.0
4121 2.120908E7
4122 1.54441391E8
4123 7819.5
4124 5723.0
4125 0
4126 0
4127 1.27762911E8
4128 9.6820307E7
4129 2.8455183E7
4130 5.3404449E8
4131 0
4132 3394.0
4133 2.66256456E8
4134 0
4135 0
4136 0
4137 9201.0
4138 8329.0
4139 0
4140 0
4141 0
4142 0
4143 5243.5
4144 0
4145 352843.0
4146 0
4147 1.01112791E8
4148 0
4149 0
4150 0
4151 7739.0
4152 0
4153 0
4154 0
4155 0
4156 1.53096272E8
4157 2597.0
4158 0
4159 0
4160 0
4161 5496.0
4162 0
4163 0
4164 2.28205759E8
4165 3864.0
4166 0
4167 0
4168 0
4169 0
4170 0
4171 0
4172 0
4173 7004.0
4174 0
4175 6.5726799E7
4176 9.0374531E7
4177 9265.0
4178 0
4179 7844.0
4180 5.30923581E8
4181 0
4182 2932.0
4183 0
4184 5.45152275E7
4185 16908.0
4186 5.09693519E8
4187 9.6233101E7
4188 0
4189 0
4190 2709356.0
4191 0
4192 0
4193 0
4194 0
4195 0
4196 2.14216468E8
4197 0
4198 0
4199 0
4200 0
4201 0
4202 0
4203 0
4204 0
4205 0
4206 0
4207 0
4208 0
4209 2306.0
4210 4.7577421E7
4211 0
4212 0
4213 8193.0
4214 0
4215 8.3718098E7
4216 7870.0
4217 0
4218 6.67853235E7
4219 1.02308344E8
4220 0
4221 0
4222 2501.0
4223 0
4224 8499.0
4225 0
4226 0
4227 0
4228 0
4229 0
4230 0
4231 0
4232 0
4233 0
4234 1.22591833E8
4235 4.0514613E7
4236 0
4237 0
4238 0
4239 5093.5
4240 0
4241 0
4242 7570.0
4243 0
4244 1.507239E7
4245 0
4246 0
4247 0
4248 0
4249 0
4250 0
4251 0
4252 8370.0
4253 0
4254 5.01984905E7
4255 9107.0
4256 0
4257 0
4258 0
4259 0
4260 1.19788154E8
4261 0
4262 0
4263 5.284827E7
4264 0
4265 0
4266 0
4267 0
4268 2648.0
4269 0
4270 3485.0
4271 6269.5
4272 0
4273 0
4274 0
4275 9.6008948E7
4276 0
4277 1905.0
4278 0
4279 0
4280 0
4281 10093.0
4282 0
4283 3.35230195E7
4284 0
4285 3.08339625E8
4286 0
4287 0
4288 0
4289 0
4290 0
4291 3.05527795E8
4292 0
4293 0
4294 0
4295 87272.0
4296 1.13114289E8
4297 7583.0
4298 0
4299 0
4300 0
4301 3.4619665E8
4302 2.7475943E7
4303 0
4304 0
4305 0
4306 5212.5
4307 1.940531345E8
4308 0
4309 0
4310 0
4311 0
4312 0
4313 0
4314 0
4315 2878.0
4316 0
4317 8010.0
4318 8606.0
4319 8.2684738E8
4320 0
4321 0
4322 0
4323 0
4324 3.71010031E8
4325 0
4326 8259.0
4327 6233.5
4328 8166.0
4329 0
4330 0
4331 1446.0
4332 0
4333 2452.0
4334 2418.0
4335 3.8373377666666664E7
4336 0
4337 0
4338 1.4073704E8
4339 0
4340 0
4341 1.51554774E8
4342 0
4343 0
4344 1.027562255E8
4345 1.9087865E7
4346 0
4347 0
4348 0
4349 0
4350 0
4351 0
4352 0
4353 8419.0
4354 0
4355 0
4356 0
4357 0
4358 0
4359 2.02563384E8
4360 1.35910527E8
4361 1.81612841E8
4362 7287.0
4363 1561.0
4364 794947.0
4365 8405.0
4366 7438.0
4367 3.47865035E8
4368 0
4369 3.42481374E8
4370 0
4371 0
4372 0
4373 0
4374 2997.5
4375 0
4376 0
4377 0
4378 0
4379 0
4380 0
4381 0
4382 0
4383 3705.0
4384 0
4385 0
4386 7852.0
4387 1934219.0
4388 0
4389 8.0042765E7
4390 0
4391 8548.0
4392 0
4393 4565.0
4394 0
4395 4454.0
4396 0
4397 0
4398 0
4399 0
4400 0
4401 6284.0
4402 0
4403 0
4404 3234.0
4405 1954.0
4406 1.050331845E8
4407 0
4408 0
4409 0
4410 0
4411 0
4412 0
4413 0
4414 0
4415 0
4416 11099.0
4417 5.5197892E7
4418 2399.0
4419 0
4420 6333.0
4421 8.41361986E8
4422 0
4423 1.182125175E8
4424 0
4425 7553.0
4426 0
4427 0
4428 0
4429 0
4430 0
4431 0
4432 5.8950192E7
4433 0
4434 1531.0
4435 0
4436 4.3504099E7
4437 0
4438 0
4439 0
4440 0
4441 2.023709425E8
4442 0
4443 0
4444 0
4445 0
4446 6.12596515E7
4447 5960.0
4448 0
4449 0
4450 0
4451 0
4452 0
4453 6047212.0
4454 0
4455 0
4456 0
4457 9.1015753E7
4458 0
4459 1.2941098E8
4460 1.27725798E8
4461 8.73149615E7
4462 12442.0
4463 0
4464 5378.0
4465 0
4466 2.31386302E8
4467 15104.0
4468 0
4469 0
4470 1.3368443E8
4471 6.6286787E7
4472 0
4473 0
4474 0
4475 0
4476 0
4477 8811.0
4478 2645.0
4479 1.15876923E8
4480 2488.5
4481 0
4482 0
4483 7.5972154E7
4484 0
4485 0
4486 0
4487 0
4488 0
4489 0
4490 0
4491 1.14380338E8
4492 0
4493 0
4494 1.75693783E8
4495 0
4496 0
4497 1.7966267E8
4498 0
4499 0
4500 0
4501 0
4502 0
4503 0
4504 0
4505 8179.0
4506 1.22906435E8
4507 6602.5
4508 0
4509 0
4510 0
4511 0
4512 0
4513 0
4514 0
4515 0
4516 6861.0
4517 9175.0
4518 0
4519 0
4520 0
4521 5349.0
4522 0
4523 0
4524 0
4525 0
4526 0
4527 0
4528 0
4529 0
4530 10564.0
4531 5.62814049E8
4532 9123.0
4533 0
4534 8652.0
4535 2041.0
4536 0
4537 0
4538 0
4539 0
4540 0
4541 9.2969863E7
4542 0
4543 2217.0
4544 1.9702843E7
4545 27702.0
4546 0
4547 0
4548 0
4549 0
4550 0
4551 3159.0
4552 0
4553 0
4554 0
4555 5.21610136E8
4556 5.465034E7
4557 5916.0
4558 1.66973155E7
4559 0
4560 117387.0
4561 0
4562 0
4563 0
4564 0
4565 0
4566 0
4567 0
4568 8685.0
4569 0
4570 6224.0
4571 0
4572 0
4573 1.06705109E8
4574 0
4575 8.7136659E7
4576 0
4577 0
4578 0
4579 0
4580 0
4581 8687.0
4582 0
4583 0
4584 8559.0
4585 0
4586 0
4587 1.7466592E7
4588 0
4589 35765.0
4590 0
4591 0
4592 3.0031292E7
4593 0
4594 0
4595 0
4596 0
4597 12343.0
4598 0
4599 0
4600 0
4601 1.52768179E8
4602 2.15681868E8
4603 0
4604 0
4605 0
4606 5.037544725E8
4607 0
4608 0
4609 0
4610 0
4611 0
4612 0
4613 0
4614 8490.0
4615 8.4264528E7
4616 8251.0
4617 1.461971E8
4618 9017.0
4619 2.701423945E8
4620 0
4621 2753.0
4622 3019.0
4623 8.860348066666667E7
4624 0
4625 0
4626 0
4627 0
4628 1.7613765666666668E7
4629 8.42593565E7
4630 0
4631 0
4632 8.6562282E7
4633 0
4634 0
4635 13135.0
4636 0
4637 0
4638 8535.0
4639 0
4640 0
4641 0
4642 2.88849565E7
4643 6864.0
4644 0
4645 8881.0
4646 4635.0
4647 0
4648 0
4649 9.1204945E7
4650 0
4651 0
4652 5368.0
4653 9071.0
4654 7.9933783E7
4655 0
4656 7982.0
4657 2.2468893E8
4658 2938.0
4659 2923.0
4660 0
4661 8923.0
4662 0
4663 3132.0
4664 7.9478979E7
4665 0
4666 0
4667 0
4668 0
4669 5.7475526E7
4670 0
4671 0
4672 1.05939074E8
4673 0
4674 0
4675 1.84570727E8
4676 0
4677 1.3962798333333334E7
4678 0
4679 0
4680 3555.0
4681 9276.0
4682 0
4683 0
4684 3923.0
4685 0
4686 8614.0
4687 0
4688 5235.0
4689 0
4690 0
4691 0
4692 0
4693 0
4694 0
4695 12723.0
4696 0
4697 8245.0
4698 2.022852525E8
4699 3937.0
4700 0
4701 10366.0
4702 1.11139882E8
4703 30038.0
4704 2617.0
4705 0
4706 2.61434143E8
4707 0
4708 2310.0
4709 2655.0
4710 0
4711 9149.0
4712 0
4713 0
4714 0
4715 7.57501745E7
4716 3.93993363E8
4717 0
4718 0
4719 3447.0
4720 0
4721 9191849.0
4722 8729.0
4723 8711.0
4724 2693.0
4725 0
4726 0
4727 3.9053703333333336E7
4728 0
4729 5.94215164E8
4730 0
4731 8521.0
4732 8795.0
4733 16779.0
4734 0
4735 0
4736 0
4737 0
4738 0
4739 5560.5
4740 0
4741 0
4742 2122.0
4743 0
4744 0
4745 0
4746 0
4747 0
4748 3425.0
4749 0
4750 0
4751 2107.0
4752 0
4753 0
4754 1.58321562E8
4755 0
4756 0
4757 0
4758 0
4759 0
4760 0
4761 1.750057E8
4762 0
4763 0
4764 0
4765 0
4766 0
4767 8608.0
4768 0
4769 0
4770 0
4771 8.19096458E8
4772 9.8775687E7
4773 0
4774 8.006421E7
4775 0
4776 0
4777 0
4778 5279.0
4779 0
4780 8.813425033333333E7
4781 0
4782 0
4783 2.143770255E8
4784 5.7739424E7
4785 0
4786 8333.0
4787 1.36559481E8
4788 8.4062764E7
4789 0
4790 0
4791 10998.0
4792 0
4793 7.0536808E7
4794 2.0653484E7
4795 4225.0
4796 0
4797 3531.5
4798 0
4799 7.843956866666667E7
4800 0
4801 520666.0
4802 1.26678193E8
4803 3095.0
4804 9129.5
4805 6.7127592E7
4806 0
4807 0
4808 0
4809 0
4810 8717.0
4811 0
4812 6.8972094E7
4813 0
4814 0
4815 0
4816 0
4817 0
4818 2.96223458E8
4819 4182.0
4820 0
4821 0
4822 0
4823 0
4824 2446.0
4825 0
4826 0
4827 0
4828 0
4829 0
4830 0
4831 8666.0
4832 3340.0
4833 0
4834 0
4835 0
4836 2104.0
4837 0
4838 0
4839 8446.0
4840 0
4841 0
4842 0
4843 3813.0
4844 0
4845 0
4846 0
4847 0
4848 0
4849 0
4850 0
4851 1.51901565E8
4852 0
4853 6312.0
4854 0
4855 0
4856 0
4857 9267.0
4858 3281.0
4859 8386.0
4860 1.222300145E8
4861 0
4862 3250.0
4863 0
4864 0
4865 0
4866 4.1015387E7
4867 9033.0
4868 0
4869 0
4870 9213.0
4871 0
4872 0
4873 6244.5
4874 0
4875 3022.5
4876 0
4877 0
4878 0
4879 0
4880 0
4881 4357.0
4882 3.32335686E8
4883 0
4884 1.65401841E8
4885 7181.0
4886 0
4887 0
4888 0
4889 2.979823915E8
4890 4555.0
4891 0
4892 2734.0
4893 2.69396026E8
4894 0
4895 1805.0
4896 2.60543438E8
4897 4455.0
4898 0
4899 4.05389002E8
4900 0
4901 2966.0
4902 0
4903 0
4904 0
4905 0
4906 0
4907 0
4908 0
4909 0
4910 11355.0
4911 0
4912 7077746.0
4913 8.1343081E7
4914 4228.0
4915 1.7073262E8
4916 9583.0
4917 0
4918 9385.0
4919 0
4920 10098.0
4921 0
4922 0
4923 1.34934158E8
4924 3.4352384E8
4925 0
4926 0
4927 0
4928 0
4929 6795.0
4930 6.186645E7
4931 0
4932 0
4933 0
4934 0
4935 0
4936 0
4937 0
4938 6815.0
4939 0
4940 0
4941 0
4942 0
4943 5923.0
4944 0
4945 0
4946 2469.0
4947 6.40601302E8
4948 0
4949 0
4950 0
4951 9463.0
4952 57617.0
4953 0
4954 0
4955 0
4956 1.48956532E8
4957 0
4958 10588.0
4959 0
4960 0
4961 0
4962 0
4963 0
4964 0
4965 3.1550323E8
4966 0
4967 5490.0
4968 0
4969 0
4970 0
4971 9.6432759E7
4972 0
4973 0
4974 6325.0
4975 0
4976 0
4977 6.8702274E7
4978 0
4979 0
4980 8834.0
4981 1.40121285E8
4982 3.25851088E8
4983 0
4984 3015.0
4985 8.08323651E8
4986 0
4987 3.40940761E8
4988 2.50589074E8
4989 6.08381412E8
4990 4001.0
4991 7.21552E7
4992 0
4993 0
4994 0
4995 4417.0
4996 3.343021955E8
4997 0
4998 0
4999 0
