1 291.0
2 870.1666666666666
3 458.25
4 313.14285714285717
5 136.0
6 355.2
7 718.0
8 490.6
9 1139345.6666666667
10 1181.6
11 501.6666666666667
12 749.3333333333334
13 391861.25
14 683.5
15 276.0
16 315.5
17 272.0
18 1029.6
19 589.75
20 509.2
21 691.0
22 1654614.2
23 264.0
24 1301.5
25 202377.5
26 700.25
27 497.6666666666667
28 376.0
29 1140.3333333333333
30 488.0
31 849235.6
32 1511598.0
33 377.0
34 1082.75
35 1104.0
36 1362018.0
37 3424295.5
38 2354477.8333333335
39 511.0
40 467810.2
41 2775585.0
42 4817203.428571428
43 301.0
44 328789.8
45 2563.5
46 907.8571428571429
47 437.8
48 651.5
49 508.6
50 508.6666666666667
51 4325738.888888889
52 261.25
53 1376.0
54 702.0
55 1225.3333333333333
56 1026.6666666666667
57 464.3333333333333
58 1132836.75
59 574.75
60 730230.0
61 993.5
62 2228842.75
63 1993570.6
64 520.6666666666666
65 1324071.0
66 1014.3333333333334
67 5794446.75
68 2035.0
69 213.0
70 3.034599E7
71 635.0
72 769.6666666666666
73 686.3333333333334
74 1064.8
75 565.0
76 1.03195465E7
77 2892.0
78 1697.0
79 823.0
80 2203.6666666666665
81 1209.142857142857
82 1.0402758333333334E7
83 963.8571428571429
84 4620879.2
85 2128917.285714286
86 1690.0
87 0
88 965.8
89 1396028.0
90 2795987.8
91 829.3333333333334
92 3259.5
93 854.75
94 1761532.0
95 124.0
96 3040718.3333333335
97 568.75
98 3919061.285714286
99 1.42195915E7
100 1528.142857142857
101 3563049.0
102 195.5
103 1.0718951E7
104 3189.5
105 960.5714285714286
106 1642640.0
107 9988184.333333334
108 6195173.0
109 1.18781418E7
110 563273.5
111 2697.8
112 814.0
113 689.5
114 834075.5
115 1037.0
116 1154.4
117 1454972.2
118 656.3333333333334
119 3990662.0
120 613.4
121 4259.666666666667
122 921652.0
123 574.6666666666666
124 4378527.8
125 17912.25
126 5637384.0
127 1032.25
128 5507652.166666667
129 6275371.5
130 1407924.5714285714
131 5915105.5
132 5589251.6
133 164287.2857142857
134 954.0
135 1625231.75
136 936.0
137 907.2
138 1.08882462E7
139 5179966.0
140 656.2
141 1534.5
142 9596586.0
143 1345.0
144 0
145 842.75
146 289.0
147 1077.4444444444443
148 873.0
149 883.3333333333334
150 2414873.714285714
151 1057.2857142857142
152 1.03010765E7
153 1.1500069E7
154 1028.6666666666667
155 1588941.2857142857
156 1.1624886E7
157 4507934.166666667
158 6228076.6
159 6659413.666666667
160 1.02859875E7
161 563.3333333333334
162 2322178.6666666665
163 666.3333333333334
164 4728814.75
165 8091624.8
166 1.65438656E7
167 938.6666666666666
168 875.5
169 2.83839795E7
170 1.0996371E7
171 1.0003177875E7
172 5719826.8
173 1947.4
174 1.2705235E7
175 4410.5
176 1.297676375E7
177 2751181.5
178 4542991.6
179 5890064.0
180 1.039611675E7
181 1.5002888666666666E7
182 5100355.75
183 8242162.4
184 6884337.0
185 2.2424148E7
186 1437825.857142857
187 8147650.833333333
188 2423.5
189 4294.5
190 1877.5
191 1018638.0
192 1.15430795E7
193 1785.75
194 2.23755735E7
195 3800824.0
196 7442565.0
197 775.8
198 6426347.142857143
199 2.0668068E7
200 685.5
201 1.723364657142857E7
202 1.925443825E7
203 1210.0
204 1.62770518E7
205 6592768.285714285
206 1181.0
207 4143631.75
208 4327655.777777778
209 2.2228126166666668E7
210 946.3333333333334
211 6914826.375
212 4684942.5
213 723.0
214 3674311.3333333335
215 485.0
216 3509021.5714285714
217 438.0
218 1717546.25
219 565.4
220 1.2986859E7
221 1.34966922E7
222 1123.3333333333333
223 2.199799325E7
224 7773060.5
225 2115012.625
226 935.6666666666666
227 447681.5
228 3861263.6
229 4967207.75
230 3847620.25
231 3635830.4
232 1.26620174E7
233 6195432.833333333
234 85876.77777777778
235 2375.75
236 1.2799316E7
237 1699725.6
238 758.2
239 4.1027405E7
240 46282.0
241 3.07582284E7
242 4510503.125
243 1867484.6
244 0
245 4.1190440625E7
246 594.3333333333334
247 6236547.25
248 779.0
249 5239417.2
250 9551904.0
251 6669065.333333333
252 2940.0
253 6813099.0
254 2.044765085714286E7
255 1.0419472333333334E7
256 1875511.0
257 674.0
258 9627025.4
259 4.2376666E7
260 2256655.0
261 1.29096575E7
262 1.9441879666666668E7
263 2.8229007E7
264 1889644.6666666667
265 1.2162424666666666E7
266 3.5089441E7
267 2501924.3333333335
268 6555549.285714285
269 895.0
270 2.02930935E7
271 0
272 2.0788670285714287E7
273 4017.3333333333335
274 3787.5
275 3.3527517555555556E7
276 1374204.0
277 3.591448625E7
278 1.3691140714285715E7
279 1.70257625E7
280 2.5185101E7
281 2.639833E7
282 5902311.0
283 2.5149398666666668E7
284 731.5
285 1.0908963E7
286 5713.0
287 3.821308625E7
288 1309815.0
289 1293.3333333333333
290 5187331.0
291 5.76907218E7
292 1.1658442E7
293 1175.3333333333333
294 1.8735427E7
295 1808.75
296 2.041368E7
297 5.602740055555555E7
298 6.79782975E7
299 4885823.4
300 6680937.5
301 5430785.0
302 1502105.6666666667
303 756.0
304 596.0
305 7338296.0
306 1070.3333333333333
307 2.43170208E7
308 1.39635045E7
309 1.99142925E7
310 8436170.0
311 1.406051975E7
312 2.5030978833333332E7
313 1.4974161142857144E7
314 6815150.25
315 1.728092985714286E7
316 4.2387006E7
317 52486.166666666664
318 1639133.3333333333
319 1159.5
320 6504476.75
321 1640.5
322 6107997.75
323 1209.0
324 3.0685669333333332E7
325 4.24026945E7
326 1.5690883666666666E7
327 445179.5
328 14450.0
329 1.7469205833333332E7
330 4080989.4
331 11549.0
332 1.034274855E8
333 7822075.0
334 1.0605894E7
335 1.070254E7
336 2.34400544E7
337 1.357369925E7
338 941.0
339 6713096.0
340 6304309.0
341 3367625.285714286
342 1.79255132E7
343 7184113.5
344 3948.0
345 5660379.666666667
346 1.9197406833333332E7
347 3201552.75
348 6.211290525E7
349 514.0
350 2.08918562E7
351 1.01990956E7
352 7017228.666666667
353 5438656.0
354 3545.0
355 1410.5
356 2031215.0
357 8986861.142857144
358 5368749.333333333
359 1.899482625E7
360 1.70261958E7
361 1.4415269666666666E7
362 3.13455038E7
363 1.3411498E7
364 8973076.666666666
365 1750264.4
366 5.99549305E7
367 3.8323714666666664E7
368 2.0291571E7
369 3.0035430833333332E7
370 2.3681570888888888E7
371 1324850.5
372 2.6998504833333332E7
373 3775.777777777778
374 8445094.714285715
375 5703774.142857143
376 5583635.0
377 2.28915938E7
378 5.026761275E7
379 1.3374851714285715E7
380 3.1464590666666668E7
381 2.4718952E7
382 9992710.125
383 993.0
384 2.726799057142857E7
385 8306561.75
386 3773.6666666666665
387 294788.6
388 618.0
389 1.869335525E7
390 2534.25
391 2.26614795E7
392 1.20403562E7
393 3.3197363333333332E7
394 2.3330973E7
395 1.85069774E7
396 1.285862225E7
397 2.664635675E7
398 1.416489225E7
399 5.9844216E7
400 6.303521572727273E7
401 497.0
402 4.75218034E7
403 4.3683961E7
404 1.1412474333333334E7
405 803530.75
406 1.82441134E7
407 3.40949106E7
408 1129.6666666666667
409 1.3590884666666666E7
410 1.30175348E7
411 2.64237494E7
412 3.2670397E7
413 1.10145688E7
414 3.390873075E7
415 3.1618335E7
416 5753749.0
417 1.745729E7
418 7.476050725E7
419 5429898.166666667
420 9.70263968E7
421 3.47860936E7
422 1.2578307666666666E7
423 2363553.75
424 7270669.555555556
425 3.3721971E7
426 1893839.0
427 6.15367186E7
428 3.78379462E7
429 5.060989175E7
430 2.25231205E7
431 3.3973107333333336E7
432 1459792.0
433 4259761.75
434 3214.3333333333335
435 1.10883815E8
436 3.423334675E7
437 1.8297104E7
438 8.30858775E7
439 863.0
440 373.0
441 7313264.8
442 711.5
443 3.5148931E7
444 1.5248867E8
445 3.86131635E7
446 8.0832861E7
447 1052.5
448 1413.5
449 8.48401076E7
450 7.73025088E7
451 1.3523897183333334E8
452 6287368.0
453 5.4933484333333336E7
454 1.1220939666666666E7
455 903.0
456 6903583.666666667
457 3.073583457142857E7
458 5.5224003333333336E7
459 1523813.8333333333
460 3.0311927333333332E7
461 337402.5
462 989.75
463 3542869.5
464 3135341.0
465 1.142335662E8
466 1.0597281E7
467 529736.3333333334
468 1935.0
469 231863.8
470 2.250603175E7
471 1.132664884E8
472 7.0354311E7
473 3.1420264666666668E7
474 1.10383868E7
475 3764057.0
476 5163443.5
477 1.542705455E8
478 5949263.0
479 2.14987255E7
480 1.22777187E8
481 1733125.0
482 940.0
483 1.1504367833333334E7
484 1946819.125
485 7.524057933333333E7
486 4.1652309E7
487 4.3366730333333336E7
488 2.11755015E7
489 1.73536483E8
490 3.5007962E7
491 1.2680389E7
492 385692.0
493 1.6327316E8
494 2379348.0
495 5.75409315E7
496 8.912775725E7
497 0
498 8.67098985E7
499 3.9289281333333336E7
