1 874.0425531914893
2 1007.2619047619048
3 720.7142857142857
4 1206.9761904761904
5 1212.5
6 19571.260869565216
7 61017.769230769234
8 94136.16666666667
9 24064.076923076922
10 1066.974358974359
11 33974.348837209305
12 52175.148148148146
13 907.2105263157895
14 118626.55
15 169602.30555555556
16 159026.7962962963
17 112338.15789473684
18 76663.28571428571
19 253649.28301886792
20 267738.6538461539
21 158901.86363636365
22 11562.265306122448
23 118702.42
24 99771.52272727272
25 135343.33333333334
26 183435.42
27 187887.16
28 117175.61643835617
29 100375.7435897436
30 125462.95
31 137653.55555555556
32 115459.29629629629
33 454386.44
34 233556.41666666666
35 585665.325
36 220552.51785714287
37 528578.8648648649
38 379692.3559322034
39 281299.6904761905
40 71848.74509803922
41 227980.72340425532
42 1252.2173913043478
43 25300.96875
44 296829.3829787234
45 74142.77142857143
46 241055.39583333334
47 426376.4259259259
48 217905.76470588235
49 68681.4
50 539845.18
51 279883.02127659577
52 247378.73913043478
53 517037.3333333333
54 442348.0
55 80244.10869565218
56 446447.4583333333
57 150107.3396226415
58 785669.725
59 299579.0181818182
60 470859.13636363635
61 448419.08
62 458562.9069767442
63 726821.5681818182
64 366203.89285714284
65 233783.16949152542
66 538976.1521739131
67 668135.9387755102
68 253745.431372549
69 594807.8666666667
70 656174.92
71 232483.39215686274
72 425520.6530612245
73 374758.0
74 672625.9387755102
75 581365.8035714285
76 493434.6875
77 1181079.8333333333
78 462042.7368421053
79 664305.9166666666
80 510076.9761904762
81 555201.2978723404
82 293785.9791666667
83 315696.6808510638
84 653918.3953488372
85 502761.0833333333
86 286312.9512195122
87 317465.2121212121
88 854545.8196721311
89 816657.5769230769
90 833001.8
91 684803.8113207547
92 638171.4255319149
93 511164.243902439
94 1055043.5111111111
95 426693.625
96 610218.4666666667
97 312299.44444444444
98 1006908.2
99 630680.1555555556
100 227989.58139534883
101 591211.641509434
102 485115.05
103 966317.64
104 183832.1739130435
105 624487.8775510204
106 1283675.125
107 1029490.0
108 1271918.488372093
109 807936.2
110 752700.0204081633
111 643801.6382978724
112 378455.5909090909
113 1186353.142857143
114 790872.3611111111
115 1325735.6829268292
116 1411358.4473684211
117 393160.97777777776
118 920796.2926829269
119 1072892.0416666667
120 723160.1388888889
121 684365.4489795918
122 777093.8846153846
123 980659.717948718
124 871178.7272727273
125 1272469.1666666667
126 1065490.0625
127 1361991.0
128 893817.0
129 1662400.0535714286
130 882665.1315789474
131 1373451.4523809524
132 1053808.5423728814
133 1420487.3636363635
134 1106017.9166666667
135 1250697.8936170214
136 998530.0681818182
137 812277.5116279069
138 1363077.2045454546
139 850784.5714285715
140 1125521.9583333333
141 1030739.2142857143
142 914064.4
143 1084746.9166666667
144 779676.976744186
145 1210467.5813953488
146 1420560.1836734693
147 1909288.7
148 1283030.914893617
149 1324237.125
150 1046564.283018868
151 1799265.425
152 1024025.9512195121
153 2463190.9811320757
154 925430.1632653062
155 1211503.081632653
156 960381.7619047619
157 1603820.8301886793
158 1181137.9649122807
159 1228309.2352941176
160 1119349.3
161 1058160.7727272727
162 1692365.3529411764
163 1925058.7924528301
164 1082761.7021276595
165 1329704.0740740742
166 1662866.2608695652
167 1499812.4814814816
168 1396001.9607843137
169 1006162.2
170 1053763.3043478262
171 1572033.325
172 855136.6744186047
173 1836964.435483871
174 1649440.6274509805
175 1548094.3018867925
176 1775633.2142857143
177 1505669.4897959183
178 2278941.1836734693
179 1433664.761904762
180 1909664.945945946
181 1543255.4347826086
182 1126679.9038461538
183 1672608.744680851
184 1027732.56
185 2393957.4423076925
186 2023984.3921568627
187 2726219.85
188 1939650.2352941176
189 2902423.723404255
190 1644532.1960784313
191 2608886.0888888887
192 1305750.6222222222
193 2579562.3859649124
194 2018791.6744186047
195 2113378.063829787
196 1988554.956521739
197 1713625.4375
198 2041053.9433962265
199 1621037.84375
200 1703157.693877551
201 1022959.6046511628
202 1512345.0
203 1863159.3043478262
204 1857742.5952380951
205 1345011.2641509434
206 1396768.4736842106
207 1036392.6842105263
208 2095401.1
209 2408376.529411765
210 1639732.3636363635
211 2303437.092592593
212 3381200.625
213 2399028.0
214 2922128.757575758
215 2017832.8717948718
216 1697182.6285714286
217 1384403.6956521738
218 2640057.8
219 1507311.4090909092
220 2940664.882352941
221 2228153.2045454546
222 1418380.347826087
223 2627586.612244898
224 3224721.4
225 3288072.6530612246
226 2030189.7115384615
227 4036688.2558139535
228 2764282.9375
229 1751430.25
230 2590647.2
231 2204510.777777778
232 2150288.0
233 2768482.234042553
234 2559068.0576923075
235 2449899.846153846
236 3684684.2363636363
237 4179354.8936170214
238 3946733.6
239 2206440.5
240 3059769.7333333334
241 1453764.8
242 3912839.782608696
243 2335887.1086956523
244 3583566.745098039
245 2554347.304347826
246 3199065.4523809524
247 3541331.9555555554
248 2945639.5102040814
249 3561238.592592593
250 2096112.756097561
251 2541727.933333333
252 4775105.2549019605
253 2798860.234042553
254 3003449.644444444
255 6590800.888888889
256 2602085.8666666667
257 2921383.5
258 3311388.0
259 2493397.132075472
260 2434034.875
261 3474494.906976744
262 4855017.872727273
263 3517477.210526316
264 2124681.565217391
265 4881833.510638298
266 1363193.25
267 5403682.04
268 1818156.0
269 2327622.1071428573
270 2940669.830188679
271 3093753.9791666665
272 5166741.0227272725
273 3062726.8333333335
274 2377700.375
275 3406729.320754717
276 4801713.1
277 4170077.98
278 3646655.1041666665
279 4406560.403846154
280 1892891.3111111112
281 2354749.205882353
282 3136941.3243243243
283 2646039.888888889
284 4176110.5
285 6128532.380952381
286 3398106.90625
287 4093538.2285714285
288 2693030.611111111
289 7198069.4186046515
290 2495770.28
291 2524473.102040816
292 5752256.320754717
293 3850446.714285714
294 3745595.6415094337
295 4718775.703703703
296 5777051.159090909
297 5086174.488372093
298 3972011.8421052634
299 5085958.47368421
300 2395447.1860465114
301 3841142.5208333335
302 3502457.0434782607
303 3065047.789473684
304 4464018.547169811
305 3974155.1276595746
306 2785023.8604651163
307 3800998.3695652173
308 6343664.375
309 4444902.041666667
310 2227928.263157895
311 7668407.269230769
312 5666029.795918368
313 3982338.0185185187
314 6547991.106382979
315 3682701.5384615385
316 6036811.275
317 3684672.5344827585
318 5686566.793103448
319 3972641.3636363638
320 4117763.8653846155
321 4903674.52
322 5852282.048780488
323 7259042.212765957
324 1945645.4680851065
325 3308794.0
326 6025448.520833333
327 5057888.404255319
328 3805029.3947368423
329 2712525.395348837
330 6183687.931034483
331 5369353.106382979
332 4684187.934782608
333 6576389.170212766
334 6917977.2
335 2364651.909090909
336 4915383.133333334
337 7339730.981818181
338 6341535.863636363
339 4096859.5306122447
340 5686553.837209302
341 5441778.387096774
342 4085736.697674419
343 8619116.525
344 5076303.594594595
345 7300293.25
346 6562319.46
347 5408122.94
348 4521229.959183673
349 5591176.040816327
350 4025118.480769231
351 8663112.19047619
352 3661544.705882353
353 8475769.553191489
354 8062849.6486486485
355 7719982.2727272725
356 5340685.173913044
357 4849021.117647059
358 5647810.959183673
359 6057201.555555556
360 6449426.682926829
361 5226318.531914894
362 3778163.896551724
363 4675357.774193549
364 6998126.166666667
365 5891729.150943397
366 4683316.431818182
367 5983366.851851852
368 7423200.0
369 4917698.901960785
370 2564900.6304347827
371 4672460.046511628
372 5140984.5
373 8084854.19047619
374 6723676.075471698
375 4441842.444444444
376 5741629.096153846
377 8048540.555555556
378 6208883.644444444
379 6552245.930232558
380 6587772.622222222
381 8928802.553191489
382 7205667.333333333
383 7012617.292682927
384 5090958.893617021
385 7869183.365384615
386 4022232.7045454546
387 1.1326036707317073E7
388 9715745.48076923
389 4690682.117647059
390 9041033.490566038
391 4752618.285714285
392 6844267.15625
393 8096391.630434782
394 6267451.096153846
395 1.0237208E7
396 1.049992308E7
397 5382191.0
398 9994092.169811321
399 8579208.111111112
400 5012425.027027027
401 7419793.0
402 7168478.150943397
403 7067925.673469388
404 6604826.021739131
405 6018487.311111111
406 7254402.0612244895
407 5315576.26984127
408 5323442.226415094
409 8003395.7049180325
410 3992107.117647059
411 8786742.394736841
412 1.394141396E7
413 1.09171375E7
414 1.041817998275862E7
415 9503505.767441861
416 5716450.744680851
417 5071520.693877551
418 7146976.166666667
419 6294280.193548387
420 1.3707773653846154E7
421 9928329.489361702
422 6392650.051282051
423 6608469.730769231
424 6187852.2105263155
425 1.0707127392156864E7
426 4394574.386363637
427 1.11056845E7
428 4000797.054054054
429 4960442.4375
430 1.6935609666666668E7
431 7673722.204081632
432 9619219.375
433 1.18751987E7
434 6161629.071428572
435 9782825.608695652
436 8854522.943396226
437 9004113.34883721
438 8508084.888888888
439 1.3583207227272727E7
440 8571817.6
441 1.064572081632653E7
442 1.2670087974358974E7
443 7466289.74
444 1.4665954714285715E7
445 4930238.274509804
446 7842330.916666667
447 9846789.541666666
448 6530197.153846154
449 1.0618450260869564E7
450 3086864.095238095
451 1.1385187814814815E7
452 7154956.863636363
453 1.507081042857143E7
454 9890307.829787234
455 7032277.0625
456 1.2209413307692308E7
457 1.1487491636363637E7
458 1.1500851551020408E7
459 9114983.256410256
460 7083110.2558139535
461 2.0139039829787236E7
462 7936127.020833333
463 1.0462810829787234E7
464 8175138.934782608
465 8148229.521739131
466 9716550.354166666
467 1.4486745714285715E7
468 1.116327492857143E7
469 9671887.75609756
470 1.1109549982142856E7
471 1.4738984711111112E7
472 1.3247837056603774E7
473 1.4454110205128206E7
474 1.1915380285714285E7
475 9806857.173913043
476 1.149747047368421E7
477 6159567.840909091
478 1.63133075E7
479 1.6971775536585364E7
480 9073014.52173913
481 1.244175649090909E7
482 9990128.777777778
483 1.3307348471698113E7
484 1.4407222696969697E7
485 8597789.039215686
486 1.2448677857142856E7
487 1.7450775363636363E7
488 9414494.508474575
489 1.5154292833333334E7
490 4539101.416666667
491 1.387264135135135E7
492 1.0073345378378378E7
493 1.2432149307692308E7
494 7490703.3125
495 1.5513207609375E7
496 1.5400515392857144E7
497 1.4240737632653061E7
498 1.9181000710526317E7
499 1.8972063807692308E7
