1 23350.0
2 0
3 11323.0
4 0
5 1482.0
6 0
7 7403.0
8 0
9 3985.0
10 7380.0
11 2899.0
12 0
13 0
14 1740.0
15 0
16 6072.0
17 1500.0
18 3679.0
19 0
20 0
21 0
22 0
23 12389.5
24 27187.0
25 0
26 0
27 0
28 3838.0
29 11156.0
30 2898.0
31 22993.0
32 0
33 0
34 22560.0
35 8623.5
36 0
37 0
38 19331.0
39 553.0
40 0
41 0
42 0
43 0
44 22853.0
45 4709.0
46 6653.0
47 0
48 0
49 24497.0
50 0
51 1.29849915E7
52 0
53 0
54 1462.0
55 0
56 28597.0
57 8680.0
58 9437.0
59 0
60 9882028.0
61 0
62 0
63 0
64 0
65 0
66 0
67 0
68 0
69 0
70 0
71 3141.0
72 0
73 0
74 0
75 901.0
76 0
77 0
78 0
79 0
80 0
81 8945.0
82 23661.0
83 0
84 0
85 0
86 0
87 1474.0
88 2796.0
89 0
90 0
91 0
92 518.0
93 0
94 1052.0
95 0
96 0
97 0
98 0
99 12635.0
100 0
101 0
102 0
103 0
104 0
105 18547.0
106 0
107 0
108 0
109 24881.0
110 0
111 0
112 0
113 0
114 0
115 0
116 1867.0
117 0
118 2164.5
119 12688.0
120 0
121 0
122 5857865.0
123 22698.0
124 903613.0
125 3460.0
126 0
127 10102.0
128 0
129 0
130 0
131 3844611.5
132 0
133 10400.5
134 0
135 0
136 0
137 21441.0
138 22395.0
139 13736.0
140 0
141 5437.0
142 24250.0
143 0
144 1562.0
145 558951.5
146 4282.0
147 2791.0
148 0
149 0
150 6285.0
151 1000.0
152 6114.0
153 11752.0
154 0
155 22511.0
156 554.0
157 23728.0
158 16666.0
159 0
160 0
161 0
162 0
163 0
164 645.0
165 0
166 0
167 0
168 0
169 0
170 0
171 0
172 4676.0
173 0
174 0
175 0
176 0
177 25809.0
178 0
179 11075.0
180 24104.0
181 6384.666666666667
182 0
183 23302.0
184 0
185 0
186 0
187 0
188 4701.0
189 10064.5
190 5865.0
191 0
192 0
193 0
194 0
195 0
196 24672.0
197 0
198 14185.0
199 0
200 0
201 0
202 5902.0
203 0
204 6222.0
205 2265.0
206 20899.0
207 0
208 0
209 0
210 0
211 24468.0
212 0
213 0
214 0
215 1297.0
216 0
217 0
218 0
219 415.0
220 1.370671E7
221 0
222 0
223 0
224 0
225 0
226 0
227 0
228 0
229 0
230 0
231 0
232 0
233 28633.0
234 0
235 0
236 0
237 0
238 0
239 1.6577967E7
240 0
241 25890.0
242 0
243 0
244 18377.0
245 0
246 0
247 20281.0
248 0
249 0
250 0
251 0
252 0
253 5982.0
254 0
255 1000.0
256 0
257 1.5364085E7
258 2700.5
259 7732007.0
260 0
261 3299.0
262 665566.0
263 0
264 0
265 0
266 4913.0
267 0
268 0
269 0
270 0
271 1287690.0
272 6600.0
273 0
274 0
275 29312.0
276 0
277 2.8817575E7
278 1374.0
279 0
280 0
281 0
282 0
283 0
284 17446.0
285 1464.0
286 27846.0
287 0
288 0
289 25165.0
290 0
291 1809.0
292 7070.0
293 6171.5
294 6352.5
295 0
296 1.9668446E7
297 0
298 1403.0
299 0
300 0
301 0
302 0
303 17610.0
304 3.003524E7
305 0
306 925.0
307 0
308 0
309 16693.0
310 49859.0
311 20919.0
312 0
313 0
314 1985.0
315 5102.0
316 0
317 0
318 0
319 0
320 0
321 0
322 0
323 0
324 4868.0
325 0
326 0
327 6639.0
328 5606.0
329 4590.0
330 17625.0
331 0
332 1641.0
333 1376.0
334 0
335 20153.0
336 1.26622255E7
337 5492.0
338 0
339 0
340 24301.0
341 0
342 0
343 21645.0
344 0
345 19777.0
346 0
347 18787.0
348 0
349 0
350 0
351 22231.0
352 0
353 0
354 0
355 0
356 0
357 23303.0
358 0
359 0
360 0
361 0
362 0
363 0
364 0
365 3078.0
366 0
367 0
368 0
369 22556.0
370 0
371 0
372 0
373 0
374 0
375 0
376 2333.0
377 1694.0
378 0
379 3.7819521E7
380 0
381 0
382 0
383 0
384 0
385 0
386 0
387 0
388 0
389 339616.0
390 4435.0
391 0
392 0
393 849.0
394 2659.0
395 23868.0
396 0
397 0
398 0
399 0
400 0
401 1.236925E7
402 30722.0
403 0
404 19036.0
405 0
406 0
407 4495963.0
408 105495.0
409 27807.0
410 5604.0
411 3466.0
412 31642.0
413 0
414 0
415 23228.0
416 3017.5
417 0
418 24281.0
419 7920.0
420 8997.0
421 0
422 0
423 1556.0
424 1.0019001E7
425 4371.0
426 14597.0
427 0
428 13790.0
429 0
430 3412.0
431 13504.0
432 0
433 3367.0
434 0
435 1398.0
436 0
437 758.0
438 0
439 12881.5
440 0
441 0
442 0
443 0
444 0
445 0
446 6530022.0
447 0
448 0
449 0
450 0
451 1434.0
452 0
453 0
454 0
455 3771.0
456 0
457 4.2678954E7
458 0
459 0
460 0
461 4209.0
462 0
463 0
464 0
465 0
466 1692.0
467 0
468 0
469 0
470 2372126.3333333335
471 14496.0
472 0
473 0
474 1.2141747E7
475 1935.0
476 4123.0
477 7480.0
478 0
479 0
480 0
481 0
482 6130.0
483 966.0
484 6335.0
485 0
486 6777.0
487 0
488 0
489 3577.0
490 0
491 0
492 4484.0
493 0
494 22794.0
495 0
496 0
497 0
498 2815.0
499 4140.0
500 0
501 0
502 0
503 24309.0
504 0
505 0
506 2803.0
507 7263468.5
508 0
509 0
510 8564.0
511 0
512 1459.0
513 0
514 0
515 0
516 3496948.0
517 0
518 22965.0
519 5952279.0
520 0
521 762.0
522 8906.666666666666
523 14223.0
524 0
525 0
526 12530.5
527 0
528 0
529 0
530 0
531 0
532 29316.0
533 3.2054921E7
534 1770.0
535 0
536 0
537 0
538 0
539 4622.0
540 0
541 1465.0
542 805.0
543 0
544 0
545 0
546 1.9364014E7
547 1.7499918E7
548 0
549 0
550 0
551 0
552 0
553 0
554 2625.0
555 22065.0
556 0
557 24785.0
558 9656.0
559 0
560 0
561 5994482.0
562 0
563 6731.0
564 0
565 0
566 0
567 0
568 7548.0
569 0
570 0
571 0
572 0
573 4525140.0
574 12713.0
575 4030.0
576 0
577 0
578 2290.0
579 0
580 0
581 0
582 1.9432433E7
583 4766.0
584 0
585 0
586 0
587 2637.0
588 0
589 0
590 1.1857849E7
591 0
592 21642.0
593 3866.0
594 0
595 0
596 0
597 0
598 0
599 8506031.0
600 3.3393878E7
601 9651.0
602 1187.0
603 5197.5
604 8806545.0
605 0
606 0
607 0
608 0
609 0
610 0
611 0
612 0
613 0
614 0
615 5327.0
616 7.1272847E7
617 0
618 6348.0
619 853.0
620 0
621 0
622 0
623 0
624 0
625 2054037.0
626 1200.0
627 8504.0
628 0
629 0
630 2139.0
631 0
632 10137.0
633 1.07848E7
634 0
635 6866.0
636 15338.5
637 0
638 0
639 0
640 3789.0
641 5882.0
642 8877.0
643 0
644 0
645 0
646 0
647 0
648 628.0
649 6.9863174E7
650 0
651 0
652 0
653 0
654 0
655 6563.0
656 9048.0
657 2393.0
658 0
659 0
660 0
661 0
662 23506.0
663 7552.0
664 23835.0
665 2738.0
666 0
667 0
668 0
669 835.0
670 4885.0
671 4.5829334E7
672 3659885.0
673 0
674 4350.0
675 0
676 6243426.0
677 15100.0
678 8612.666666666666
679 7228.0
680 0
681 0
682 4.0893411E7
683 0
684 0
685 0
686 0
687 4.2996287E7
688 0
689 0
690 0
691 0
692 0
693 0
694 0
695 0
696 0
697 12491.0
698 0
699 0
700 0
701 11616.0
702 2867125.0
703 0
704 3.5938956E7
705 0
706 0
707 0
708 24641.0
709 0
710 0
711 788.0
712 0
713 0
714 0
715 0
716 0
717 0
718 3646.0
719 0
720 23616.0
721 0
722 0
723 0
724 4408.0
725 2.2254323E7
726 0
727 0
728 4363.0
729 3339.0
730 0
731 0
732 0
733 0
734 0
735 0
736 0
737 0
738 0
739 6383935.0
740 0
741 0
742 7.2236097E7
743 0
744 0
745 0
746 1.9316297E7
747 0
748 0
749 0
750 7064.0
751 10447.0
752 10315.0
753 0
754 0
755 0
756 1.37022335E7
757 0
758 0
759 0
760 0
761 0
762 0
763 4908753.5
764 3.7368281E7
765 0
766 2.4739843E7
767 0
768 2544592.0
769 13371.5
770 0
771 0
772 8550.0
773 0
774 5.9825137E7
775 0
776 1917887.0
777 0
778 0
779 4750615.0
780 0
781 0
782 2.5590153E7
783 0
784 0
785 2.0831822E7
786 0
787 0
788 0
789 5501.0
790 0
791 1174.0
792 8567.0
793 3235.0
794 5752.0
795 1.2221381E7
796 3967.0
797 0
798 3.1577761E7
799 0
800 0
801 0
802 2942.0
803 0
804 8313.0
805 0
806 0
807 1586.0
808 19423.0
809 2012.0
810 1364.0
811 4.4173747E7
812 2465.0
813 0
814 0
815 3.0626237E7
816 0
817 0
818 0
819 0
820 2087.0
821 8250.0
822 0
823 3417.0
824 6355101.0
825 0
826 0
827 0
828 0
829 0
830 0
831 0
832 1.1567987E7
833 0
834 875.0
835 18388.0
836 0
837 0
838 0
839 0
840 3951.0
841 6043.5
842 23805.0
843 0
844 0
845 0
846 0
847 0
848 9829699.0
849 0
850 3.3978803333333336E7
851 2.1054563E7
852 23267.0
853 0
854 2618.0
855 1.2461125E7
856 4.2464759E7
857 0
858 6.7360362E7
859 1090.0
860 25201.0
861 0
862 5.2845283E7
863 12988.5
864 0
865 11264.0
866 0
867 0
868 16998.0
869 0
870 0
871 0
872 0
873 0
874 0
875 4428.0
876 0
877 0
878 0
879 3958.0
880 0
881 1.9628466E7
882 0
883 3.8611845E7
884 0
885 1623.0
886 0
887 0
888 0
889 0
890 11205.0
891 0
892 2.3537919333333332E7
893 0
894 0
895 0
896 4492.0
897 4130.0
898 0
899 0
900 0
901 0
902 21647.0
903 0
904 0
905 6179.0
906 1255.0
907 0
908 0
909 0
910 843.0
911 0
912 0
913 0
914 0
915 5428.0
916 1151.0
917 0
918 0
919 2913873.0
920 0
921 9.8861615E7
922 26051.0
923 0
924 0
925 0
926 0
927 1.37723663E8
928 0
929 1892.0
930 2388.0
931 19832.0
932 2269.0
933 28817.0
934 1050.0
935 1449.0
936 0
937 0
938 1.7907092E7
939 0
940 23088.0
941 5.1230124E7
942 0
943 14432.5
944 0
945 0
946 0
947 0
948 3143.0
949 0
950 4748.0
951 0
952 5226.0
953 1.59214255E7
954 1.4405889E7
955 0
956 0
957 3493.0
958 0
959 2233.0
960 0
961 0
962 0
963 0
964 0
965 0
966 3.9810582E7
967 0
968 0
969 0
970 0
971 0
972 2.72427068E7
973 0
974 0
975 11794.5
976 2693601.0
977 0
978 6956.0
979 0
980 0
981 0
982 0
983 0
984 7761.0
985 6922093.5
986 0
987 0
988 0
989 6279.666666666667
990 42389.0
991 28566.0
992 0
993 0
994 0
995 0
996 0
997 184496.0
998 0
999 0
1000 0
1001 0
1002 9208.0
1003 3033.5
1004 23614.0
1005 11018.0
1006 0
1007 0
1008 0
1009 0
1010 0
1011 6739.0
1012 6846.0
1013 2.10866215E7
1014 0
1015 8375.0
1016 7038.0
1017 0
1018 3.04550125E7
1019 8293934.666666667
1020 7398412.5
1021 0
1022 6985.0
1023 5133.0
1024 0
1025 13170.5
1026 5912671.5
1027 0
1028 0
1029 0
1030 4852103.0
1031 0
1032 0
1033 2722421.0
1034 725896.0
1035 3608.0
1036 0
1037 0
1038 0
1039 0
1040 0
1041 0
1042 0
1043 0
1044 0
1045 5.3978397333333336E7
1046 1311.0
1047 0
1048 0
1049 0
1050 0
1051 0
1052 2904741.5
1053 20892.0
1054 4250.0
1055 0
1056 0
1057 969.0
1058 0
1059 3.9022809E7
1060 0
1061 0
1062 4973.0
1063 0
1064 0
1065 0
1066 0
1067 4702.0
1068 0
1069 11247.0
1070 1.9220604E7
1071 1.6857395E7
1072 0
1073 2547.0
1074 0
1075 0
1076 4.264226E7
1077 9265.0
1078 1921.0
1079 0
1080 0
1081 0
1082 0
1083 0
1084 0
1085 4831946.0
1086 0
1087 0
1088 20868.0
1089 6457.0
1090 0
1091 7696.0
1092 3232.0
1093 0
1094 0
1095 9063.0
1096 3819.0
1097 0
1098 0
1099 8128.0
1100 0
1101 1709.0
1102 0
1103 0
1104 0
1105 0
1106 0
1107 0
1108 9.3640439E7
1109 0
1110 0
1111 0
1112 2363910.0
1113 0
1114 2.6587561E7
1115 0
1116 687.0
1117 817.0
1118 0
1119 0
1120 3749.0
1121 2917.0
1122 0
1123 7.9496269E7
1124 0
1125 0
1126 1062.0
1127 1.6531044E7
1128 0
1129 0
1130 0
1131 0
1132 0
1133 0
1134 0
1135 726.0
1136 1693.0
1137 943.0
1138 0
1139 0
1140 0
1141 25139.0
1142 1.43192615E7
1143 0
1144 0
1145 0
1146 0
1147 1.8086692E7
1148 0
1149 0
1150 5100.0
1151 9046809.0
1152 0
1153 1940.0
1154 0
1155 0
1156 0
1157 0
1158 0
1159 3528.0
1160 0
1161 0
1162 0
1163 0
1164 0
1165 0
1166 0
1167 0
1168 0
1169 0
1170 2675.0
1171 827.0
1172 3066.0
1173 0
1174 8.4341448E7
1175 0
1176 7065174.0
1177 0
1178 0
1179 0
1180 7.5774008E7
1181 3687.0
1182 0
1183 0
1184 1216.0
1185 9658184.5
1186 5.7793093E7
1187 0
1188 1145.0
1189 24336.0
1190 0
1191 0
1192 21134.0
1193 0
1194 0
1195 0
1196 7846971.5
1197 0
1198 0
1199 0
1200 0
1201 0
1202 0
1203 0
1204 1045.0
1205 3416.5
1206 0
1207 0
1208 1.3154887E7
1209 0
1210 0
1211 806.0
1212 6868.0
1213 0
1214 0
1215 1.7165622E7
1216 0
1217 0
1218 0
1219 0
1220 1.77238045E7
1221 0
1222 0
1223 0
1224 2.1713193E7
1225 0
1226 0
1227 0
1228 3953.0
1229 0
1230 0
1231 0
1232 0
1233 0
1234 0
1235 2483.0
1236 0
1237 0
1238 12879.5
1239 0
1240 0
1241 0
1242 0
1243 0
1244 0
1245 1.2731767E7
1246 0
1247 0
1248 0
1249 0
1250 6507.0
1251 0
1252 0
1253 0
1254 0
1255 0
1256 1208214.0
1257 2.5163169E7
1258 0
1259 0
1260 0
1261 15768.0
1262 0
1263 0
1264 1.18109881E8
1265 3556.0
1266 0
1267 2870.0
1268 0
1269 1948.0
1270 0
1271 2350.0
1272 0
1273 0
1274 0
1275 47163.0
1276 0
1277 22269.0
1278 0
1279 0
1280 1.3710707E8
1281 5.99038605E7
1282 3.1081044E7
1283 2.5490853E7
1284 3901.0
1285 0
1286 1480.0
1287 3736.0
1288 5063.0
1289 0
1290 0
1291 21916.0
1292 0
1293 0
1294 0
1295 0
1296 0
1297 0
1298 0
1299 0
1300 0
1301 8645039.0
1302 0
1303 2315.0
1304 2650.5
1305 0
1306 0
1307 0
1308 0
1309 0
1310 6320.0
1311 0
1312 0
1313 1.6827564E7
1314 0
1315 4.0710504E7
1316 0
1317 0
1318 0
1319 0
1320 0
1321 0
1322 0
1323 0
1324 0
1325 0
1326 0
1327 0
1328 3149.0
1329 9086.5
1330 0
1331 0
1332 0
1333 0
1334 1.628667E7
1335 29687.0
1336 20381.0
1337 4827.0
1338 0
1339 0
1340 1832121.0
1341 0
1342 0
1343 1.51719105E7
1344 0
1345 2542.0
1346 0
1347 1351.0
1348 0
1349 0
1350 0
1351 19152.0
1352 1.7673634E7
1353 0
1354 0
1355 0
1356 1.8859042E7
1357 0
1358 0
1359 0
1360 1319.0
1361 1011218.0
1362 1.15911985E8
1363 0
1364 0
1365 0
1366 0
1367 5453342.0
1368 23875.0
1369 0
1370 7827104.0
1371 2.25892395E7
1372 0
1373 7674.0
1374 0
1375 79800.0
1376 1.10603365E8
1377 0
1378 0
1379 5577.0
1380 0
1381 0
1382 0
1383 0
1384 0
1385 5040.0
1386 0
1387 0
1388 13233.0
1389 0
1390 0
1391 0
1392 0
1393 0
1394 0
1395 0
1396 13873.5
1397 0
1398 0
1399 0
1400 0
1401 0
1402 5202.0
1403 0
1404 0
1405 0
1406 0
1407 0
1408 0
1409 3878.0
1410 692.0
1411 1.0223294E7
1412 8007.0
1413 0
1414 0
1415 0
1416 0
1417 3652.0
1418 0
1419 0
1420 0
1421 0
1422 0
1423 0
1424 0
1425 3269.0
1426 22756.0
1427 9815.0
1428 0
1429 17184.0
1430 1338.0
1431 0
1432 3863.0
1433 1640.0
1434 5.3144779E7
1435 7776.0
1436 0
1437 0
1438 11479.0
1439 0
1440 8282.0
1441 5433.0
1442 0
1443 0
1444 0
1445 0
1446 0
1447 0
1448 0
1449 0
1450 0
1451 0
1452 0
1453 0
1454 0
1455 0
1456 0
1457 8046.0
1458 0
1459 0
1460 0
1461 4.9659267E7
1462 3.3998868333333336E7
1463 0
1464 0
1465 0
1466 0
1467 0
1468 2.0195233E7
1469 9177.5
1470 8903081.5
1471 0
1472 0
1473 4064.0
1474 0
1475 0
1476 9.67566505E7
1477 0
1478 4757.0
1479 0
1480 4.5292495E7
1481 0
1482 0
1483 0
1484 0
1485 1.559159E7
1486 1.7992039E7
1487 2036.0
1488 11067.0
1489 0
1490 0
1491 10140.5
1492 0
1493 0
1494 11564.666666666666
1495 0
1496 0
1497 1894.0
1498 0
1499 5353.0
1500 0
1501 0
1502 0
1503 0
1504 5.7931104E7
1505 0
1506 21212.0
1507 0
1508 3559.0
1509 0
1510 2.3697212E7
1511 0
1512 0
1513 0
1514 0
1515 0
1516 0
1517 0
1518 6.5028486E7
1519 2332.0
1520 7232.0
1521 0
1522 0
1523 0
1524 3.6406911E7
1525 1.01711807E8
1526 0
1527 1622.0
1528 7.6834319E7
1529 0
1530 3779719.0
1531 0
1532 1649.0
1533 0
1534 3494.5
1535 2794029.0
1536 0
1537 0
1538 0
1539 2558.0
1540 0
1541 6.7637749E7
1542 7612.0
1543 1383.0
1544 0
1545 0
1546 0
1547 0
1548 0
1549 0
1550 0
1551 0
1552 0
1553 0
1554 19390.0
1555 910.0
1556 10297.0
1557 2758.0
1558 0
1559 0
1560 1.00638805E8
1561 735.0
1562 0
1563 22473.0
1564 0
1565 0
1566 0
1567 0
1568 0
1569 2.34020339E8
1570 796.0
1571 17695.5
1572 0
1573 0
1574 5998.0
1575 2.3430589E7
1576 4528.0
1577 0
1578 0
1579 23665.0
1580 3.7411251E7
1581 5879.0
1582 0
1583 132593.5
1584 0
1585 0
1586 3062.5
1587 3335.0
1588 725.0
1589 0
1590 1.12370877E8
1591 1608.0
1592 962.0
1593 2.5296733E7
1594 0
1595 0
1596 4579.0
1597 0
1598 0
1599 4516.0
1600 0
1601 0
1602 0
1603 0
1604 0
1605 3479687.0
1606 7.2006745E7
1607 0
1608 0
1609 1767.0
1610 0
1611 0
1612 0
1613 0
1614 0
1615 1089.0
1616 0
1617 0
1618 0
1619 0
1620 0
1621 1.6848869E7
1622 828.0
1623 0
1624 13620.5
1625 0
1626 0
1627 0
1628 7.7703898E7
1629 0
1630 0
1631 1.32799E7
1632 0
1633 0
1634 984.0
1635 0
1636 0
1637 0
1638 0
1639 1.30001781E8
1640 0
1641 4486.0
1642 2.79486185E7
1643 0
1644 2081933.5
1645 5.4207782E7
1646 0
1647 1.9309456E7
1648 0
1649 0
1650 0
1651 1.2124863E7
1652 0
1653 0
1654 5608.0
1655 0
1656 0
1657 0
1658 413416.5
1659 0
1660 1405.0
1661 0
1662 0
1663 2989.0
1664 3.067508E7
1665 0
1666 1658.0
1667 0
1668 0
1669 1.06541971E8
1670 0
1671 0
1672 0
1673 0
1674 0
1675 805.0
1676 3271.0
1677 0
1678 0
1679 1.134040595E8
1680 0
1681 0
1682 0
1683 3.6270969666666664E7
1684 4230.0
1685 0
1686 0
1687 0
1688 0
1689 0
1690 0
1691 0
1692 0
1693 0
1694 0
1695 0
1696 4897.0
1697 0
1698 12872.0
1699 0
1700 1274.0
1701 5386.0
1702 0
1703 2.4857993E7
1704 0
1705 9.812456E7
1706 0
1707 0
1708 902.0
1709 7528614.0
1710 0
1711 0
1712 6259.0
1713 0
1714 7.3910577E7
1715 0
1716 9.7462566E7
1717 0
1718 0
1719 0
1720 0
1721 0
1722 4.498534E7
1723 0
1724 9822276.0
1725 1935.0
1726 0
1727 4375.0
1728 0
1729 0
1730 1301.0
1731 0
1732 0
1733 0
1734 20285.0
1735 1409.0
1736 1.198958E7
1737 0
1738 0
1739 0
1740 5.1942759E7
1741 1.85144235E8
1742 0
1743 0
1744 0
1745 0
1746 0
1747 0
1748 0
1749 1.8510447E7
1750 0
1751 0
1752 0
1753 0
1754 4699.5
1755 6.4160292E7
1756 3.7413991E7
1757 0
1758 7.1469716E7
1759 12686.5
1760 0
1761 9648.0
1762 0
1763 3.0448724E7
1764 0
1765 0
1766 5.9864586E7
1767 12109.0
1768 1250.0
1769 2145.0
1770 0
1771 0
1772 0
1773 0
1774 0
1775 6105.0
1776 0
1777 1.4151764E7
1778 2729.0
1779 2.6745252E7
1780 3304.5
1781 0
1782 4624.0
1783 0
1784 1806.0
1785 0
1786 0
1787 0
1788 0
1789 0
1790 12375.0
1791 0
1792 0
1793 0
1794 0
1795 0
1796 0
1797 0
1798 0
1799 1296439.0
1800 0
1801 8.7097661E7
1802 0
1803 0
1804 0
1805 0
1806 0
1807 2217884.0
1808 0
1809 0
1810 0
1811 0
1812 3131788.5
1813 0
1814 0
1815 17078.0
1816 0
1817 0
1818 0
1819 0
1820 11739.0
1821 977.0
1822 0
1823 0
1824 0
1825 2527.0
1826 0
1827 0
1828 8855.0
1829 0
1830 0
1831 1312.0
1832 0
1833 0
1834 0
1835 0
1836 0
1837 0
1838 8619174.0
1839 3.3045336E7
1840 0
1841 0
1842 0
1843 3.69818145E7
1844 0
1845 0
1846 0
1847 8791457.0
1848 0
1849 0
1850 0
1851 0
1852 0
1853 0
1854 3.1829669E7
1855 0
1856 0
1857 5.3718174E7
1858 0
1859 2821.0
1860 1797681.0
1861 0
1862 0
1863 1423.0
1864 2.42037995E7
1865 7733050.0
1866 8.6911345E7
1867 6.736824333333333E7
1868 0
1869 0
1870 5.1539344E7
1871 0
1872 7.2423441E7
1873 0
1874 0
1875 4.4430996333333336E7
1876 0
1877 0
1878 3791.0
1879 0
1880 0
1881 1.6067654E7
1882 0
1883 2.7686111E7
1884 1.5466792E7
1885 0
1886 1967.0
1887 0
1888 1.24464574E8
1889 0
1890 1.08538438E8
1891 0
1892 6.3213073E7
1893 4.6402392E7
1894 1.05005185E7
1895 0
1896 0
1897 0
1898 9.0890911E7
1899 3164.0
1900 0
1901 0
1902 0
1903 9.65939125E7
1904 0
1905 21547.0
1906 0
1907 1872.0
1908 7750.0
1909 1374.0
1910 0
1911 0
1912 0
1913 0
1914 0
1915 0
1916 0
1917 0
1918 9135.0
1919 4876.0
1920 0
1921 0
1922 5867.0
1923 0
1924 0
1925 0
1926 0
1927 0
1928 0
1929 0
1930 0
1931 3.0995775E7
1932 0
1933 9077.0
1934 7242.0
1935 7255.0
1936 0
1937 0
1938 2.1855688E7
1939 0
1940 0
1941 0
1942 3584.0
1943 6.3670161E7
1944 0
1945 0
1946 0
1947 0
1948 0
1949 0
1950 0
1951 0
1952 0
1953 0
1954 0
1955 0
1956 0
1957 0
1958 0
1959 0
1960 6.628364E7
1961 0
1962 0
1963 0
1964 0
1965 16160.0
1966 1.0474712E7
1967 0
1968 0
1969 0
1970 0
1971 0
1972 1782.0
1973 1.12258471E8
1974 0
1975 0
1976 0
1977 0
1978 3.19143805E7
1979 0
1980 4870.0
1981 6.5850946E7
1982 0
1983 0
1984 0
1985 0
1986 0
1987 3670.0
1988 0
1989 0
1990 0
1991 0
1992 0
1993 0
1994 4779.0
1995 0
1996 0
1997 0
1998 0
1999 0
2000 0
2001 95175.0
2002 0
2003 2.08224345E7
2004 0
2005 0
2006 858.0
2007 4.1114424E7
2008 3629724.6666666665
2009 0
2010 0
2011 0
2012 0
2013 0
2014 2.13122116E8
2015 1.05979095E8
2016 2.10897021E8
2017 0
2018 0
2019 0
2020 0
2021 0
2022 0
2023 0
2024 0
2025 0
2026 5145.0
2027 0
2028 0
2029 0
2030 0
2031 9.5861851E7
2032 1556.0
2033 0
2034 7.04390605E7
2035 337019.0
2036 0
2037 0
2038 0
2039 0
2040 0
2041 0
2042 0
2043 0
2044 0
2045 0
2046 0
2047 0
2048 1.7697162E7
2049 0
2050 0
2051 0
2052 1.4417799E7
2053 0
2054 3209.0
2055 0
2056 0
2057 0
2058 1.6197233333333334E7
2059 1430.0
2060 2.1134039E7
2061 939.0
2062 0
2063 0
2064 3583.0
2065 4072.0
2066 0
2067 4.7921313E7
2068 0
2069 14991.0
2070 4.3206862E8
2071 0
2072 4167.0
2073 0
2074 0
2075 0
2076 0
2077 0
2078 0
2079 9.66252665E7
2080 1177.0
2081 0
2082 1215.0
2083 0
2084 2450.0
2085 5.9704535E7
2086 0
2087 6940450.0
2088 3.2343905E7
2089 0
2090 35340.0
2091 0
2092 0
2093 0
2094 0
2095 6.9142932E7
2096 1.80301087E8
2097 0
2098 0
2099 0
2100 1937.0
2101 5840281.5
2102 0
2103 0
2104 0
2105 4831.5
2106 0
2107 6583.0
2108 9776.0
2109 0
2110 3707.0
2111 0
2112 6.97748155E7
2113 9.2182888E7
2114 5.41179E7
2115 0
2116 0
2117 1.4708275E7
2118 0
2119 0
2120 0
2121 0
2122 0
2123 150950.0
2124 2320.0
2125 1.3250034E7
2126 0
2127 0
2128 0
2129 0
2130 0
2131 0
2132 2.0271361E7
2133 7.5358122E7
2134 0
2135 0
2136 0
2137 0
2138 3.9331111E7
2139 0
2140 0
2141 6.9214201E7
2142 8755.0
2143 0
2144 4.1897548E7
2145 0
2146 0
2147 0
2148 0
2149 0
2150 0
2151 0
2152 0
2153 0
2154 1969.0
2155 8192.5
2156 3781.5
2157 0
2158 1.6307014E7
2159 5795.0
2160 1.23393585E7
2161 0
2162 0
2163 0
2164 0
2165 0
2166 0
2167 1341.0
2168 0
2169 0
2170 7334656.0
2171 6067.0
2172 3.1924809E7
2173 0
2174 0
2175 1.23683549E8
2176 1387.0
2177 0
2178 6896.5
2179 1.08443791E8
2180 0
2181 0
2182 0
2183 0
2184 0
2185 0
2186 0
2187 5198070.0
2188 0
2189 8.007389E7
2190 0
2191 2.6442396E7
2192 0
2193 2.5857581E7
2194 8621.0
2195 2518.0
2196 0
2197 0
2198 0
2199 0
2200 0
2201 4124.0
2202 9.13857435E7
2203 0
2204 0
2205 0
2206 4654.0
2207 1772.0
2208 9200.0
2209 0
2210 0
2211 1.56353805E8
2212 2.1929636E7
2213 0
2214 0
2215 7.1877174E7
2216 0
2217 0
2218 0
2219 0
2220 0
2221 0
2222 1003.0
2223 916.0
2224 1.20937075E8
2225 4697.0
2226 0
2227 5480.5
2228 0
2229 1910.0
2230 0
2231 2596.0
2232 0
2233 3329.0
2234 0
2235 0
2236 0
2237 2137.0
2238 0
2239 0
2240 0
2241 0
2242 0
2243 2.3613341E7
2244 0
2245 0
2246 0
2247 0
2248 4.0778170666666664E7
2249 1041.0
2250 6639.0
2251 3.34074965E7
2252 0
2253 0
2254 0
2255 0
2256 0
2257 962.0
2258 0
2259 0
2260 0
2261 3.2594613E7
2262 1.21251772E8
2263 4253.0
2264 1.5930736E8
2265 3.7207424E7
2266 0
2267 0
2268 0
2269 0
2270 1.01232983E8
2271 0
2272 4533.0
2273 1.7228704E7
2274 5835.0
2275 1.06525428E8
2276 0
2277 0
2278 0
2279 17937.0
2280 0
2281 0
2282 1.3561541E7
2283 0
2284 0
2285 0
2286 7579.0
2287 0
2288 0
2289 0
2290 0
2291 9.4789111E7
2292 0
2293 0
2294 0
2295 4515.0
2296 0
2297 0
2298 0
2299 1203381.0
2300 0
2301 0
2302 0
2303 4.16775496E7
2304 0
2305 0
2306 3.78853265E7
2307 3845298.0
2308 0
2309 0
2310 0
2311 0
2312 0
2313 4656430.0
2314 0
2315 0
2316 0
2317 4.7104871E7
2318 0
2319 7964.0
2320 0
2321 0
2322 0
2323 5012.0
2324 1674.0
2325 0
2326 0
2327 0
2328 6398.0
2329 6.6849421E7
2330 0
2331 0
2332 3278.0
2333 0
2334 8.4841037E7
2335 0
2336 3.8839128E7
2337 0
2338 1467.0
2339 2.2963863E7
2340 6269.0
2341 0
2342 0
2343 27041.0
2344 0
2345 0
2346 0
2347 0
2348 0
2349 0
2350 0
2351 0
2352 2.2340043E7
2353 0
2354 1.05128626E8
2355 1.310643815E8
2356 0
2357 0
2358 0
2359 0
2360 0
2361 0
2362 0
2363 0
2364 0
2365 0
2366 6712.0
2367 0
2368 0
2369 0
2370 0
2371 0
2372 8130.0
2373 0
2374 0
2375 0
2376 2.4520283E7
2377 0
2378 0
2379 5197.0
2380 1.9916679E8
2381 3.6857315E7
2382 2536.0
2383 2.09341617E8
2384 0
2385 11229.0
2386 0
2387 0
2388 1295.0
2389 1875.0
2390 0
2391 0
2392 0
2393 0
2394 6.9813951E7
2395 0
2396 0
2397 8.9536812E7
2398 0
2399 6.8572047E7
2400 8.9230711E7
2401 7294030.0
2402 0
2403 0
2404 0
2405 3671639.6666666665
2406 8.6499918E7
2407 2198226.5
2408 4440.0
2409 0
2410 0
2411 0
2412 0
2413 0
2414 0
2415 1.00621406E8
2416 1.6622008333333334E7
2417 0
2418 0
2419 3.8397877E7
2420 0
2421 0
2422 0
2423 1.1726918E7
2424 3.22082615E7
2425 1.75265325E8
2426 0
2427 0
2428 0
2429 0
2430 0
2431 5469.0
2432 0
2433 0
2434 0
2435 0
2436 1.02532335E8
2437 0
2438 0
2439 2640.0
2440 0
2441 0
2442 0
2443 0
2444 8109.0
2445 0
2446 6191.5
2447 0
2448 4.5737831E7
2449 10694.0
2450 0
2451 6269.0
2452 0
2453 2468.0
2454 1043.0
2455 0
2456 6497.0
2457 0
2458 0
2459 0
2460 3217.0
2461 1.4064093E7
2462 6312.0
2463 1213.0
2464 0
2465 5.0779719E7
2466 19391.0
2467 0
2468 0
2469 2.6918052E7
2470 0
2471 1326.0
2472 0
2473 0
2474 6412333.0
2475 25350.0
2476 0
2477 0
2478 1.65004922E8
2479 0
2480 9.8662826E7
2481 3.9009077E7
2482 1439366.0
2483 2.542826E7
2484 0
2485 0
2486 5663.0
2487 0
2488 0
2489 1170.0
2490 2.4289464E7
2491 0
2492 3.97528905E7
2493 0
2494 0
2495 0
2496 1346.0
2497 0
2498 10907.0
2499 22720.0
2500 3240.0
2501 0
2502 0
2503 0
2504 1.332808505E8
2505 2.93613421E8
2506 0
2507 0
2508 0
2509 0
2510 1.44198496E8
2511 4588117.0
2512 1.23687968E8
2513 1825.0
2514 0
2515 1.36275415E8
2516 0
2517 10484.0
2518 0
2519 1.3765203E7
2520 0
2521 0
2522 0
2523 7.1212931E7
2524 13316.0
2525 0
2526 0
2527 0
2528 0
2529 0
2530 4.4811146E7
2531 0
2532 2.63232562E8
2533 0
2534 0
2535 0
2536 0
2537 0
2538 6.7819117E7
2539 6.0252431E7
2540 1.2678616E8
2541 0
2542 0
2543 19078.0
2544 0
2545 0
2546 12235.0
2547 0
2548 5945.0
2549 0
2550 2.2353097E7
2551 0
2552 0
2553 0
2554 0
2555 0
2556 0
2557 0
2558 0
2559 0
2560 1.09710573E8
2561 0
2562 1.240178E8
2563 4723727.5
2564 6849.5
2565 0
2566 0
2567 2314.0
2568 0
2569 7.1970324E7
2570 0
2571 0
2572 0
2573 10184.0
2574 0
2575 0
2576 0
2577 0
2578 0
2579 1620.0
2580 2.6905878E7
2581 1577.0
2582 0
2583 10336.5
2584 0
2585 0
2586 0
2587 4311.0
2588 0
2589 0
2590 0
2591 0
2592 0
2593 0
2594 0
2595 1.52569663E8
2596 0
2597 0
2598 0
2599 11912.0
2600 0
2601 0
2602 1320.0
2603 0
2604 0
2605 0
2606 0
2607 0
2608 0
2609 0
2610 0
2611 0
2612 5.088101E7
2613 4.4960979E7
2614 1646.5
2615 56155.5
2616 0
2617 0
2618 0
2619 0
2620 3.8041219E7
2621 0
2622 0
2623 1.3007466E7
2624 0
2625 0
2626 0
2627 0
2628 1407.0
2629 0
2630 0
2631 9.4853455E7
2632 0
2633 3.2071175E7
2634 1.44091292E8
2635 6.3071673E7
2636 0
2637 0
2638 3.81668605E7
2639 0
2640 2.05684284E8
2641 5.767254E7
2642 1.0780415E7
2643 0
2644 6.50916422E8
2645 2.21121134E8
2646 1.31451669E8
2647 0
2648 0
2649 0
2650 2.344258E7
2651 0
2652 0
2653 0
2654 0
2655 0
2656 4.8320376E7
2657 0
2658 0
2659 0
2660 6038.0
2661 0
2662 0
2663 0
2664 5.0543167E7
2665 0
2666 0
2667 0
2668 0
2669 8080.0
2670 0
2671 0
2672 6.2406315E7
2673 1.08491482E8
2674 0
2675 0
2676 0
2677 5.8113252E7
2678 0
2679 0
2680 0
2681 1800.0
2682 1.26287547E8
2683 1.11681241E8
2684 0
2685 0
2686 1.021443985E8
2687 0
2688 15968.0
2689 0
2690 7949.0
2691 0
2692 5287.0
2693 1999.0
2694 10320.5
2695 8066434.0
2696 0
2697 0
2698 0
2699 0
2700 0
2701 0
2702 1768.0
2703 1181.0
2704 0
2705 7.6110944E7
2706 0
2707 3.78654415E7
2708 5765.0
2709 0
2710 0
2711 9554.0
2712 2127.6666666666665
2713 3.154592E7
2714 1378.0
2715 0
2716 0
2717 0
2718 1432.0
2719 0
2720 0
2721 4.2482851E7
2722 1625.0
2723 12035.0
2724 0
2725 0
2726 6509.0
2727 0
2728 0
2729 1.46704505E8
2730 0
2731 0
2732 3.4721205E7
2733 0
2734 6166.5
2735 6058.0
2736 0
2737 0
2738 19830.0
2739 1.10326154E8
2740 0
2741 0
2742 0
2743 1.49951083E8
2744 0
2745 0
2746 1.35435496E8
2747 1.21940143E8
2748 3373.0
2749 0
2750 0
2751 0
2752 5.6087862E7
2753 0
2754 0
2755 0
2756 4.9447392E7
2757 0
2758 0
2759 0
2760 3026.0
2761 3451014.0
2762 0
2763 0
2764 0
2765 0
2766 0
2767 0
2768 0
2769 0
2770 0
2771 0
2772 7811.0
2773 0
2774 9.3427318E7
2775 3.201969475E7
2776 3398.0
2777 0
2778 0
2779 0
2780 3792.0
2781 0
2782 0
2783 0
2784 0
2785 0
2786 0
2787 6.3432184E7
2788 0
2789 1.0404094E7
2790 0
2791 1.8924196E7
2792 0
2793 5594.0
2794 0
2795 0
2796 0
2797 8848.0
2798 0
2799 0
2800 0
2801 0
2802 0
2803 0
2804 2.11806135E7
2805 0
2806 0
2807 0
2808 2871.0
2809 7274.0
2810 0
2811 2060.0
2812 1436.5
2813 3.0238619E7
2814 2.1285712E7
2815 0
2816 2.0309427E7
2817 0
2818 0
2819 0
2820 1.43862873E8
2821 0
2822 7418.0
2823 0
2824 7502337.0
2825 0
2826 2364.0
2827 1.32337776E8
2828 0
2829 0
2830 0
2831 0
2832 3679.0
2833 1.62906205E8
2834 2.4583386E7
2835 0
2836 0
2837 0
2838 8.9822503E7
2839 0
2840 0
2841 0
2842 2.16609411E8
2843 0
2844 9.38741385E7
2845 0
2846 0
2847 0
2848 0
2849 0
2850 0
2851 3.2651133E7
2852 8.4821848E7
2853 0
2854 3490.0
2855 0
2856 7.476628933333333E7
2857 0
2858 0
2859 21391.0
2860 0
2861 6212.0
2862 0
2863 0
2864 0
2865 7042.0
2866 0
2867 4.7547509E7
2868 0
2869 0
2870 0
2871 5601.5
2872 0
2873 0
2874 0
2875 0
2876 0
2877 0
2878 0
2879 0
2880 0
2881 10838.0
2882 0
2883 1.47832278E8
2884 0
2885 1.7018245E7
2886 0
2887 0
2888 0
2889 0
2890 6839.0
2891 0
2892 0
2893 0
2894 0
2895 0
2896 5291.0
2897 0
2898 3345.0
2899 2.9074919E7
2900 0
2901 0
2902 6829.0
2903 1.09938111E8
2904 0
2905 0
2906 5.1517897E7
2907 0
2908 7503.0
2909 0
2910 0
2911 26340.0
2912 0
2913 3.65398697E8
2914 0
2915 0
2916 0
2917 0
2918 2.0553201E7
2919 0
2920 0
2921 1404.0
2922 0
2923 0
2924 0
2925 0
2926 648790.0
2927 4596.0
2928 0
2929 11859.0
2930 0
2931 6859.0
2932 0
2933 0
2934 2669.0
2935 0
2936 0
2937 0
2938 0
2939 0
2940 0
2941 2.8297202E7
2942 0
2943 1.68762337E8
2944 0
2945 118842.0
2946 0
2947 0
2948 0
2949 1843.0
2950 2.10411585E7
2951 0
2952 0
2953 0
2954 1782.0
2955 844864.0
2956 8872440.0
2957 0
2958 0
2959 1.26899586E8
2960 0
2961 1.07094521E8
2962 1.23955361E8
2963 0
2964 1416.0
2965 0
2966 5.2620434E7
2967 0
2968 2184.0
2969 0
2970 3.26337307E8
2971 0
2972 0
2973 1.83784705E7
2974 0
2975 0
2976 0
2977 1.6198906E8
2978 0
2979 4.0071674E7
2980 0
2981 0
2982 0
2983 0
2984 0
2985 0
2986 5.4917711666666664E7
2987 2.9539705E7
2988 0
2989 0
2990 0
2991 0
2992 9.3489661E7
2993 0
2994 0
2995 0
2996 2967.0
2997 0
2998 0
2999 6.764505E7
3000 0
3001 7703.0
3002 0
3003 9602.0
3004 2442.0
3005 1.89301354E8
3006 0
3007 2103.0
3008 6.948266333333333E7
3009 0
3010 0
3011 1943.0
3012 0
3013 0
3014 0
3015 0
3016 0
3017 3.87845264E8
3018 2.65193901E8
3019 0
3020 0
3021 2.7277551E7
3022 0
3023 1.45885078E8
3024 0
3025 2103.0
3026 0
3027 0
3028 0
3029 1.7249199E8
3030 1880085.0
3031 9.1381805E7
3032 1.90759366E8
3033 2.46153682E8
3034 0
3035 0
3036 28084.0
3037 13771.0
3038 566222.0
3039 0
3040 0
3041 0
3042 0
3043 0
3044 0
3045 0
3046 6281.0
3047 0
3048 4.5569878E7
3049 0
3050 0
3051 0
3052 0
3053 0
3054 0
3055 4.62431125E7
3056 0
3057 0
3058 0
3059 0
3060 0
3061 0
3062 0
3063 2593.5
3064 0
3065 0
3066 0
3067 3.39469412E8
3068 0
3069 0
3070 0
3071 0
3072 1.309580295E8
3073 0
3074 2.49166167E8
3075 0
3076 4432.0
3077 0
3078 0
3079 0
3080 103482.0
3081 21748.0
3082 0
3083 1.29422639E8
3084 0
3085 0
3086 8141.0
3087 0
3088 0
3089 1.60095341E8
3090 4.9418582E7
3091 21912.0
3092 0
3093 0
3094 0
3095 3.27484569E8
3096 1.95975061E8
3097 0
3098 0
3099 1.51352195E8
3100 0
3101 0
3102 0
3103 0
3104 0
3105 0
3106 0
3107 0
3108 9606.0
3109 0
3110 0
3111 0
3112 9.198469E7
3113 0
3114 0
3115 8100.0
3116 2164.0
3117 0
3118 0
3119 0
3120 0
3121 0
3122 3.0585638333333332E7
3123 1.49299209E8
3124 0
3125 1.59346797E8
3126 0
3127 1.31189188E8
3128 0
3129 21915.0
3130 0
3131 0
3132 0
3133 0
3134 0
3135 0
3136 1795.0
3137 0
3138 0
3139 7.82177235E7
3140 0
3141 0
3142 1.72183933E8
3143 0
3144 0
3145 0
3146 6.0889237E7
3147 0
3148 1.12409899E8
3149 2726.0
3150 15613.0
3151 0
3152 0
3153 9.25500595E7
3154 0
3155 0
3156 0
3157 0
3158 0
3159 10470.0
3160 2.45244008E8
3161 0
3162 0
3163 0
3164 734717.0
3165 0
3166 0
3167 1933.0
3168 0
3169 0
3170 0
3171 3.2008684E7
3172 0
3173 1649.0
3174 0
3175 0
3176 0
3177 0
3178 2.6791903E8
3179 0
3180 2057.0
3181 3.4425722E7
3182 12130.0
3183 0
3184 2.31756425E8
3185 0
3186 0
3187 0
3188 0
3189 0
3190 1.07375926E8
3191 0
3192 0
3193 5219.0
3194 0
3195 0
3196 0
3197 0
3198 0
3199 0
3200 4.0676862E7
3201 0
3202 0
3203 0
3204 0
3205 0
3206 5.6196806E7
3207 0
3208 0
3209 6137.0
3210 0
3211 0
3212 9041.0
3213 0
3214 0
3215 0
3216 1375.0
3217 0
3218 19035.0
3219 0
3220 0
3221 4456.0
3222 0
3223 1.82063029E8
3224 0
3225 0
3226 0
3227 0
3228 0
3229 12332.5
3230 0
3231 1.21741874E8
3232 2.1005995E7
3233 5.2937892E7
3234 0
3235 7228.0
3236 1320.0
3237 8.0795026E7
3238 0
3239 1471.0
3240 2.5969964866666666E8
3241 0
3242 0
3243 1.89767803E8
3244 0
3245 0
3246 0
3247 0
3248 0
3249 0
3250 1.84054914E8
3251 0
3252 0
3253 1.77362455E8
3254 0
3255 0
3256 0
3257 0
3258 0
3259 0
3260 0
3261 8.7083405E7
3262 2.1675426E7
3263 0
3264 0
3265 0
3266 0
3267 4443.0
3268 0
3269 0
3270 0
3271 0
3272 0
3273 0
3274 9781.0
3275 0
3276 7953.0
3277 1.08000988E8
3278 2297851.0
3279 0
3280 0
3281 7303.0
3282 0
3283 0
3284 0
3285 0
3286 0
3287 0
3288 7085769.0
3289 0
3290 0
3291 0
3292 0
3293 0
3294 0
3295 0
3296 2778.0
3297 6.0171949E7
3298 0
3299 5969.0
3300 0
3301 1.851993E7
3302 0
3303 68847.0
3304 7433.5
3305 8.3237696E7
3306 5805.0
3307 1.5157892E8
3308 7021.0
3309 13631.0
3310 4806.0
3311 0
3312 8059.0
3313 8.6572225E7
3314 0
3315 0
3316 0
3317 0
3318 1.0187265E7
3319 0
3320 0
3321 1.475536785E8
3322 9.1341115E7
3323 0
3324 8217.5
3325 0
3326 0
3327 0
3328 0
3329 4244.0
3330 0
3331 0
3332 0
3333 1.97520968E8
3334 0
3335 0
3336 3289.0
3337 0
3338 0
3339 7.9274225E7
3340 4417.0
3341 0
3342 0
3343 0
3344 0
3345 0
3346 0
3347 7.8437971E7
3348 1.2454787E8
3349 0
3350 0
3351 4117.5
3352 0
3353 3190.0
3354 0
3355 0
3356 0
3357 0
3358 1703.0
3359 73674.0
3360 0
3361 0
3362 1903.0
3363 7.9755984E7
3364 0
3365 0
3366 0
3367 0
3368 9.5078037E7
3369 1.2712611E7
3370 4513.0
3371 0
3372 9.399001E7
3373 0
3374 0
3375 0
3376 6.4161E7
3377 2701.0
3378 0
3379 4.6297644E7
3380 2.33277904E8
3381 0
3382 68109.0
3383 2.04028463E8
3384 0
3385 0
3386 0
3387 0
3388 0
3389 0
3390 0
3391 1969.0
3392 0
3393 1.65916237E8
3394 32685.0
3395 7171.0
3396 2.7908303E7
3397 6.50749735E7
3398 8682.0
3399 0
3400 1.502967425E8
3401 0
3402 0
3403 0
3404 0
3405 0
3406 0
3407 0
3408 2490.0
3409 5783.0
3410 1.93594728E8
3411 0
3412 1776.0
3413 1904.0
3414 0
3415 6550.0
3416 7028.0
3417 0
3418 0
3419 2.27531128E8
3420 4027.0
3421 0
3422 0
3423 0
3424 7.7804516E7
3425 0
3426 0
3427 0
3428 0
3429 0
3430 0
3431 0
3432 3.92282305E7
3433 9414026.5
3434 1.030924325E8
3435 0
3436 0
3437 3410.0
3438 2.14493773E8
3439 9944.0
3440 0
3441 9.4956467E7
3442 0
3443 0
3444 0
3445 0
3446 0
3447 3829424.0
3448 0
3449 3089.0
3450 0
3451 0
3452 1924.0
3453 1.0464822E7
3454 1.9868607933333334E8
3455 0
3456 0
3457 0
3458 0
3459 0
3460 0
3461 0
3462 0
3463 0
3464 0
3465 0
3466 0
3467 0
3468 0
3469 0
3470 0
3471 0
3472 5.9968201E7
3473 0
3474 0
3475 0
3476 3223.0
3477 8016.0
3478 0
3479 0
3480 0
3481 28844.0
3482 0
3483 0
3484 1.4040745E8
3485 7.3219296E7
3486 0
3487 0
3488 4173.0
3489 133304.0
3490 0
3491 0
3492 0
3493 9805.0
3494 5820.0
3495 12894.0
3496 0
3497 0
3498 0
3499 2372.0
3500 0
3501 0
3502 1.93749217E8
3503 0
3504 0
3505 0
3506 0
3507 0
3508 0
3509 0
3510 0
3511 1.322189E7
3512 2657.0
3513 0
3514 0
3515 1616.0
3516 0
3517 0
3518 0
3519 3.18342405E7
3520 0
3521 13404.0
3522 9.6178126E7
3523 0
3524 0
3525 0
3526 0
3527 0
3528 0
3529 0
3530 2.8467167E7
3531 0
3532 0
3533 1746.0
3534 0
3535 1.4147187E7
3536 0
3537 0
3538 2991.5
3539 1.54654855E8
3540 8044.0
3541 4.88525265E7
3542 2.32636764E8
3543 0
3544 0
3545 3.94129756E8
3546 1.92499195E8
3547 0
3548 1972.0
3549 1.71454869E8
3550 0
3551 1.62257201E8
3552 2.2893866E7
3553 2.27790686E8
3554 11223.0
3555 0
3556 0
3557 0
3558 1.0181554E7
3559 8427.0
3560 2.41796432E8
3561 0
3562 0
3563 6000.5
3564 2122.0
3565 1363.0
3566 0
3567 0
3568 0
3569 0
3570 0
3571 4.2992249E7
3572 0
3573 0
3574 1474.0
3575 0
3576 5.4664104E7
3577 0
3578 7891.0
3579 0
3580 0
3581 0
3582 0
3583 8.0725088E7
3584 2.25823161E8
3585 0
3586 14279.0
3587 0
3588 0
3589 5783.0
3590 0
3591 0
3592 5830.0
3593 0
3594 18493.0
3595 0
3596 1433.0
3597 0
3598 0
3599 0
3600 0
3601 1.57588826E8
3602 1.79738222E8
3603 0
3604 0
3605 0
3606 0
3607 7067.5
3608 13051.0
3609 9.8113958E7
3610 3782.0
3611 0
3612 4519.0
3613 1305.0
3614 0
3615 0
3616 0
3617 8609.0
3618 2216.0
3619 7.7032138E7
3620 0
3621 0
3622 5.19077275E7
3623 0
3624 0
3625 0
3626 0
3627 0
3628 1.53614011E8
3629 8950.0
3630 3543.0
3631 0
3632 4.0441038E7
3633 1.070121405E8
3634 0
3635 3218.0
3636 0
3637 6238.5
3638 0
3639 0
3640 0
3641 0
3642 0
3643 9.3666045E7
3644 2.8469548666666668E7
3645 3725.0
3646 0
3647 0
3648 0
3649 0
3650 0
3651 0
3652 4.57219317E8
3653 1.14777967E8
3654 3.2046644E7
3655 10417.0
3656 0
3657 0
3658 0
3659 2.53147888E8
3660 11127.0
3661 0
3662 1.8564827E7
3663 0
3664 1.38844197E8
3665 2.85292043E8
3666 7245.0
3667 2.166394315E8
3668 0
3669 0
3670 20556.0
3671 0
3672 9244.0
3673 0
3674 8.3938179E7
3675 0
3676 0
3677 0
3678 0
3679 0
3680 0
3681 0
3682 2148.0
3683 0
3684 2229.0
3685 0
3686 1.59203835E8
3687 4.2920451E7
3688 0
3689 1.25667885E8
3690 0
3691 0
3692 3.61105716E8
3693 0
3694 0
3695 0
3696 6.8275914E7
3697 1.66701106E8
3698 0
3699 0
3700 0
3701 1450.0
3702 0
3703 7.31541225E7
3704 5.6056264E7
3705 0
3706 9.6400073E7
3707 0
3708 0
3709 10300.0
3710 2601.0
3711 1.6824719E7
3712 0
3713 0
3714 0
3715 0
3716 0
3717 0
3718 1706.0
3719 0
3720 8120.5
3721 0
3722 0
3723 0
3724 0
3725 0
3726 0
3727 0
3728 3.32877596E8
3729 0
3730 0
3731 0
3732 0
3733 0
3734 7464.0
3735 26739.0
3736 0
3737 1.980746455E8
3738 2380.0
3739 2.291738335E8
3740 5315.0
3741 0
3742 0
3743 0
3744 7.5564449E7
3745 8282.0
3746 5.3310239E8
3747 1.3769637E8
3748 0
3749 7.9065197E7
3750 12500.0
3751 0
3752 0
3753 2.727486915E8
3754 0
3755 2.1338191E8
3756 0
3757 7439.0
3758 0
3759 5187.0
3760 0
3761 11999.0
3762 2.01783959E8
3763 0
3764 4.0933869E7
3765 0
3766 2582.0
3767 1.2313899E8
3768 0
3769 0
3770 0
3771 2.80927542E8
3772 0
3773 1956.0
3774 3106820.0
3775 0
3776 2659.0
3777 7.1369091E7
3778 1.491980495E8
3779 0
3780 0
3781 0
3782 1975.5
3783 0
3784 0
3785 4.71108022E8
3786 0
3787 0
3788 3.34248882E8
3789 0
3790 4.8452929E7
3791 0
3792 0
3793 3405.0
3794 2164.0
3795 0
3796 0
3797 1.10506802E8
3798 0
3799 2.71261811E8
3800 6.1177063E7
3801 0
3802 0
3803 2.971390526666667E8
3804 0
3805 0
3806 0
3807 0
3808 0
3809 0
3810 0
3811 0
3812 0
3813 9.1276086E7
3814 0
3815 3.10734055E8
3816 1.3234118E7
3817 0
3818 0
3819 0
3820 2887.0
3821 2.305988695E8
3822 0
3823 2524.0
3824 0
3825 0
3826 0
3827 0
3828 0
3829 0
3830 15246.5
3831 0
3832 1.10211285E8
3833 3.45625614E8
3834 15235.0
3835 0
3836 2.85308943E8
3837 0
3838 0
3839 0
3840 0
3841 0
3842 3.04125145E7
3843 0
3844 0
3845 3.9173163333333336E7
3846 1.49466086E8
3847 2940.0
3848 0
3849 0
3850 1.241447615E8
3851 2584.5
3852 0
3853 14246.0
3854 0
3855 9.5223432E7
3856 9.63372E7
3857 0
3858 0
3859 0
3860 0
3861 1.501413875E8
3862 0
3863 4589775.5
3864 7.2062589E7
3865 0
3866 0
3867 9648.0
3868 0
3869 2.6769474E8
3870 0
3871 0
3872 0
3873 1.60628235E8
3874 0
3875 4.5141533E7
3876 0
3877 95868.0
3878 0
3879 0
3880 0
3881 0
3882 2.25980629E8
3883 0
3884 26880.0
3885 0
3886 1.80827358E8
3887 0
3888 0
3889 0
3890 0
3891 0
3892 0
3893 2.78055872E8
3894 12062.0
3895 8947.0
3896 0
3897 0
3898 0
3899 1.44419918E8
3900 0
3901 0
3902 2.14662881E8
3903 0
3904 5.48534765E8
3905 0
3906 1.91018011E8
3907 1.6438513E8
3908 0
3909 5.56005205E7
3910 0
3911 3.41830823E8
3912 1.95780845E8
3913 0
3914 5978.0
3915 20520.0
3916 1.4156151E8
3917 7.6423159E7
3918 0
3919 0
3920 0
3921 5.10604839E8
3922 9513.0
3923 0
3924 0
3925 0
3926 0
3927 0
3928 0
3929 0
3930 1279933.0
3931 0
3932 3464.0
3933 0
3934 8818.0
3935 0
3936 0
3937 3372.6666666666665
3938 0
3939 0
3940 2.89782381E8
3941 0
3942 1.60997241E8
3943 8369.0
3944 0
3945 12584.0
3946 0
3947 6.16326905E7
3948 0
3949 4583.0
3950 0
3951 0
3952 3658.0
3953 2639.0
3954 9170.0
3955 0
3956 0
3957 0
3958 8.0409815E7
3959 0
3960 1.5532020666666666E8
3961 0
3962 0
3963 0
3964 7.9360775E7
3965 1.111734815E8
3966 12982.0
3967 0
3968 0
3969 0
3970 0
3971 0
3972 0
3973 11917.0
3974 2.27191378E8
3975 5532.0
3976 4848.0
3977 0
3978 3.81448274E8
3979 0
3980 0
3981 3096.0
3982 1.20402086E8
3983 5.11881785E7
3984 0
3985 0
3986 0
3987 0
3988 3142.0
3989 0
3990 0
3991 0
3992 0
3993 1.72311296E8
3994 0
3995 0
3996 0
3997 0
3998 3071.0
3999 5560.0
4000 6.6447385E7
4001 0
4002 1.34663796E8
4003 0
4004 0
4005 2.34248955E7
4006 0
4007 2441.0
4008 0
4009 0
4010 4.3547184E7
4011 0
4012 0
4013 0
4014 0
4015 3.11533093E8
4016 1.19256417E8
4017 6233.0
4018 0
4019 0
4020 2980.0
4021 0
4022 0
4023 7484.5
4024 0
4025 9428.0
4026 0
4027 0
4028 0
4029 0
4030 0
4031 0
4032 0
4033 0
4034 11390.0
4035 2.333591585E8
4036 0
4037 0
4038 2.0976538166666666E8
4039 0
4040 8.36316121E8
4041 8722.0
4042 1.0549422E7
4043 0
4044 8.388079133333333E7
4045 0
4046 0
4047 1.46034927E8
4048 0
4049 0
4050 0
4051 0
4052 0
4053 6671.0
4054 117369.0
4055 0
4056 0
4057 2744.0
4058 0
4059 0
4060 2.8716925E7
4061 0
4062 0
4063 0
4064 0
4065 0
4066 0
4067 0
4068 3.0746882E8
4069 0
4070 0
4071 0
4072 2.96402307E8
4073 1997.0
4074 1.37874435E8
4075 0
4076 0
4077 2.15967138E8
4078 0
4079 2992.0
4080 9.0862651E7
4081 4059.0
4082 2.438748075E8
4083 0
4084 0
4085 2.60078332E8
4086 2335.0
4087 0
4088 0
4089 9303.0
4090 1.53242199E8
4091 1.71804439E8
4092 0
4093 0
4094 0
4095 3156.0
4096 0
4097 0
4098 0
4099 1.24306181E8
4100 0
4101 0
4102 1.180510795E8
4103 2.47831341E8
4104 2.13704643E8
4105 3.06863792E8
4106 0
4107 3860.0
4108 7504.0
4109 0
4110 8195.5
4111 0
4112 4024.0
4113 1.98628631E8
4114 0
4115 4217.0
4116 1.04296271E8
4117 0
4118 2755.0
4119 0
4120 0
4121 1.668388535E8
4122 0
4123 0
4124 3.27614844E8
4125 2402.0
4126 0
4127 0
4128 0
4129 0
4130 20074.0
4131 0
4132 0
4133 2484.0
4134 0
4135 4.3238137E7
4136 0
4137 0
4138 0
4139 0
4140 1421786.0
4141 0
4142 0
4143 0
4144 0
4145 0
4146 0
4147 0
4148 0
4149 0
4150 175156.0
4151 0
4152 0
4153 1.8264843E8
4154 0
4155 0
4156 2698.0
4157 2219.0
4158 0
4159 1.27506043E8
4160 0
4161 1.24902487E8
4162 0
4163 2.07022244E8
4164 0
4165 0
4166 2.11450133E8
4167 0
4168 0
4169 7.5349752E7
4170 2941.0
4171 1.43603323E8
4172 5.93667324E8
4173 1695.0
4174 0
4175 0
4176 4.0172274E7
4177 5065027.0
4178 0
4179 1542.0
4180 0
4181 6.7783237E7
4182 0
4183 0
4184 0
4185 14426.0
4186 0
4187 0
4188 9.2490322E7
4189 3.6919326E8
4190 0
4191 1.775217825E7
4192 1.257818765E8
4193 5.7846966E7
4194 0
4195 0
4196 0
4197 6224.0
4198 0
4199 3.01194612E8
4200 0
4201 0
4202 2.33268639E8
4203 0
4204 0
4205 9771.0
4206 15896.0
4207 4351364.0
4208 7114.0
4209 8.41886255E7
4210 0
4211 0
4212 0
4213 2.05765324E8
4214 0
4215 1.15278445E8
4216 0
4217 9068.0
4218 8748.0
4219 1.39988483E8
4220 1.29379137E8
4221 0
4222 1.81944296E8
4223 0
4224 0
4225 0
4226 0
4227 1.20128585E8
4228 1.39612571E8
4229 0
4230 0
4231 0
4232 0
4233 0
4234 0
4235 2.64975324E8
4236 0
4237 0
4238 4597962.0
4239 2.58980398E8
4240 2.9060459E8
4241 0
4242 0
4243 0
4244 0
4245 1.07968817E8
4246 0
4247 0
4248 0
4249 2.91594655E8
4250 0
4251 1.87620551E8
4252 0
4253 0
4254 0
4255 0
4256 0
4257 3054.0
4258 0
4259 8700537.0
4260 0
4261 10697.0
4262 6791.5
4263 0
4264 1.37930478E8
4265 1205373.5
4266 0
4267 0
4268 0
4269 0
4270 0
4271 2004.0
4272 0
4273 0
4274 0
4275 0
4276 2412.0
4277 0
4278 0
4279 5667.0
4280 0
4281 0
4282 6.764947E7
4283 0
4284 0
4285 0
4286 0
4287 1.30577136E8
4288 3.19960052E8
4289 3304.0
4290 1.82772014E8
4291 9870.0
4292 6.6483988E7
4293 0
4294 0
4295 0
4296 0
4297 0
4298 4288.0
4299 0
4300 0
4301 9396.0
4302 0
4303 0
4304 0
4305 0
4306 8.9542211E7
4307 0
4308 0
4309 2265.3333333333335
4310 9114.0
4311 8.925122E7
4312 0
4313 8790.0
4314 0
4315 0
4316 0
4317 0
4318 0
4319 1.47736905E8
4320 0
4321 0
4322 3821.0
4323 0
4324 2.18973665E7
4325 0
4326 11324.0
4327 12734.0
4328 8.7253497E7
4329 0
4330 2.81445208E8
4331 0
4332 4192.0
4333 0
4334 3388.0
4335 1.73848863E8
4336 0
4337 0
4338 10713.0
4339 5.32694068E8
4340 0
4341 1.123538515E8
4342 0
4343 0
4344 0
4345 0
4346 0
4347 0
4348 2.78511331E8
4349 1.543961E8
4350 7059.0
4351 6.9633718E7
4352 2.79634406E8
4353 4872928.0
4354 2851.0
4355 1.358985E7
4356 0
4357 2.56426882E8
4358 3.23140251E8
4359 4932.0
4360 1929.0
4361 7323.0
4362 0
4363 3899.0
4364 0
4365 3545.0
4366 2432.0
4367 3348.0
4368 0
4369 8413.0
4370 8.8909351E7
4371 2.364693E8
4372 0
4373 0
4374 0
4375 0
4376 0
4377 0
4378 0
4379 0
4380 0
4381 0
4382 9317.0
4383 0
4384 1.93832726E8
4385 0
4386 0
4387 0
4388 0
4389 0
4390 1.61411617E8
4391 10679.0
4392 1.83932782E8
4393 0
4394 5.48271945E8
4395 4.66953795E7
4396 0
4397 0
4398 0
4399 5324.0
4400 1.59204443E8
4401 0
4402 0
4403 0
4404 0
4405 0
4406 0
4407 2895.0
4408 0
4409 0
4410 0
4411 0
4412 0
4413 0
4414 0
4415 0
4416 8.39518013E8
4417 0
4418 3665.0
4419 0
4420 0
4421 0
4422 8.0628721E7
4423 0
4424 4.00475161E8
4425 0
4426 1.08343055E8
4427 0
4428 0
4429 0
4430 2029.0
4431 3433.0
4432 0
4433 0
4434 0
4435 2031.0
4436 0
4437 0
4438 0
4439 3.5048553E7
4440 6413.0
4441 9866.0
4442 8.3602987E7
4443 1.49721259E8
4444 0
4445 0
4446 0
4447 2434.0
4448 7.6009098E7
4449 0
4450 0
4451 0
4452 5.68599555E8
4453 1.79257893E8
4454 3661076.0
4455 0
4456 8.1466669E7
4457 2.32101923E8
4458 0
4459 0
4460 2127.0
4461 0
4462 6257.0
4463 5.64775307E8
4464 0
4465 0
4466 0
4467 0
4468 0
4469 0
4470 0
4471 7814.0
4472 0
4473 2.59281934E8
4474 0
4475 1.57470325E8
4476 0
4477 4.1372121E7
4478 0
4479 2.226323855E8
4480 0
4481 0
4482 0
4483 0
4484 1.78867169E8
4485 3397.0
4486 0
4487 0
4488 0
4489 1.06607963E8
4490 0
4491 0
4492 0
4493 2892405.0
4494 0
4495 0
4496 0
4497 0
4498 0
4499 0
4500 5.824552295E8
4501 0
4502 3351.5
4503 0
4504 1.48403994E8
4505 0
4506 4333.0
4507 0
4508 3.25634552E8
4509 2.79109789E8
4510 0
4511 9.20834535E7
4512 0
4513 0
4514 0
4515 13312.0
4516 2.086982E8
4517 2235.5
4518 0
4519 2.34745189E8
4520 0
4521 0
4522 0
4523 4383.0
4524 2.89572028E8
4525 0
4526 8441.0
4527 1533485.0
4528 0
4529 0
4530 0
4531 0
4532 0
4533 0
4534 0
4535 2.5536846E7
4536 1.62809483E8
4537 1.44609034E8
4538 0
4539 0
4540 8.491798E7
4541 0
4542 0
4543 2396.0
4544 4.0269424E7
4545 0
4546 0
4547 10728.0
4548 0
4549 0
4550 3.28491223E8
4551 0
4552 9363.0
4553 8571.0
4554 0
4555 1.86421761E8
4556 7.571362533333333E7
4557 2328.0
4558 0
4559 0
4560 0
4561 0
4562 0
4563 0
4564 3.14668775E8
4565 0
4566 14385.0
4567 2.79281167E8
4568 0
4569 1.875734815E8
4570 0
4571 5.2350243E7
4572 3849.0
4573 0
4574 2797.0
4575 0
4576 0
4577 0
4578 0
4579 0
4580 0
4581 0
4582 0
4583 0
4584 1.37983467E8
4585 2.78493104E8
4586 0
4587 9.2707237E7
4588 0
4589 2.8735002E7
4590 0
4591 8444.0
4592 0
4593 0
4594 0
4595 0
4596 4310681.0
4597 3.24195854E8
4598 5.9249745E7
4599 0
4600 6515.0
4601 0
4602 0
4603 9.6348279E7
4604 0
4605 0
4606 0
4607 0
4608 0
4609 0
4610 2.97108559E8
4611 3158.0
4612 0
4613 0
4614 0
4615 1.09282275E8
4616 0
4617 0
4618 0
4619 2.52955785E7
4620 0
4621 0
4622 0
4623 2974.0
4624 7093.0
4625 0
4626 0
4627 0
4628 0
4629 5666.0
4630 0
4631 0
4632 3888.0
4633 3.165835925E8
4634 0
4635 1700.0
4636 1.64571181E8
4637 0
4638 0
4639 3030.0
4640 0
4641 0
4642 0
4643 0
4644 0
4645 0
4646 0
4647 0
4648 0
4649 0
4650 0
4651 0
4652 0
4653 0
4654 2.3920118E8
4655 0
4656 5492.0
4657 2412.0
4658 0
4659 2760.0
4660 0
4661 0
4662 0
4663 0
4664 5491.0
4665 0
4666 0
4667 0
4668 0
4669 0
4670 2.06370634E8
4671 0
4672 0
4673 0
4674 0
4675 3.05585697E8
4676 0
4677 0
4678 0
4679 0
4680 0
4681 4935.0
4682 0
4683 3.53315045E8
4684 2492.0
4685 6.2202099333333336E7
4686 0
4687 0
4688 0
4689 2885.0
4690 0
4691 0
4692 2.88153955E8
4693 9527.0
4694 1.5072751E8
4695 0
4696 0
4697 8401.0
4698 8265.0
4699 1.72268977E8
4700 0
4701 2.14385793E8
4702 8747.0
4703 0
4704 0
4705 0
4706 0
4707 6972.0
4708 0
4709 1.95243335E8
4710 0
4711 0
4712 2.90878164E8
4713 0
4714 0
4715 0
4716 5844.0
4717 0
4718 0
4719 7.62775845E7
4720 2382.0
4721 3.68343108E8
4722 1.57385508E8
4723 0
4724 0
4725 5396.0
4726 2701.0
4727 6.2238857E7
4728 0
4729 0
4730 0
4731 0
4732 0
4733 0
4734 6.9471801E7
4735 10330.0
4736 9.3076874E7
4737 6.1750801E7
4738 0
4739 0
4740 0
4741 0
4742 0
4743 0
4744 3.77947673E8
4745 1.45518757E8
4746 2.91928536E8
4747 0
4748 0
4749 2526.0
4750 0
4751 0
4752 1.83433339E8
4753 8680.0
4754 11011.0
4755 0
4756 0
4757 2722.0
4758 865885.0
4759 0
4760 5812.0
4761 0
4762 0
4763 0
4764 0
4765 0
4766 2.9531618E8
4767 2.47908329E8
4768 0
4769 0
4770 0
4771 0
4772 0
4773 0
4774 14590.0
4775 0
4776 2924.0
4777 0
4778 0
4779 0
4780 1806.0
4781 4.11977539E8
4782 0
4783 1.89000826E8
4784 9.02611165E7
4785 1.29892883E8
4786 1.53485557E8
4787 15381.0
4788 0
4789 0
4790 1.12839011E8
4791 2714.0
4792 7385.0
4793 5.2359387E7
4794 0
4795 3272235.0
4796 10625.0
4797 2570.0
4798 0
4799 0
4800 0
4801 0
4802 0
4803 0
4804 0
4805 0
4806 2.02985728E8
4807 0
4808 3004.0
4809 0
4810 0
4811 0
4812 0
4813 0
4814 0
4815 0
4816 0
4817 0
4818 0
4819 0
4820 1.07119203E8
4821 0
4822 0
4823 3179.0
4824 5669.5
4825 1.27087944E8
4826 0
4827 0
4828 1.22940789E8
4829 0
4830 0
4831 18904.0
4832 0
4833 0
4834 4308.0
4835 0
4836 0
4837 0
4838 0
4839 0
4840 0
4841 0
4842 0
4843 0
4844 0
4845 4455.0
4846 0
4847 0
4848 0
4849 9875.0
4850 0
4851 14298.0
4852 1.16174692E8
4853 0
4854 0
4855 1.75802945E8
4856 0
4857 0
4858 0
4859 4.73239245E7
4860 0
4861 0
4862 0
4863 9.3812776E7
4864 2.70474052E8
4865 0
4866 5.4352235E8
4867 0
4868 0
4869 3151.0
4870 0
4871 0
4872 0
4873 5.98718845E7
4874 0
4875 0
4876 1.99018687E8
4877 0
4878 1872.0
4879 0
4880 1.2634946E8
4881 1.40256198E8
4882 6749.0
4883 6366.5
4884 0
4885 0
4886 0
4887 11703.0
4888 1.72383139E8
4889 0
4890 5.74200832E8
4891 13152.0
4892 0
4893 0
4894 0
4895 1.35607746E8
4896 0
4897 0
4898 0
4899 0
4900 0
4901 10416.0
4902 6.76511905E8
4903 5015.5
4904 0
4905 0
4906 0
4907 0
4908 0
4909 0
4910 0
4911 6.95052405E7
4912 0
4913 0
4914 0
4915 5601.0
4916 2.48980426E8
4917 0
4918 0
4919 2414.0
4920 0
4921 0
4922 0
4923 0
4924 1.65217198E8
4925 3496.0
4926 0
4927 0
4928 0
4929 2.02332255E8
4930 0
4931 0
4932 0
4933 9.26686615E7
4934 0
4935 3538.0
4936 3151.0
4937 5993.0
4938 4.60230227E8
4939 2.9911567E7
4940 0
4941 3.47753612E8
4942 0
4943 5873.0
4944 1.39135561E8
4945 0
4946 3136.0
4947 3.46346617E8
4948 2296.0
4949 0
4950 0
4951 0
4952 0
4953 0
4954 1.95557851E8
4955 3.0262055E7
4956 2.15560375E8
4957 0
4958 5.430440035E8
4959 6.01161933E8
4960 0
4961 0
4962 0
4963 0
4964 9.9710749E7
4965 0
4966 0
4967 0
4968 6971.0
4969 3.54479036E8
4970 0
4971 1.60293431E8
4972 0
4973 0
4974 0
4975 3372.0
4976 6215.0
4977 4.27905759E8
4978 1.22290724E8
4979 9.9493064E7
4980 0
4981 0
4982 0
4983 0
4984 9263.0
4985 5568.0
4986 0
4987 0
4988 0
4989 0
4990 1.059335735E8
4991 0
4992 0
4993 3.2252056E7
4994 0
4995 0
4996 3896.5
4997 0
4998 0
4999 4.6123856E8
