1 26312.154388212683
2 27305.298417326114
3 76417.2549792077
4 60510.417269247126
5 108661.23602219377
6 139686.06569655467
7 139718.36077020736
8 192448.14934366258
9 135510.20532397853
10 198943.00254722987
11 209700.7316280078
12 238887.62313354365
13 217373.8365404948
14 290706.76520811097
15 302025.39127673086
16 330154.2369157872
17 312544.7562716263
18 332051.0173024807
19 398583.7259181532
20 392574.7398391194
21 430790.6294065149
22 403415.1021046051
23 483587.79789473687
24 403352.8965372508
25 461416.256941478
26 497615.0696782442
27 511762.012254902
28 593428.4758133561
29 567108.4489753242
30 547433.5254763877
31 603893.1745657303
32 640107.182895851
33 627441.0410376355
34 631566.1527661358
35 657486.5261113509
36 749957.1851132686
37 672776.8358208955
38 741938.3392780403
39 668397.6573875803
40 841330.7546174142
41 788937.1707006369
42 842128.6794765268
43 788089.2819438626
44 852489.913201886
45 946972.2426787253
46 917614.1987220447
47 954147.118852459
48 941370.3611563517
49 926478.7700236203
50 969919.89833801
51 977652.4748354215
52 952354.1883379442
53 1121488.63077246
54 975702.1008081668
55 1035014.3514975042
56 1144279.8235039029
57 1133944.0465799412
58 1103526.266285956
59 1177570.3793473593
60 1221176.268707483
61 1255247.2507036156
62 1214693.7323076923
63 1195586.768239406
64 1206838.441252144
65 1208169.9854824936
66 1234786.294938918
67 1300437.771250269
68 1337136.664719879
69 1320417.1460794844
70 1363141.2200796478
71 1382549.7596732588
72 1400903.8097624755
73 1492190.4736396358
74 1371553.748791255
75 1348373.3744205646
76 1352942.1587473003
77 1549864.1100021235
78 1634664.4347464673
79 1605104.4517039289
80 1502755.3163477536
81 1606234.5893679364
82 1491391.698633063
83 1561100.584061368
84 1645591.737006237
85 1696008.9854590776
86 1447301.0587615839
87 1641467.279941065
88 1598604.3033072236
89 1739921.0407423207
90 1732574.2694444444
91 1745310.846071505
92 1750004.075399361
93 1900295.946480033
94 1832170.7764458465
95 1852805.943308746
96 1832960.3516198704
97 1879295.6972789115
98 1811390.9894736842
99 1977853.8739603327
100 1877968.828344149
101 1947995.550464527
102 1966224.7199038672
103 2086919.878616352
104 1981600.1824539097
105 1990224.8411676325
106 1973302.7193941944
107 2038852.9826515315
108 2040103.3972921516
109 2059719.9148000837
110 2087732.815410669
111 2145971.6420442346
112 2177595.9195573526
113 2166546.766957261
114 2148646.429326009
115 2145579.6421008925
116 2261188.423507069
117 2228519.410251002
118 2293185.9496148243
119 2320670.587989119
120 2334443.032667499
121 2339805.252166561
122 2333396.929032258
123 2278380.8608713956
124 2445109.356567797
125 2495562.342321466
126 2389508.526012793
127 2371551.5198455267
128 2418311.3443075614
129 2424676.013333333
130 2498775.002717391
131 2432950.8681226377
132 2625655.316170213
133 2575061.884557398
134 2559129.5011694664
135 2573101.330969267
136 2681988.438854978
137 2560398.2347348407
138 2720457.5406845664
139 2608335.224968314
140 2711338.752502085
141 2726383.7459618207
142 2685679.030644818
143 2727854.8272516346
144 2711469.6090735635
145 2679329.393330483
146 2765031.423548991
147 2836471.756065858
148 2826231.028466681
149 2818495.9576988155
150 2983469.0543268197
151 2765039.7973492946
152 3048231.2715946846
153 2882599.548024948
154 2991467.425772747
155 2855965.2051658966
156 3020221.6109559615
157 3062658.830537269
158 2914787.790480238
159 3115971.2587338556
160 3132899.383976754
161 3232099.1128526647
162 3061573.75117773
163 3255367.0804986265
164 3159689.021636675
165 3199854.3431560965
166 2955904.7802587645
167 3213415.644994618
168 3326336.3829605966
169 3235333.8236176595
170 3300630.759004584
171 3267622.917942177
172 3413046.1741487747
173 3346181.955366411
174 3229777.3642384107
175 3465398.886984127
176 3470717.1246803068
177 3212678.3579957355
178 3363420.544606034
179 3649320.966666667
180 3560275.469035965
181 3623445.0601970865
182 3523290.0307855625
183 3671831.708049404
184 3407670.7568201195
185 3627757.7564591276
186 3522719.9903887226
187 3626122.3582474226
188 3603428.3378378376
189 3485646.16807268
190 3592218.384123484
191 3684860.389663307
192 3725273.261884183
193 3711595.4575990047
194 3689620.6938950988
195 3685237.725644852
196 3975231.3255813955
197 3817933.2631229237
198 3804712.1752996575
199 3904204.4515715204
200 3893459.1655629138
201 4060840.497649573
202 3949407.2633579727
203 3873746.1026719967
204 4031335.343525938
205 3863206.8550384287
206 4039280.911544228
207 4085273.087422327
208 4201601.584490981
209 4070547.047113752
210 4061957.7574050897
211 4003088.8790547797
212 4269140.708272557
213 4356724.018014154
214 4070452.479321315
215 4071533.2178594046
216 4168455.8810440735
217 4401928.597131148
218 4332689.5190166
219 4396988.740145673
220 4292677.554526316
221 4485403.593346465
222 4427527.808374279
223 4387140.423593619
224 4514673.6346964585
225 4444216.223244147
226 4443804.885104548
227 4424225.64426194
228 4452040.470625663
229 4664609.608016877
230 4464774.470948658
231 4337115.703511054
232 4622566.520264681
233 4576937.588098755
234 4631497.928122381
235 4656642.313291819
236 4654079.888888889
237 4855515.201084689
238 4545171.89827957
239 4803295.755280564
240 4799692.394569368
241 4819368.605997064
242 4672291.266400336
243 4883007.219429778
244 4752103.529599659
245 4886003.237510584
246 4768639.652449325
247 4967222.321947054
248 4914884.995133305
249 4803637.652459712
250 4991573.194585448
251 4869044.086130463
252 4902250.498020421
253 5095273.263224714
254 5098193.417996171
255 5010377.394336433
256 4952001.9201352205
257 5155996.106669563
258 5193536.2949260045
259 4990836.004230118
260 5499912.911820281
261 5123389.495891004
262 5125783.366757953
263 5291835.501074807
264 5407942.573739094
265 5074620.762573345
266 5367161.746386054
267 5475260.680510491
268 5176446.337877517
269 5308275.691113029
270 5344078.961790162
271 5388160.75
272 5370109.082297471
273 5387594.178076349
274 5389544.549745181
275 5905632.065189329
276 5668876.529386803
277 5912775.377194795
278 5626048.701100762
279 5830452.51539605
280 5564054.1709636515
281 5598582.703719447
282 6214840.965021459
283 5575276.200084692
284 5544673.727548807
285 6045895.587510804
286 5768701.330152672
287 5783819.939343234
288 5788980.77855925
289 5787896.363290336
290 6055781.651892118
291 6323086.877601998
292 5577877.139982876
293 6287327.6510504205
294 6096766.55896027
295 6167273.538573508
296 5939490.785502331
297 6007412.013496415
298 5982468.396606575
299 6202754.910301045
300 6585356.839513932
301 6430266.176210526
302 5802908.477672821
303 6013862.383713494
304 6288996.077036104
305 5987680.953469048
306 6028771.1856958205
307 6296830.745994941
308 6184028.831350449
309 6512900.886407147
310 6202179.68689268
311 6103335.370997728
312 6509243.894557097
313 6588920.632057518
314 6487506.009040034
315 6451307.168169428
316 6456466.363326952
317 6755902.553049828
318 6801615.243172384
319 6604952.427519461
320 6488700.591733445
321 6763322.165925926
322 6732467.241012551
323 6726082.404979783
324 6856599.748625793
325 6777127.508425213
326 6352005.045291006
327 6941794.159751037
328 6937334.029967426
329 7465319.353232759
330 7014428.526451061
331 6581703.051303441
332 7589449.89655914
333 7360483.604463337
334 7491842.741027295
335 7174309.813768571
336 7028425.416805324
337 6767572.585381092
338 7394505.215128529
339 7050365.837386019
340 7385896.550824462
341 7493445.451282051
342 7136531.040477205
343 7606527.445235015
344 8198652.411739954
345 7284521.884983361
346 7095294.368652451
347 7552200.984625106
348 7285294.202682241
349 7612631.299527288
350 7049654.506563374
351 7272363.73278585
352 8021140.121237634
353 7765818.763082583
354 7709755.133089658
355 7410718.060132677
356 8275826.037719674
357 8367624.298821549
358 8041039.354564316
359 7783786.775372977
360 7817929.76450728
361 7732661.63877681
362 8132881.350903294
363 8829800.642267823
364 8235888.315472348
365 8963941.214315701
366 9807042.750774954
367 8936127.72413793
368 9436782.808257077
369 8646399.489087734
370 8223061.348777349
371 9531505.515183028
372 8135254.77483584
373 8050106.7272727275
374 9201387.551554127
375 8971776.993219597
376 8598542.365739757
377 9926986.738549618
378 9199420.834498834
379 9382481.883086681
380 8536635.368632425
381 8790131.740919588
382 9159681.40072977
383 1.1793144406721242E7
384 9679570.363655731
385 9693514.896749523
386 9151066.018204646
387 1.1651757781676413E7
388 9215674.849957913
389 9583466.703711743
390 1.0238420902276048E7
391 1.075577075088376E7
392 9810261.667328918
393 1.0413534517034497E7
394 9605392.095053148
395 1.156283705125501E7
396 1.0164012570747562E7
397 1.063225772022804E7
398 1.2399284258246528E7
399 1.0323448424117774E7
400 1.1096814871380612E7
401 1.0040417790315961E7
402 1.0265512838291543E7
403 1.058059674206517E7
404 1.2175729478317153E7
405 1.2670090337667786E7
406 1.0431290591699261E7
407 1.2897326899679145E7
408 1.189238100194721E7
409 1.2042645048056832E7
410 1.1225064144860791E7
411 1.1253870332551194E7
412 1.1167672371862477E7
413 1.325148857130925E7
414 1.1995731933082392E7
415 1.3581283635886215E7
416 1.2427188914322251E7
417 1.3746068391834117E7
418 1.2047885746180708E7
419 1.1579164035226302E7
420 1.6847416125551123E7
421 1.3556775486288466E7
422 1.26525607867199E7
423 1.3181239339696312E7
424 1.3882556552160168E7
425 1.802165145287405E7
426 1.4741640388971685E7
427 1.5527645027411815E7
428 1.498835046919331E7
429 1.5018362725164859E7
430 1.168061106849315E7
431 1.2586703151747655E7
432 1.3100880982715009E7
433 1.743190984574581E7
434 1.9329322881656803E7
435 1.864227594211446E7
436 1.5223377777708333E7
437 1.7599126262115467E7
438 2.317354404659043E7
439 1.8974673474601176E7
440 2.5570228848517403E7
441 2.152436738910093E7
442 1.543189564229543E7
443 1.7670815301253453E7
444 1.967008621903548E7
445 1.840039142754693E7
446 2.779532801430739E7
447 2.7483141773686476E7
448 2.2138943615842003E7
449 2.0631982635322094E7
450 1.8445361162603397E7
451 2.7371533444862157E7
452 2.836295262753902E7
453 2.1108678323236514E7
454 3.7675061606841214E7
455 2.969431862314795E7
456 2.4500519495264154E7
457 3.453603790837249E7
458 4.005229513625866E7
459 3.808035624627335E7
460 4.639358855644651E7
461 3.6319730467683055E7
462 3.0137895496776965E7
463 3.408088641561713E7
464 4.1459195574386336E7
465 4.4361275779250845E7
466 3.0629730707747977E7
467 5.5478184630680606E7
468 3.763008153929024E7
469 4.355000853703704E7
470 4.186329780479525E7
471 3.420587467125861E7
472 5.555949152720017E7
473 3.995424426374095E7
474 4.478234211406844E7
475 4.4016450094122656E7
476 5.4675661388828985E7
477 5.656179076642487E7
478 4.4742033435301505E7
479 4.2830201192509994E7
480 4.7366183307336554E7
481 5.1247080010588735E7
482 6.0371583125715494E7
483 5.2108172318433374E7
484 4.964397057094307E7
485 4.580886214807692E7
486 4.3010882993824534E7
487 4.2151394545551986E7
488 4.8366428179449774E7
489 4.174492842428061E7
490 4.609046122289534E7
491 3.6809888540109195E7
492 4.405651359275363E7
493 5.014803658377239E7
494 3.5595219878502674E7
495 4.492594059080314E7
496 4.570985690648567E7
497 4.495044493079216E7
498 4.543447542500543E7
499 4.922333872187965E7
