1 346.65030897855326
2 628.3684955752212
3 614.7689184200813
4 610.1627827278958
5 809.5595667870036
6 1009.8166138683562
7 1229.0800442641091
8 1137.2666666666667
9 1353.8486370157818
10 1306.6571327683616
11 1501.1645161290323
12 1474.4242424242425
13 2100.466690544413
14 1858.5758226037196
15 2219.5895227843557
16 2419.797122832903
17 2395.9562861271675
18 2284.2033898305085
19 2136.609964412811
20 2486.3850613915415
21 3019.9287264833574
22 2577.8153738153737
23 2482.531349628055
24 2856.2734265734266
25 2999.3349701858997
26 3710.149199417758
27 3603.991175432404
28 3691.1478949262323
29 4241.270818505338
30 4145.175730669626
31 4158.388583973655
32 4404.574053656744
33 4370.505177514793
34 4093.0074441687343
35 4506.995750708215
36 5310.694729395119
37 4533.945019635844
38 5059.4198834668605
39 4585.95090715048
40 4721.859872611465
41 5962.800142755175
42 4862.428068941259
43 5136.220048899755
44 5034.1726418378
45 5728.1426024955435
46 6031.313357400722
47 5976.7556037599425
48 6089.064985795455
49 6413.595714787496
50 5654.143879742305
51 6413.704199855178
52 6444.806078147612
53 6797.203455571227
54 6447.3207885304655
55 7164.9473684210525
56 7289.515333098343
57 7838.095536702323
58 6375.503374777975
59 6839.413948256468
60 6750.040447815096
61 7581.843390303453
62 7615.416068866571
63 8383.414677591734
64 8263.851785714285
65 8387.027817919075
66 8903.030954115076
67 9025.619985412108
68 8891.187219730942
69 7681.771490750816
70 8143.082054941135
71 8487.139060793594
72 8393.745033112582
73 8692.568843151172
74 9026.804410701374
75 9029.390296111309
76 9664.934837092731
77 9462.937818181817
78 10057.300399564112
79 9934.073179524154
80 10373.943760984183
81 9383.731926668972
82 9530.122507122507
83 10053.000724375226
84 10119.791139240506
85 10748.212788632327
86 11398.032857142856
87 10264.718324982105
88 10915.13972201902
89 10499.54004178273
90 10588.79519825391
91 11229.264832022873
92 11205.307497283593
93 10940.037455830388
94 11744.972824091075
95 11665.532136445243
96 11624.506839452844
97 10310.55442670537
98 12494.322128851541
99 12223.833883388339
100 11065.74715909091
101 12225.073770491803
102 13282.289407540395
103 12425.30069673634
104 12807.129424383267
105 12863.197894736842
106 13392.844615924238
107 12772.862273361226
108 14043.793016558675
109 13780.453796561605
110 12495.436956521738
111 12365.028835884656
112 14510.73119827276
113 13656.515183246072
114 13072.532496307238
115 14135.086972212197
116 14307.580333951762
117 14012.728527078303
118 14335.238628158844
119 14023.344339622641
120 14397.856580829757
121 15218.406458797328
122 15968.08911614317
123 14956.516140229087
124 14891.618720636068
125 15398.105207969242
126 16022.882585278276
127 15686.154945054945
128 16520.000358551453
129 15884.637900035958
130 15726.872644801117
131 16297.80880733945
132 16365.587122590032
133 16569.35541535226
134 16066.772826880935
135 17037.336241366775
136 15900.06326825741
137 17277.33620689655
138 16051.041029207232
139 15764.14022819286
140 16965.393177737882
141 15122.22435665096
142 16864.729513888888
143 18537.223101835192
144 18658.45467080317
145 17345.235187204653
146 19520.732884399553
147 19711.04256803908
148 17976.098814229248
149 19450.55051038367
150 18722.120726495727
151 18161.60064935065
152 18378.80310515173
153 18870.412415269355
154 20514.645397873122
155 19458.9001447178
156 17908.397933737087
157 19957.39883973894
158 18144.117731514718
159 19098.38327783944
160 20011.75930521092
161 19914.292665474062
162 22469.639931153186
163 19385.750356125358
164 19962.323840817815
165 20662.64405543399
166 21320.72591539282
167 20748.66713681241
168 19570.36434901159
169 21059.700104858443
170 20392.466736694678
171 21123.090391459074
172 22204.29141432134
173 20729.34074074074
174 21041.980558501236
175 22353.83220278472
176 21950.33804347826
177 21267.54250440917
178 21621.80439481268
179 21799.43307086614
180 21321.142130134496
181 20494.17939481268
182 22685.612856099342
183 22113.161917998612
184 21377.053342570143
185 22371.347719298246
186 21048.253398396653
187 22169.08829712684
188 22273.13316672617
189 22267.217456173068
190 22507.143632416788
191 24352.207895689968
192 23580.175637393768
193 24325.49057274991
194 24311.929090909092
195 23555.805720265085
196 23522.016134689584
197 23921.21949458484
198 26136.662509170947
199 24644.82267966775
200 23777.84936936937
201 23745.34577114428
202 25702.456177402324
203 23686.521418539327
204 23986.147484493453
205 25349.943148688046
206 25582.101115509176
207 26140.014705882353
208 24845.559098786827
209 25436.198415556355
210 27075.534126706334
211 25734.259455638035
212 25420.64663287473
213 26331.61121028204
214 25117.377037305323
215 25762.038956397428
216 28924.09271523179
217 26369.26556169429
218 26029.14360041623
219 25941.174990751017
220 26746.306263656228
221 26919.13392200147
222 27552.38091969801
223 29016.473227206945
224 29560.005076142133
225 26855.98206599713
226 26650.368439716312
227 28471.75135135135
228 26395.734926864076
229 27645.357551896923
230 27837.959370424596
231 26811.248403122783
232 29627.63135442588
233 28245.556556195967
234 27569.188348820586
235 30479.342039355994
236 29989.880041724617
237 28417.089766606823
238 28432.28084179971
239 31201.888735790562
240 30305.80684596577
241 30150.062093862816
242 28917.116732923743
243 31251.008620689656
244 29143.233981281497
245 29765.12644535621
246 31877.00805270864
247 30801.86800148313
248 32229.38442477876
249 30355.009164610503
250 31576.57546494993
251 32225.34677419355
252 29371.362930077692
253 31771.974822695036
254 31187.749815225427
255 30766.991160220994
256 30301.67551093582
257 31743.171061762663
258 33295.35567010309
259 32406.26462093863
260 32188.20073529412
261 32062.027916964926
262 31185.975380159303
263 29882.692142857144
264 33789.73776839141
265 32271.813110181312
266 31987.332229580574
267 32592.563440860216
268 33273.73412698413
269 35642.58345323741
270 33279.489716312055
271 34944.40628385699
272 33319.82028337062
273 36629.202493388744
274 33651.38841506752
275 35391.97812613926
276 33136.29777128243
277 33263.76634512326
278 35844.36464682682
279 34343.260221760225
280 36534.81362799263
281 34976.678798586574
282 34687.006075768404
283 33953.033369604644
284 36644.98774333093
285 34917.729144851655
286 34423.35228095583
287 35262.74630097438
288 36102.04178674352
289 37569.835572842996
290 36553.12677595628
291 37153.057902403496
292 35553.805003679176
293 36180.142705005324
294 39141.17385057471
295 38350.78909868187
296 37435.30733618233
297 35772.081052631576
298 37256.16255805645
299 37351.230769230766
300 37264.83414127424
301 37557.83544749824
302 37235.30334652753
303 39014.56701388889
304 36365.08988355167
305 40749.83714386212
306 39992.44928032899
307 41791.7105077574
308 38297.6068555439
309 37441.049623545514
310 38566.10684357542
311 39138.51697312589
312 40088.045438022535
313 40210.461209964415
314 41053.93792124867
315 42205.24545130217
316 38803.36656997824
317 40539.90142348754
318 41238.15879360465
319 40356.05845070422
320 40405.7817331895
321 41388.63214670982
322 42769.37810218978
323 42234.85398230088
324 39594.663512092535
325 40560.51475182229
326 40458.142151675485
327 40152.19908386187
328 41084.97375787264
329 42819.745786516854
330 42705.363536316945
331 41818.421863536314
332 41350.04175588865
333 42479.29080541696
334 42897.93134435658
335 43350.179055291104
336 44481.439943141435
337 43318.95781032078
338 42302.915632754346
339 43888.88974991194
340 49568.39742721733
341 43912.4688172043
342 45846.879189944135
343 44488.68095930233
344 51650.070524412295
345 45244.699751861044
346 43568.08922198429
347 48535.75084301236
348 45487.876971608835
349 46174.051546391755
350 46242.07561567811
351 44295.553199137314
352 45444.95338674435
353 46317.859725234994
354 45175.052706552706
355 46072.21247771836
356 48401.38079470199
357 46785.768705035975
358 48797.48005749191
359 47220.79818181818
360 48894.59043509529
361 46833.46268115942
362 53210.25712171661
363 48933.81610044313
364 46220.08249279539
365 51962.77754086709
366 53011.44499469402
367 55313.760677726794
368 49396.58610812746
369 54246.701420159334
370 52430.42892946652
371 51453.131462333826
372 47823.736180904525
373 50315.29778745013
374 48737.175956284154
375 52438.11203770848
376 47814.73333333333
377 47701.040280857356
378 54256.355579096045
379 52589.385088671734
380 54715.68251698248
381 53029.38031161473
382 49768.14674115456
383 49715.57682619648
384 54415.79014915019
385 50508.9842877095
386 64458.90881801126
387 56073.69693732194
388 50306.71878354204
389 54792.803692539565
390 56255.71357674583
391 51655.04002859185
392 53967.19778650482
393 53108.4706744868
394 59489.536637931036
395 64024.37960339944
396 61892.843382090614
397 57658.425
398 58489.251698248125
399 51538.77349053233
400 57692.63059835185
401 62440.76507352941
402 57692.35287958115
403 54342.55598186258
404 82081.06087896254
405 59661.41073968705
406 61063.297484506016
407 63295.24001401542
408 64392.0885341074
409 66144.93808160344
410 62987.97603334491
411 58932.25974930362
412 64225.17988464311
413 67293.28353879623
414 63106.74120156417
415 69707.18240807498
416 69884.99927457381
417 63459.44200288184
418 63911.79077890325
419 68826.50183016105
420 81771.50921575713
421 52956.44333448157
422 70804.74464285714
423 60531.88045112782
424 66181.32034947215
425 60536.07215007215
426 94331.53020378457
427 86727.47842124678
428 79140.38453276048
429 70439.16258741259
430 90314.84987089635
431 74538.72156862746
432 92772.79220779221
433 99107.06363313188
434 81022.50923578413
435 89691.60036231884
436 67979.83140147524
437 92427.70127118644
438 83735.76884422111
439 84489.19337016574
440 73390.65827212312
441 98957.73120645397
442 101586.15423063192
443 82462.37491115849
444 96051.23036649215
445 107532.91065046462
446 149059.83180652253
447 134072.43968593862
448 158731.59006886554
449 100879.22014290575
450 165517.943355896
451 144762.59350741003
452 89114.07142857143
453 126403.88491501416
454 168458.37600279038
455 169890.92607576316
456 107956.49131693198
457 177381.3047652916
458 152399.91201643273
459 104936.80352011495
460 113766.2209671726
461 153627.57219061165
462 133305.4880418535
463 231050.7800565771
464 257982.01147028155
465 210400.45460967856
466 221188.80256766133
467 171756.17600574714
468 368198.62576028623
469 267293.0778894472
470 313372.07446434844
471 253228.84667619728
472 183860.95674300255
473 325763.17753366404
474 509641.40558659215
475 430789.0738060782
476 327630.5030045953
477 231716.03228070177
478 309994.13951154234
479 902498.0767234989
480 388165.01226551225
481 997016.9821167883
482 347087.66065747617
483 541142.9240056818
484 1523633.2821728035
485 2531115.8056460368
486 1217779.3030846484
487 2623657.881750794
488 1398918.8750899928
489 981103.169009009
490 2583198.78891258
491 6348641.47954866
492 2496904.5441448097
493 5257965.249907715
494 2388480.560589716
495 7171002.987627366
496 6342953.244005642
497 6454274.387144992
498 1.9679927727933165E7
499 6089174.806360424
