1 1377.0132708821234
2 3098.877666409663
3 4155.517313746065
4 8177.157811260904
5 6403.916559028675
6 8848.45719586536
7 13218.537458450524
8 13157.827612903226
9 10158.371667537898
10 15499.14509394572
11 15116.410276271625
12 20434.96531193373
13 20668.28859764089
14 18911.00184501845
15 22886.843831337846
16 24009.60289001873
17 26607.01240951396
18 33650.30814735144
19 30651.03309203723
20 31804.758060218493
21 28675.659736842106
22 39108.658523632505
23 37614.14695057834
24 34522.28905640759
25 37526.22656668452
26 36680.35325365206
27 44860.186717752236
28 42188.998701298704
29 47589.35263870095
30 45349.70484465508
31 43024.93657112527
32 51884.361757781844
33 46156.681055155874
34 60420.36771910724
35 55067.332802970035
36 53139.42301670146
37 55550.661550674784
38 59810.46345903771
39 54885.97789336801
40 58640.765957446805
41 66172.39004477218
42 61112.29515418502
43 60921.463898439564
44 61309.55613577023
45 65126.333766571355
46 69651.52189781022
47 72188.79994742376
48 72910.91310124901
49 71929.56222509702
50 84580.87805519054
51 82816.99572649572
52 76487.20769636268
53 86903.33403471857
54 84649.90103201906
55 81625.2697228145
56 86246.38096507598
57 87558.33018867925
58 94042.33998382313
59 89745.88820354665
60 95303.51860525631
61 102654.51268772657
62 90814.32320586695
63 99905.90259230165
64 111933.87928348909
65 104066.29316939891
66 106699.77074579832
67 90381.63838329764
68 104367.05760430686
69 96889.00655651718
70 107893.95439319762
71 115186.53455497383
72 106860.05065569555
73 114824.2276550999
74 106197.89083200847
75 109299.47791677304
76 113923.30612244898
77 127009.14841912725
78 119220.25238956342
79 113708.35510627268
80 122982.33229329174
81 131189.22182192485
82 121984.48308921438
83 123512.35869281046
84 124972.92723381487
85 124430.09794086589
86 126267.75956716812
87 137006.4109338216
88 122288.08279742765
89 139621.72863247863
90 130526.96440995451
91 144386.2562305296
92 149279.78431876606
93 151828.666121559
94 137737.84760185663
95 141101.3488555643
96 148079.6875166356
97 150393.1094369548
98 150114.86288416074
99 145831.5922953451
100 156150.09636691574
101 166079.28590285112
102 150274.08182533438
103 163976.5248301098
104 153416.94257630626
105 165764.3773784355
106 167770.43927178154
107 171395.02038115406
108 171620.4421715185
109 171759.3816952678
110 160153.3490541591
111 163023.00547445254
112 177847.45202902445
113 167822.99048625794
114 168607.0036082474
115 179893.00529801325
116 176420.33633788308
117 183330.25787145458
118 186206.87212943632
119 186040.54793800894
120 185905.97972792745
121 187640.35356762513
122 192242.05124056095
123 179013.75560833994
124 193076.70989127553
125 199379.73365617433
126 189742.8842357962
127 187738.5725976769
128 193444.86514794448
129 200999.64315789472
130 197769.10169043846
131 202177.0020465592
132 193372.011476265
133 185160.0518162393
134 200106.86261143157
135 201475.7731027362
136 190340.8300209205
137 221585.34118249296
138 225428.72371573062
139 205392.53712021137
140 209319.82080167672
141 219943.43009320906
142 227521.7439959121
143 223302.9634114919
144 218253.27068873466
145 214713.33637339057
146 235925.68546301086
147 239886.56788476926
148 226569.89077412515
149 231635.24244751665
150 241523.0258553147
151 230545.38772298006
152 246700.4612811937
153 235688.3290776446
154 242194.47964884277
155 248242.59038662486
156 246251.66263476203
157 249133.3328978312
158 238992.9014454665
159 242368.48950863213
160 249571.88874311204
161 248393.2196286472
162 251732.80316205532
163 248106.91875161207
164 241362.39190628327
165 249880.6649719026
166 250408.18352754237
167 256736.584301575
168 268490.65381609794
169 264075.13462545833
170 273667.9044377893
171 254770.21510119358
172 262182.8992786535
173 272476.1323256431
174 276035.85924756643
175 256042.73190279215
176 276158.7896835948
177 284113.44186646043
178 284973.26197484613
179 268779.53349346144
180 277992.7224728045
181 283874.76026666665
182 288319.9749808527
183 279131.69163809024
184 273073.5430533545
185 281032.3936309058
186 287713.15009232395
187 285397.55523255817
188 287311.4611776967
189 303047.34484549466
190 282113.7891791045
191 303723.52806260117
192 291175.83859926276
193 297740.63489968324
194 303329.6442740016
195 308232.80548092426
196 307041.8703116746
197 315708.38168557535
198 298089.12951653945
199 324363.87302437716
200 301810.11996863567
201 308480.18100814667
202 317160.52831672784
203 310398.68733368814
204 326188.39250390424
205 302102.933747412
206 316796.7410379882
207 315600.292546086
208 340326.53860539675
209 340822.72707832133
210 316506.29885356955
211 339940.33636606904
212 338589.0465178097
213 335675.80498687667
214 340388.4830198537
215 332908.9889175258
216 320376.64762649976
217 351586.13872679044
218 339357.61621041334
219 357742.1869108538
220 343525.0315280956
221 346763.2283214002
222 357588.34375
223 316702.03814998694
224 344196.04621513945
225 346353.34138486313
226 359293.0055438226
227 342182.02688315144
228 381695.18079244293
229 364871.49960285943
230 366187.39352684305
231 367279.3796992481
232 379514.0821846554
233 366066.98618219036
234 374648.0609068956
235 379051.63085472345
236 387278.53580972744
237 389939.0041078306
238 369967.5973277443
239 374920.84150156414
240 401483.27428571426
241 383530.9253611557
242 401606.26023468055
243 394796.54396620014
244 397728.7185337093
245 406659.32023366966
246 374166.93796394486
247 373160.463574352
248 368089.5637254902
249 408673.4929356358
250 410428.82379084965
251 389954.92255717254
252 405012.4860010565
253 409668.8105784263
254 414441.93446989876
255 393231.5713174274
256 422058.6189714895
257 400798.3501042753
258 405724.56014838367
259 399420.4105626327
260 420715.79072191817
261 419824.7592448927
262 428920.8609118852
263 445813.579595186
264 421714.23700623703
265 422638.88844408863
266 431460.0747141042
267 463094.66757123475
268 443609.524046001
269 448238.2531914894
270 417681.55828877003
271 432722.5079024913
272 445801.2987707108
273 443042.4197109067
274 472648.8620323693
275 439698.17105606257
276 455724.3628691983
277 471095.94651708845
278 453926.8495668154
279 459747.356956067
280 466497.56438791734
281 425376.1024301019
282 451829.75210970466
283 489263.58562811435
284 472795.4371497198
285 463818.6963912134
286 485166.8955342903
287 488289.34635553224
288 452225.4215432418
289 463808.700128041
290 518721.9833773087
291 488922.3209191759
292 456915.9570536179
293 487625.1103780766
294 494182.37053571426
295 470762.69918074756
296 481906.5560809036
297 501103.45735217165
298 506754.7838827839
299 478640.65800977114
300 508910.44798301486
301 497174.2980944923
302 471866.24127906974
303 470163.0392359319
304 492180.98271346255
305 544757.7079365079
306 508182.2801792304
307 512049.5330314331
308 511246.20634517766
309 535059.2751407884
310 541354.6143687268
311 541328.3094359515
312 549131.0366300367
313 521145.57919872645
314 526726.4495798319
315 549750.4214985438
316 517290.16251325555
317 584390.131467793
318 531385.4821802935
319 527340.046043927
320 557406.5470151166
321 554539.2571956693
322 523949.0663681854
323 590343.2962079024
324 565720.6521060843
325 550945.4523233951
326 583280.2294692369
327 555006.2351372967
328 540704.848348745
329 564060.5281199786
330 644780.4980433082
331 569147.7566865749
332 580521.4944765912
333 559826.5218181818
334 566122.882517839
335 611866.2568969881
336 602599.8746645196
337 575456.0831991412
338 619166.3608865711
339 587911.5450896441
340 649301.7259004237
341 594877.1738069415
342 642624.1077812829
343 585921.2911525335
344 661741.1711215933
345 639433.0090982071
346 680044.1308698999
347 615792.5250192456
348 693348.8319458897
349 630514.9469355267
350 624856.5738993711
351 632059.0331840927
352 674727.7119732786
353 647669.1355320794
354 665707.2361822594
355 690750.2554666667
356 661103.5063660478
357 634154.2052549428
358 619685.1097103005
359 676988.9187965922
360 614760.745313337
361 689641.9994895355
362 671824.6044553111
363 704054.5704751735
364 721675.2645379024
365 722169.3282563025
366 748818.1208674954
367 710149.1079618655
368 801591.4681477516
369 815560.3968545216
370 641000.8802426801
371 691452.1195908734
372 760743.9097846824
373 667915.1015295358
374 770768.028556458
375 790322.7783756085
376 780151.0759854772
377 739244.120073088
378 695332.1406331084
379 758502.1206016653
380 707264.526288792
381 747958.1402858655
382 731437.8705484794
383 774158.0947506562
384 743781.1780821917
385 780498.8296804859
386 803637.0792974987
387 890470.0641767491
388 797415.6994309364
389 872794.9421487603
390 899774.3101026472
391 772546.9572178478
392 891280.5577072037
393 860030.1441393875
394 813260.573474801
395 871374.9384492406
396 880982.5406162465
397 740087.9762277952
398 851305.5719251337
399 909784.1867899604
400 1061601.5804491413
401 916920.7791164658
402 940549.2926003126
403 929528.7672793166
404 933550.4087046098
405 1030594.2972477064
406 1018616.0856396867
407 935730.7048366013
408 829088.4928254631
409 1118408.084035827
410 1139152.9095083738
411 1078309.377995362
412 993226.9210734017
413 1108131.7211613916
414 1213797.4348053306
415 1165388.9342773177
416 1073306.5486772486
417 1089929.938220969
418 1146094.0849690777
419 1109522.0573248407
420 1044655.3345935728
421 1338460.5879436326
422 820165.3191877116
423 1351688.1904384575
424 1038427.757169166
425 1146943.407135362
426 1168209.6474672153
427 1238057.4812010443
428 1116526.6172171088
429 1189007.1853961677
430 1113743.577849117
431 1281393.4709397068
432 1459900.485375494
433 1409133.0193582603
434 1369648.037007023
435 1133847.60624033
436 1564094.7489539748
437 1935470.8584729983
438 1844798.0998940116
439 1223271.655026455
440 1774887.259515571
441 1539172.1217413973
442 1482081.7805830296
443 1787356.8638911129
444 1779148.763457557
445 1540029.2508192589
446 2140446.841228527
447 1773181.6265592515
448 1976417.6102414434
449 2198996.0632674852
450 2848743.8349664775
451 2406906.999218343
452 2066646.6843626807
453 2214901.0023603463
454 2437741.9636125653
455 1996995.5232497388
456 3005621.8341170326
457 2545860.6186531265
458 2467924.2694687983
459 3242528.8984500268
460 3257157.003771552
461 1642348.9558784675
462 2453418.601462523
463 4062606.399688958
464 3854299.504702194
465 3534970.755538181
466 4250182.156226223
467 5949170.433091981
468 4870157.785018929
469 5387268.861797162
470 5726780.513246753
471 4211377.123530948
472 5875707.463531926
473 3930218.144488712
474 7604161.377852697
475 5142773.388015979
476 8282927.807063785
477 4565254.335001317
478 1.100033929534218E7
479 1.4681761691386938E7
480 8302189.494402985
481 1.52129489383812E7
482 8344377.708900523
483 1.6111389093913956E7
484 1.0438185864919867E7
485 1.735392876717759E7
486 1.051334159656539E7
487 2.1347908739242464E7
488 2.031988273308067E7
489 1.0839770308609959E7
490 2.012010355494071E7
491 1.6870079519855596E7
492 2.088943291223474E7
493 1.8101413153744377E7
494 1.9001995146784093E7
495 1.833255822102009E7
496 2.552704509008043E7
497 1.6523024072382478E7
498 2.283163785020661E7
499 2.308496992406417E7
