1 47.19068934646374
2 57.92719298245614
3 54.12343470483005
4 152.84022038567494
5 72.09074410163339
6 75.38130841121496
7 111.56885688568858
8 117.41772151898734
9 100.98257839721255
10 96.23507805325987
11 92.26618049225159
12 152.99282511210762
13 117.84150612959719
14 170.37102473498234
15 211.35149384885764
16 211.02472527472528
17 186.77025738798855
18 220.6513926325247
19 258.69908256880734
20 179.107276119403
21 264.6789900811542
22 256.76181818181817
23 252.8645558487247
24 226.9607305936073
25 237.04214223002634
26 277.78980891719743
27 287.10681399631676
28 352.57548845470694
29 246.08976660682225
30 360.98303571428573
31 338.456
32 473.7079566003617
33 313.9630996309963
34 316.22714420358153
35 371.88421052631577
36 505.9240740740741
37 388.6385321100917
38 444.43279569892474
39 446.0869955156951
40 440.84134179510426
41 534.9761450381679
42 568.568359375
43 521.838768115942
44 648.2459749552772
45 526.721251149954
46 513.7467248908297
47 482.8863436123348
48 893.1674087266251
49 529.0644007155635
50 501.33086876155267
51 465.6484736355227
52 561.763133640553
53 537.4554883318929
54 698.825
55 652.7571801566579
56 670.4724689165187
57 652.5407801418439
58 607.5834092980857
59 567.4603603603604
60 684.1686098654709
61 662.9131627056673
62 705.2686025408349
63 711.4596774193549
64 796.4452621895124
65 712.0411073825503
66 779.6991485335856
67 843.1016333938294
68 627.4499072356215
69 727.5783242258652
70 867.0925589836661
71 756.5490367775832
72 756.1253333333333
73 686.4019180470793
74 641.7716849451645
75 719.2527472527472
76 779.7342256214149
77 702.8627630375114
78 800.0564814814815
79 893.438032166509
80 852.5856502242152
81 842.312382739212
82 918.5362053162237
83 803.6003616636528
84 895.0476595744681
85 800.359649122807
86 956.1955357142857
87 929.0679347826087
88 888.3399433427762
89 1152.5934883720931
90 927.4914798206278
91 1000.6470062555853
92 995.4820415879017
93 1018.9655797101449
94 919.3370064279155
95 1072.2335640138408
96 910.0872246696035
97 1039.5638686131388
98 1165.2230902777778
99 1160.2452999104744
100 1051.2384473197783
101 1117.4418394950405
102 1125.8992395437263
103 1243.941011235955
104 1324.1293436293436
105 1112.857142857143
106 1202.2752457551385
107 1098.8903467666355
108 1369.054794520548
109 1111.5884543761638
110 1148.2326642335765
111 1178.906374501992
112 1401.4154275092937
113 1310.5916666666667
114 1370.7987364620938
115 1208.2481818181818
116 1160.9711191335741
117 1317.534046692607
118 3419.015274034142
119 1344.8480786416444
120 1176.872972972973
121 1202.6003683241252
122 1102.6423550087873
123 1472.4121996303143
124 1334.4012400354295
125 1451.5014492753623
126 1384.937265917603
127 1162.1608996539792
128 1567.272965879265
129 1417.2109025915997
130 1346.8408463661453
131 1398.2015915119364
132 1371.255357142857
133 1298.4661246612466
134 1512.753888380604
135 1473.7730941704035
136 1474.3333333333333
137 1435.6365313653137
138 1456.9363228699551
139 1634.0244821092278
140 1649.6423357664235
141 1503.9746376811595
142 1389.3722369584439
143 1438.7264875239923
144 1584.909404659189
145 1596.6902071563088
146 1457.586705202312
147 1337.3283318623126
148 1744.6382592928378
149 1617.7584905660378
150 1602.3574108818011
151 1832.703196347032
152 1677.907441016334
153 1591.3136899365368
154 1746.2162895927602
155 1533.0604651162791
156 1753.406357388316
157 1823.8082061068703
158 1717.5418149466193
159 1848.9579230080574
160 1606.2778793418647
161 1707.1175390266299
162 1560.9822852081488
163 1918.923144876325
164 1664.4948805460751
165 1746.7059369202227
166 2974.5541012216404
167 1907.5126859142608
168 1662.7039055404177
169 1747.7029328287606
170 1661.107042253521
171 1799.2846580406654
172 1830.5950804162724
173 1809.9140186915888
174 1769.6583969465648
175 1869.0335448776066
176 1865.2934293429344
177 1923.360930232558
178 2119.7749042145592
179 1869.776091081594
180 1771.0621621621622
181 1880.3261882572228
182 2057.1128584643848
183 2218.9848484848485
184 1950.8459330143542
185 2035.0063985374773
186 1805.5983302411873
187 1942.4876977152899
188 2168.7546125461254
189 2101.741814780168
190 2024.3958521190261
191 2061.949107142857
192 2067.3790322580644
193 2128.4210053859965
194 2066.936405529954
195 2002.9697239536954
196 2032.1704035874438
197 2100.395225464191
198 2201.4277828886843
199 2190.662075298439
200 2205.6891284815815
201 2188.4438254410397
202 2137.8798932384343
203 2222.6596119929454
204 2102.2165775401068
205 2109.3267045454545
206 1934.4965034965035
207 2099.342010771993
208 2316.278629395852
209 2363.2218278615796
210 1894.8640864086408
211 2457.4941912421805
212 2255.442396313364
213 2376.706615532119
214 2208.929889298893
215 2330.9944444444445
216 2583.1225983531563
217 2352.200383509108
218 2578.8872037914693
219 2110.962445414847
220 2263.305507745267
221 2456.664272890485
222 2345.1568441064637
223 2382.5683836589697
224 2379.3136042402825
225 2510.0094097519245
226 2474.918647166362
227 2458.627213420317
228 2265.5548387096774
229 2573.3917431192663
230 2655.833483348335
231 2324.1305506216695
232 2393.860933211345
233 2475.6719330855017
234 2602.8113035551505
235 2380.9560344827587
236 2300.60775047259
237 2366.643626570916
238 2685.990081154193
239 2457.3829225352115
240 2618.7932960893854
241 2527.2674118658642
242 2748.690685413005
243 2712.1294964028775
244 2763.996261682243
245 2494.120754716981
246 2694.929961089494
247 2716.721251149954
248 2405.1410373066424
249 2819.1045751633987
250 2510.6393146979262
251 2673.1176470588234
252 2806.3725305738476
253 2546.301780693533
254 2695.7276018099546
255 2685.974063400576
256 2790.611967361741
257 2862.8487544483987
258 2580.1345132743363
259 2892.4767747589835
260 2674.927289048474
261 2965.3804554079697
262 2971.8342342342344
263 2905.9602888086642
264 2502.0795135640788
265 2777.2271880819367
266 2998.2326007326005
267 2707.743075453677
268 2691.3889400921657
269 2901.133152173913
270 2848.857276119403
271 2916.5805555555557
272 3083.425550660793
273 2923.8899733806566
274 3092.1164623467603
275 2896.9410714285714
276 2897.1602624179945
277 2953.3816513761467
278 3050.536519386835
279 3336.328767123288
280 5493.11063464837
281 3042.2020109689215
282 2891.5346020761244
283 3220.449192782526
284 2787.5911111111113
285 3112.167123287671
286 2998.6059782608695
287 2945.8233644859815
288 3135.2794676806084
289 2932.5468164794006
290 3100.117798796217
291 3237.989408649603
292 3155.60403299725
293 3078.9127272727274
294 3342.82890070922
295 3015.899034240562
296 2866.3898617511522
297 3221.728
298 3160.291818181818
299 3115.402814423923
300 3054.2140921409214
301 3077.9276672694396
302 3309.399130434783
303 3287.2180801491145
304 3294.950774840474
305 3228.897548161121
306 3225.5267175572517
307 3149.5570583262893
308 3310.749063670412
309 3154.9131944444443
310 3361.6337099811676
311 3056.5701021355617
312 3277.9437551695614
313 3412.569573283859
314 3476.576097105509
315 3266.6058052434455
316 3268.369926199262
317 3267.12613430127
318 3408.3695255474454
319 3359.3602199816683
320 3400.234489051095
321 3346.449814126394
322 3500.35117370892
323 3423.806049822064
324 3243.846153846154
325 3587.864273204904
326 3184.065994500458
327 3592.4145454545455
328 3610.928445229682
329 3646.878923766816
330 3598.798051372896
331 3323.4406474820144
332 3416.823584029712
333 3235.923758865248
334 3616.0090334236675
335 3916.9148745519715
336 3397.7084805653712
337 3584.8077922077923
338 3953.7082204155377
339 3554.236148955495
340 3513.743761996161
341 3475.2096774193546
342 3877.3348540145985
343 3627.1750687442714
344 3647.0295138888887
345 3687.0956598759963
346 3621.038860103627
347 3527.125649913345
348 3704.148182665424
349 3522.6698382492864
350 3903.394160583942
351 3521.2267950963223
352 3452.8825722274
353 3763.1646706586826
354 3669.8567441860464
355 3918.2632058287795
356 3906.7589285714284
357 3647.8498168498168
358 3797.498171846435
359 3951.7303877367
360 3903.513940520446
361 3727.8818342151676
362 3629.047533632287
363 3880.2155094679892
364 3620.2338262476896
365 6479.318766066838
366 3963.8564058469474
367 3823.043321299639
368 3985.606485539001
369 3712.2535714285714
370 3854.577696526508
371 3747.3156899810965
372 3855.793488372093
373 4135.79213483146
374 4145.7277936962755
375 3817.0683682771196
376 4035.7737991266376
377 3721.199099099099
378 4532.114931237721
379 3939.4070716228466
380 3933.2247497725207
381 3793.2362948960304
382 4211.475930971844
383 3783.9053934571175
384 3611.683270676692
385 3773.6039783001806
386 3888.8455056179773
387 4356.980263157895
388 3950.5673952641164
389 3966.5573308270677
390 4004.6935041171087
391 4309.63679245283
392 3991.089065255732
393 4075.335746606335
394 4237.765225066196
395 4643.793448589627
396 4278.746765249538
397 4262.806818181818
398 4287.852385238524
399 4373.700549450549
400 4224.58801843318
401 4085.280316344464
402 4311.882300089847
403 4002.519759450172
404 4268.519572953736
405 4436.467619047619
406 4363.427661510464
407 4068.0600545950865
408 4525.7242339832865
409 4411.4264432029795
410 4468.645017793594
411 4341.614545454546
412 4379.109689213894
413 3952.1895017793595
414 4269.276315789473
415 4376.506196377502
416 4213.787906976744
417 4267.650088809946
418 5824.014692378329
419 4360.460573476703
420 4267.221934369602
421 16852.470483005367
422 4707.415537488709
423 4549.278962001854
424 4268.137236962489
425 4371.85886722377
426 4423.688277087033
427 5014.405575539568
428 4519.195233730523
429 5080.801623083859
430 4507.604672057502
431 4397.682666666667
432 4306.115452930729
433 5561.903743315508
434 4476.190689346464
435 4592.265668849392
436 4477.903342366757
437 4539.029090909091
438 4416.756782039289
439 4758.218668971478
440 4667.766461808604
441 4525.097604259095
442 4811.779513888889
443 4649.545454545455
444 4451.826431718062
445 4813.733800350263
446 4477.195952161914
447 4616.367454068241
448 4882.408289241623
449 4627.578998073218
450 4595.157613535173
451 4570.315168029065
452 4513.679000925069
453 4554.712290502794
454 4457.738888888889
455 4782.35304822566
456 4483.67577413479
457 4679.107407407408
458 4687.221907459868
459 5002.585077343039
460 6752.032286995515
461 4983.763731473409
462 4746.625783348254
463 4745.196132596685
464 4777.504241281809
465 4960.146318732525
466 4817.536380597015
467 4972.916666666667
468 4829.032608695652
469 4603.192205491586
470 4829.576286764706
471 4837.827616534741
472 4545.839749328558
473 4887.277413308341
474 4861.345186470078
475 5570.552466367713
476 5229.9648473635525
477 4823.72821969697
478 4862.167724388032
479 5124.1409001956945
480 4884.286339754816
481 4708.259124087591
482 4898.661091549296
483 5024.481228668942
484 5054.778409090909
485 4922.642329020333
486 4924.944237918216
487 4962.242735042735
488 4948.596804511279
489 6629.904363974002
490 5281.9955035971225
491 5059.201445347787
492 5034.135534317984
493 5074.288372093023
494 4888.069788797062
495 5121.828138913625
496 5079.896705253785
497 5377.065604498594
498 5345.169459962756
499 5061.615514333896
