1 257.81907308377896
2 230.28960155490768
3 257.9277218664227
4 271.4426523297491
5 279.540293040293
6 305.03535811423393
7 311.03956834532374
8 312.1418376449599
9 302.79909502262444
10 361.4524236983842
11 346.25852272727275
12 350.0873786407767
13 374.2795089707271
14 364.50825688073394
15 390.21315789473687
16 351.29097605893185
17 398.7489539748954
18 455.4580223880597
19 346.8808630393996
20 423.59855985598557
21 488.7333939945405
22 515.9856887298748
23 526.7658623771224
24 444.5160975609756
25 446.0205032618826
26 502.53258845437614
27 574.492606284658
28 502.84711111111113
29 414.58509659613617
30 548.1534968210717
31 553.831726555653
32 702.8721668177698
33 523.348717948718
34 528.7931671283471
35 614.3886894075404
36 640.8538175046555
37 481.4904397705545
38 644.327506899724
39 670.5276243093923
40 628.1529193697868
41 688.1075949367089
42 675.6891634980989
43 638.5635359116022
44 654.2192414431082
45 651.9495412844037
46 663.489497716895
47 904.4634353741496
48 824.3740234375
49 734.8333333333334
50 793.9055555555556
51 709.2058047493404
52 774.2486033519554
53 811.5386012715713
54 893.3098720292504
55 815.9053097345133
56 796.8056057866185
57 841.1876724931003
58 878.1361111111111
59 1040.5657298277424
60 922.9773139745917
61 841.9687203791469
62 836.31037489102
63 906.5790441176471
64 874.6347583643122
65 916.4371040723981
66 909.3381818181819
67 918.0309090909091
68 818.3635505193579
69 903.305635148042
70 965.7531992687386
71 884.258541089566
72 1027.8337777777779
73 1016.7475633528265
74 991.5768888888889
75 996.9794459338696
76 1022.9704301075269
77 1046.4880952380952
78 1021.4320875113947
79 1188.806255430061
80 1124.898836168308
81 1003.681146025878
82 1042.8393501805053
83 1015.1996303142329
84 1028.8504079782413
85 1035.6764968722073
86 1112.018814675447
87 1252.2046678635547
88 1154.958371040724
89 1124.2978723404256
90 1708.8235294117646
91 1082.3280815569972
92 1339.7565374211001
93 1349.077861163227
94 1156.6392229417206
95 1793.9991546914623
96 1152.0
97 1260.1022421524663
98 1297.9962962962964
99 1223.0216981132075
100 1215.646482635797
101 1277.9194876486733
102 1366.9069981583793
103 1335.7826492537313
104 1285.3084905660378
105 1360.806104129264
106 1393.0
107 1318.6524953789278
108 1464.895493767977
109 1378.3135435992579
110 1250.1815812337097
111 3671.950046253469
112 1443.184668989547
113 1435.114564831261
114 1430.2529358626919
115 1458.1437389770724
116 1428.101818181818
117 1392.8867256637168
118 1516.2655565293603
119 1497.8698752228163
120 1471.1949685534591
121 1313.6076512455516
122 1371.9981785063753
123 1381.5391140433553
124 1519.4856373429084
125 1715.2625899280577
126 1500.2721461187214
127 1399.6278606965175
128 1617.0712353471597
129 1522.2577981651375
130 1575.3589087809037
131 1446.1190689346463
132 1754.6343012704174
133 1605.9014869888476
134 1509.5077767612077
135 1644.7275254865617
136 1498.8667255075022
137 1645.5173642030277
138 1606.0044365572317
139 1710.8436329588014
140 1706.8844086021506
141 1528.6863100634632
142 1763.1793960923624
143 1654.396370582617
144 1903.5363228699553
145 14876.80552907531
146 1721.854748603352
147 1835.4544642857143
148 1764.776493256262
149 1893.0053523639608
150 1758.0316169828366
151 1628.439600363306
152 1754.1989342806394
153 1760.9017608897127
154 1697.8783410138249
155 1964.443616029823
156 1822.7934397163122
157 1804.1005338078292
158 1807.6255707762557
159 1726.8555956678701
160 1800.2352380952382
161 1903.0189982728843
162 1696.1065801668212
163 1821.427255985267
164 1784.273526824978
165 1956.9248908296943
166 1863.5729265967589
167 1880.8157407407407
168 1850.2039711191335
169 1960.0564814814816
170 1890.2803904170364
171 1775.5837837837837
172 1992.7824909747292
173 1964.6810102899906
174 1851.9223659889094
175 2016.9557855127
176 1942.7072490706319
177 1975.9887737478412
178 1999.035682426405
179 2073.61269549218
180 1929.8145454545454
181 2096.4421524663676
182 2236.2793624161072
183 1919.6981465136805
184 1970.8042870456663
185 2152.3480613165016
186 2017.411190053286
187 2158.014638609332
188 2009.331550802139
189 2313.442462087422
190 2421.6766575840147
191 2292.653528872594
192 2120.0578358208954
193 2144.4154275092937
194 2133.966341895483
195 2117.117957746479
196 2049.060164083865
197 2524.4410646387832
198 2286.1246511627905
199 2333.6397800183317
200 2402.329390354868
201 2140.567788898999
202 2053.4193849021435
203 2496.352162400706
204 2139.7632575757575
205 2303.269527896996
206 2211.56369982548
207 2312.3998330550917
208 2360.48191681736
209 2279.597638510445
210 2725.40158172232
211 2317.6445623342174
212 2069.007181328546
213 2405.7315936626283
214 2303.32
215 2329.601092896175
216 2377.122302158273
217 2384.5084897229667
218 4563.5868544600935
219 2263.268249780123
220 2241.5417439703156
221 2439.20067170445
222 2333.008152173913
223 2539.694495412844
224 2468.9683830171634
225 2526.61220657277
226 2347.207615593835
227 2523.4355275022544
228 2389.3856088560888
229 2431.83523225241
230 2542.37794533459
231 2564.0317028985505
232 2511.591911764706
233 2711.0108108108107
234 2559.560619872379
235 2620.3871559633026
236 2360.6011396011395
237 2376.869365225391
238 2412.996272134203
239 2505.142991533396
240 2550.983240223464
241 2584.4546240276577
242 2397.959349593496
243 2625.967063129003
244 2485.6158038147137
245 2390.4202226345083
246 2557.8092979127136
247 2787.6372549019607
248 2549.281598513011
249 2669.438596491228
250 2721.4523346303504
251 2727.883082373782
252 2853.567788898999
253 2738.108597285068
254 2720.4995400183993
255 2765.029438822447
256 2790.3643761301987
257 2645.8966431095405
258 2515.7837370242214
259 2879.0083487940633
260 2919.3256433007987
261 2930.7080035180297
262 2728.3973880597014
263 2900.7590579710145
264 2758.5276785714286
265 2661.652329749104
266 2709.182632050134
267 2735.5108593012274
268 3070.6007462686566
269 2985.8377659574467
270 2836.9286328460876
271 2856.8019891500903
272 2939.8122151321786
273 2851.535804549284
274 3739.474543707973
275 2916.4887892376682
276 2864.4404332129966
277 2861.8977272727275
278 6972.367736339983
279 2933.4667896678966
280 2966.2810760667903
281 2898.851662404092
282 3110.960595446585
283 2888.5519922254616
284 3133.665158371041
285 3166.821062441752
286 3765.6705989110706
287 3061.582336706532
288 3142.8309734513273
289 2913.561116458133
290 3014.2448430493273
291 3122.806104129264
292 2899.187378640777
293 3021.200546946217
294 3103.0037735849055
295 3005.0536363636365
296 2966.5763358778627
297 3192.858725761773
298 3221.625806451613
299 3377.616352201258
300 2809.7244165170555
301 3034.4322033898306
302 2868.513611615245
303 3125.2647325475973
304 4533.276538804639
305 3077.867537313433
306 3071.7903225806454
307 3168.2897111913358
308 3174.4279475982535
309 3271.342541436464
310 3258.6892393320963
311 3136.9549143372406
312 3318.627541589649
313 3083.916003536693
314 3256.986631016043
315 3017.9325044404973
316 3330.409764603313
317 3012.829074889868
318 3027.9487870619946
319 3057.9848484848485
320 3452.8525862068964
321 3455.810138248848
322 3639.9661172161173
323 3481.2634457611666
324 3192.981904761905
325 3150.2606761565835
326 3321.5212014134277
327 3730.974121996303
328 3399.235632183908
329 3375.975
330 3333.987951807229
331 3472.6302916274694
332 3377.4367201426026
333 3481.0938053097343
334 3478.242144177449
335 3366.558303886926
336 3414.3644444444444
337 3528.1728395061727
338 3430.282746160795
339 3229.2100538599643
340 3295.268535262206
341 3531.540491355778
342 3251.7093023255816
343 3448.9466421343145
344 3242.65819456617
345 3667.1270417422866
346 3616.3506151142356
347 3759.6657032755297
348 3425.930320150659
349 3557.4414335664337
350 3496.28103946102
351 3485.2235188509876
352 3430.61376146789
353 3697.2603383458645
354 3648.791739894552
355 3496.8347107438017
356 3572.3409475465314
357 3467.5557603686634
358 3543.948811700183
359 3524.8935185185187
360 3436.404366812227
361 3624.678057553957
362 3585.6717081850534
363 3620.60707456979
364 3365.467543859649
365 3619.850823937554
366 3566.009417808219
367 3579.7985004686034
368 3571.924392439244
369 3573.5284039675385
370 3790.064781021898
371 3730.6288659793813
372 6929.4661582459485
373 4186.155425219941
374 3573.6143911439112
375 3488.2849002849002
376 3959.560296846011
377 3619.838181818182
378 3839.7921348314608
379 3770.600921658986
380 3767.4560632688926
381 3655.803686635945
382 3534.0099099099098
383 3584.830823737821
384 3803.9032258064517
385 3920.5108593012274
386 3722.736793327155
387 3661.3133086876155
388 3938.8157653528874
389 4189.013108614232
390 3782.1502732240438
391 3979.178145087236
392 3782.04625346901
393 3755.2644628099174
394 3712.5616438356165
395 3908.552609067579
396 4139.599418040737
397 3923.2178387650088
398 3917.4883720930234
399 3880.7848948374763
400 3933.790510295434
401 3789.095818815331
402 3863.4088927637313
403 3924.857274401473
404 4095.4845173041895
405 3897.566493955095
406 3938.2239776951674
407 4038.1895777178797
408 3736.0771349862257
409 4093.087912087912
410 4144.035964912281
411 4017.7511693171186
412 3807.604278074866
413 4058.9681528662422
414 4252.545961002786
415 3966.389179755672
416 3935.065857885615
417 4234.125856164384
418 3905.2568058076226
419 3855.0125
420 3985.3566820276496
421 4147.4365704286965
422 4210.595370370371
423 4231.835959221501
424 3845.3987226277372
425 4163.052826691381
426 4021.395287958115
427 4451.641735918744
428 4206.758744394619
429 4508.3762557077625
430 4156.964618249534
431 4144.825278810409
432 4042.7139084507044
433 4071.0394133822183
434 4621.3705722070845
435 4260.005509641874
436 4287.966260543581
437 4559.714152700186
438 4212.794035414725
439 4110.706581352833
440 4376.16
441 4325.730496453901
442 4188.5245737211635
443 4039.518963922294
444 4520.282771535581
445 4017.7943067033975
446 4427.1053130929795
447 4170.151027703307
448 4025.38371040724
449 4520.541366906475
450 4100.833333333333
451 4335.8
452 4417.345759552656
453 4501.192934782609
454 4167.439670932358
455 4324.59849198869
456 4182.449640287769
457 4666.978705281091
458 4329.056350626118
459 4654.886111111111
460 4518.3216216216215
461 4549.940754039498
462 4531.931221719457
463 4342.121376811594
464 4802.244052863436
465 4549.112624886467
466 4470.678222222222
467 4370.063865546218
468 4510.905555555555
469 4772.787408759124
470 4425.708256880734
471 4456.736244541485
472 4521.832082551595
473 4520.211254612546
474 4582.737906772208
475 4355.556797020484
476 4633.319109461967
477 4469.4181478016835
478 4461.263992537313
479 5156.000899280575
480 4479.909918107371
481 4569.91296625222
482 4552.1567759078835
483 4452.372312983663
484 4487.353228962818
485 4754.9053934571175
486 4455.977148080438
487 4642.110294117647
488 4621.770814682184
489 4615.247151621385
490 4554.347578347579
491 4714.860909090909
492 4529.477625570777
493 4563.4951171875
494 4877.700171821306
495 4511.398849472675
496 4526.188288288288
497 4630.527173913043
498 4595.003558718861
499 4748.210711150132
