1 270.5059665871122
2 280.94174757281553
3 248.99642431466032
4 305.5107142857143
5 327.3760379596678
6 309.7361963190184
7 302.32611464968153
8 384.59797724399493
9 368.46598202824134
10 445.77061855670104
11 400.6187648456057
12 420.43048780487806
13 349.97310513447434
14 374.2569027611044
15 324.03923900118906
16 436.7553324968632
17 430.46882793017454
18 368.42105263157896
19 415.1772784019975
20 442.52299605781866
21 587.8624849215922
22 432.2352941176471
23 588.7829268292683
24 533.6530612244898
25 410.68811881188117
26 529.2203182374541
27 473.0577395577396
28 600.0681265206813
29 502.8014888337469
30 554.452380952381
31 605.7021791767554
32 560.3528662420382
33 721.1609467455621
34 575.2002427184466
35 656.4600484261501
36 545.3156565656566
37 558.1449814126394
38 614.4811083123426
39 840.112426035503
40 647.6124852767962
41 772.2271662763466
42 693.62441314554
43 1357.0477855477855
44 661.1784841075795
45 772.1792336217552
46 703.605324074074
47 693.0719696969697
48 577.994923857868
49 817.985798816568
50 757.4489559164733
51 699.3008323424494
52 576.7208737864078
53 635.9038004750594
54 770.5755305867665
55 713.129854368932
56 797.0887792848335
57 975.2512195121951
58 865.0441717791412
59 950.247572815534
60 768.9378048780488
61 816.2429792429792
62 844.596919127086
63 881.9173126614987
64 716.7354685646501
65 823.9192307692308
66 799.4626682986536
67 962.7955346650999
68 984.0694444444445
69 1010.9174641148326
70 907.9406880189798
71 902.9893899204244
72 1031.2251908396947
73 1024.735894357743
74 1019.3920386007237
75 1009.7924528301887
76 981.4169884169884
77 1177.5983412322275
78 1195.316985645933
79 837.288198757764
80 1053.5609167671894
81 1024.7736966824646
82 1143.0889423076924
83 1199.327868852459
84 951.9173553719008
85 1477.46699875467
86 1307.264563106796
87 1194.7617896009674
88 1470.7604938271604
89 1158.4866242038217
90 1060.6915422885572
91 988.3209134615385
92 919.6345475910693
93 1279.5971223021584
94 1274.01269035533
95 1521.1561743341404
96 1140.560398505604
97 1150.133162612036
98 1165.704410011919
99 1248.7971014492753
100 1255.7305764411028
101 1231.4218942189423
102 1337.645707376058
103 2020.1272040302267
104 1427.0655542312277
105 1366.8913907284768
106 1334.345132743363
107 1260.7876213592233
108 1304.288598574822
109 1433.1333333333334
110 1435.2383592017738
111 1342.96
112 1480.1472772277227
113 1292.656288916563
114 1155.964326812428
115 1356.1357409713573
116 1494.816301703163
117 1463.7856301531212
118 1384.7186400937867
119 1315.1118963486454
120 1416.4206549118387
121 1424.6333333333334
122 1475.1634615384614
123 1575.136046511628
124 1974.2739079102716
125 1725.8604060913706
126 1446.4184971098266
127 1290.8997584541062
128 1569.3791008505468
129 1604.9411042944785
130 1860.7263803680983
131 1727.4890885750963
132 1617.7426210153483
133 1357.8759305210917
134 1411.4666666666667
135 1276.3925465838508
136 1735.252801992528
137 1567.0939431396787
138 1491.2954264524103
139 2045.0941860465116
140 1827.8892733564014
141 1766.812858783008
142 1763.3410404624278
143 2098.423033067275
144 1839.9245495495495
145 1736.0684754521965
146 1568.3687281213536
147 1673.3398294762485
148 1997.0470879801735
149 1865.5738916256157
150 2030.6286764705883
151 1734.6849642004772
152 1636.6844155844155
153 1853.751275510204
154 1911.8487084870849
155 1686.8833746898263
156 2002.675505050505
157 1724.1817073170732
158 2123.749703440095
159 1714.9809402795427
160 1426.6328671328672
161 1695.9202380952381
162 1911.0047225501771
163 1658.5834266517356
164 1626.7088167053364
165 1886.495867768595
166 1674.9038701622972
167 2132.1302211302213
168 1836.467901234568
169 1974.3337453646477
170 1621.0565610859728
171 1900.6458598726115
172 2015.1474435196194
173 2040.0013404825738
174 1720.3115577889448
175 1865.27385377943
176 1881.0822784810127
177 2059.5974025974024
178 1962.521525215252
179 2276.7669441141497
180 2277.04161849711
181 2160.023282887078
182 1993.500606060606
183 2304.0194063926942
184 2014.6913875598086
185 1912.673417721519
186 2341.477011494253
187 2008.3308270676691
188 2133.9077669902913
189 2145.9830949284787
190 2245.5581947743467
191 2107.998763906057
192 2445.267303102625
193 2209.1958384332925
194 2161.6534772182254
195 1992.2267657992566
196 2110.523017902813
197 2270.8444444444444
198 2095.6293706293704
199 2153.6281895504253
200 2385.116564417178
201 6027.234523809524
202 2382.0324129651863
203 2195.8647281921617
204 2328.5717852684143
205 2425.289411764706
206 3244.615577889447
207 2161.6970387243737
208 2083.6883886255923
209 2272.7294685990337
210 2254.368674698795
211 2561.8359659781286
212 2269.095179233622
213 2322.8574793875146
214 2233.5614906832297
215 2537.377613776138
216 2483.3341346153848
217 2605.913730255164
218 2351.68584579977
219 2078.4375
220 2758.5700245700245
221 2221.96529562982
222 2215.3160556257903
223 2332.2250970245796
224 2196.1945432977463
225 2393.054320987654
226 2599.870460048426
227 2391.504112808461
228 2556.568434032059
229 2287.736470588235
230 2309.1968787515007
231 2607.3007614213197
232 2376.8743902439023
233 2443.2627906976745
234 2644.3213429256593
235 2450.977922077922
236 2701.8787158145064
237 2491.3408071748877
238 2660.2396593673966
239 2376.185006045949
240 2713.82119205298
241 2669.876887340302
242 2596.8793103448274
243 2501.655172413793
244 2443.7885783718107
245 2662.288713910761
246 2574.27732079906
247 2571.2787456445994
248 2570.7954815695603
249 2507.6736972704716
250 2523.520979020979
251 3101.547649301144
252 2428.960431654676
253 2829.924784217016
254 2851.309823677582
255 2733.027611044418
256 2686.5877689694225
257 2932.778728606357
258 2891.6816091954024
259 2970.7566320645906
260 2485.1202916160387
261 2913.1757575757574
262 2984.3007334963327
263 2745.935606060606
264 2577.068578553616
265 2407.1682926829267
266 2917.038944723618
267 3206.681818181818
268 2652.8588807785886
269 2695.235294117647
270 2603.909307875895
271 3033.810304449649
272 10419.216707021791
273 2838.539855072464
274 2946.1831501831502
275 2887.0704225352115
276 2848.0260545905708
277 2995.2872596153848
278 2643.709421112372
279 2874.153846153846
280 2808.1435239206535
281 3035.431203931204
282 2784.6956004756244
283 3102.5351418002465
284 2937.8446601941746
285 3487.607407407407
286 3073.0667475728155
287 2728.139614074915
288 3005.5995115995115
289 3119.0386007237635
290 2773.3636363636365
291 3045.6414868105517
292 3138.5328719723184
293 3094.3720930232557
294 3068.0119331742244
295 3020.6296296296296
296 3090.4835680751175
297 2969.8619883040938
298 2955.570552147239
299 3256.0603337612324
300 3278.8716381418094
301 3730.3262764632627
302 3254.9898477157362
303 3205.3977968176255
304 3360.502917152859
305 3157.0668257756565
306 2686.869879518072
307 3062.704326923077
308 2840.551044083527
309 3182.0827505827506
310 3173.631707317073
311 3098.633171912833
312 3335.198511166253
313 2982.040767386091
314 3681.263095238095
315 3247.8562653562653
316 3215.9070063694267
317 4172.908558030481
318 3296.4798534798533
319 3403.5926395939086
320 3253.1610660486676
321 3081.4460260972714
322 3452.4545454545455
323 3276.298716452742
324 3297.3745454545456
325 5050.763769889841
326 3349.317073170732
327 3317.6972255729793
328 3504.4418886198546
329 3661.2506024096388
330 3002.859277708593
331 3330.882708585248
332 3469.8101265822784
333 3924.42707117853
334 3500.497474747475
335 3074.3973589435773
336 3343.9700598802397
337 3400.7418967587037
338 3452.29216152019
339 3583.7286821705425
340 3634.485312899106
341 3387.936948297604
342 3369.199522102748
343 3663.6513994910943
344 3171.574850299401
345 3750.151589242054
346 3658.7584415584415
347 3564.1621951219513
348 3430.0123456790125
349 4082.7721661054993
350 5723.241142857143
351 5220.698598130841
352 3693.3800259403374
353 3690.977832512315
354 3863.193298969072
355 3612.121771217712
356 3785.7220930232556
357 3433.842682926829
358 3752.0290360046456
359 3354.827878787879
360 3586.7031602708803
361 3918.746913580247
362 3801.4530321046373
363 3826.7418981481483
364 3700.9926470588234
365 3812.159456118665
366 4325.632420091324
367 4586.2926525529265
368 3464.0981818181817
369 3726.4289156626505
370 3858.5311720698255
371 3782.7530266343824
372 4119.500609013398
373 3716.112623762376
374 3826.988693467337
375 4141.141975308642
376 3498.509592326139
377 3815.105067985167
378 4121.454970760234
379 4307.666257668711
380 4002.772506082725
381 4349.437799043062
382 3768.817593790427
383 3641.8721351025333
384 4140.658303464755
385 3977.470588235294
386 3814.4477958236657
387 4858.631782945737
388 3948.5079559363526
389 4011.7774936061383
390 3667.5499398315283
391 3414.870853080569
392 3851.295790671217
393 4791.118390804598
394 4024.844827586207
395 4078.643023255814
396 4401.408188585608
397 3998.5314426633786
398 3899.295238095238
399 4188.727272727273
400 4243.018703241895
401 4264.670807453416
402 3785.29913473424
403 3966.2120838471023
404 4099.100478468899
405 3875.392688679245
406 4056.894472361809
407 3712.4659367396594
408 3990.977584059776
409 4111.417582417583
410 6287.1104718066745
411 4119.758530183727
412 4053.1031941031943
413 5736.633886255924
414 3815.3835946924005
415 4087.933742331288
416 4048.920238095238
417 4243.852867830424
418 4036.1413911060436
419 4048.5586380832283
420 3944.271016311167
421 4120.629404617254
422 4141.992366412213
423 4045.6259168704155
424 4304.540155440414
425 4464.756129032258
426 5060.461910519952
427 4349.418181818181
428 4378.057108140948
429 4584.471910112359
430 4529.973170731707
431 4283.147201946472
432 3911.2054309327036
433 5798.271590909091
434 4383.445859872611
435 6924.35663507109
436 4121.6398996235885
437 4536.268948655256
438 4470.342447916667
439 4497.557232704403
440 4324.4154761904765
441 4430.227758007118
442 4780.227053140096
443 4743.169230769231
444 4299.194444444444
445 4423.751798561151
446 4256.732265446224
447 3958.806220095694
448 4455.559300873908
449 4624.727272727273
450 4425.948356807512
451 4435.985276073619
452 4442.502272727273
453 4924.562728380024
454 5318.429802955665
455 4271.169286577992
456 4457.324228028504
457 4525.8401937046
458 4725.895191122071
459 5135.548387096775
460 4594.785714285715
461 9071.44481981982
462 4478.317780580076
463 4545.578125
464 4672.236842105263
465 4520.0968553459115
466 5221.171393341554
467 4761.5261239368165
468 4503.686046511628
469 4441.28356336261
470 4880.635365853658
471 4425.232876712329
472 4619.154228855721
473 4517.712296983758
474 4593.887741935484
475 4972.504481434059
476 4574.727380952381
477 4707.081113801452
478 4925.31196054254
479 4359.71359223301
480 4758.241092636579
481 4660.0722891566265
482 4780.805023923445
483 4603.5667539267015
484 4726.860548271752
485 4794.459595959596
486 4841.486988847583
487 4821.82345828295
488 4656.560747663551
489 5021.920595533499
490 4670.449152542373
491 4681.386281588448
492 4911.076101468625
493 4988.366871165645
494 4732.667481662592
495 5088.489924433249
496 4737.447643979058
497 5223.584821428572
498 5599.535585042219
499 5193.706480304955
