1 417.70288510207524
2 637.3814276048714
3 720.3921469497809
4 1034.0912890820932
5 1250.8192527768429
6 1495.4746567214781
7 1359.2377955434597
8 1618.7622565480187
9 1995.339291680588
10 2003.3924961452801
11 2068.818135679242
12 2142.5509084676037
13 2445.656631687597
14 2987.233310856372
15 2770.251848031631
16 3044.4558899398107
17 3103.416524411062
18 3624.8954568485055
19 3610.941156404571
20 3926.5965806345553
21 4245.858969927411
22 3896.5918296693785
23 4718.897510729614
24 4450.997660427807
25 5165.953897736798
26 5402.189220563848
27 4972.45399597045
28 5146.144892703863
29 5451.777059223962
30 5906.6260941370765
31 6197.733757535164
32 6038.33765370555
33 5412.3004329004325
34 6676.630538513974
35 6564.853117705902
36 6161.209500609013
37 7024.09052596089
38 7081.111452991453
39 7155.988219454729
40 7388.612698412699
41 7947.54706082229
42 7633.9178637823225
43 8030.534684065934
44 8224.973160027008
45 8375.684494685338
46 8432.785059657617
47 9033.983538381563
48 9061.935375858027
49 9127.751282928499
50 8302.203815261044
51 10067.875270247796
52 10920.989261973751
53 9852.795775847386
54 10218.11032388664
55 10302.35550382441
56 10601.077159965782
57 10232.397456002787
58 11324.322450353417
59 10844.910928512736
60 11242.370644672614
61 12286.210233774726
62 11656.78557907417
63 12696.93707366985
64 12291.80667354661
65 12856.676005500172
66 12556.16774303195
67 12904.59403134378
68 13904.586696306429
69 12787.713520749665
70 13575.908606768597
71 14381.418584825235
72 13971.343797468355
73 14054.210588633288
74 14436.5053633218
75 15039.36776293251
76 15885.689707880434
77 14801.606296547056
78 15321.46249585131
79 14766.99320536776
80 16347.500333778371
81 16543.535654502844
82 16835.223305868505
83 16753.62040332147
84 17296.21912144703
85 17963.035659180525
86 16101.95758508637
87 17854.90043948614
88 17865.23663468129
89 17805.8577593361
90 20050.534020618557
91 18968.10880652839
92 18417.21434599156
93 18304.896728354262
94 18317.764898380985
95 19464.21820363387
96 19995.692672998644
97 19567.85923653715
98 20110.504330106978
99 21881.161006926846
100 20213.7693856999
101 20228.735278699984
102 21341.594456360337
103 21789.64530776993
104 23461.57478705281
105 22632.818799932007
106 22921.775081182703
107 22644.562541694464
108 22280.061876584954
109 22898.76850743717
110 23374.701739986867
111 22721.086874247376
112 23492.23557205535
113 23853.869953673064
114 23501.001659751037
115 25525.215086134805
116 23572.918209876545
117 25918.607905803197
118 26456.883504980586
119 26031.84219554031
120 25037.14006514658
121 27252.222241529103
122 27174.00690221857
123 27224.220006646727
124 27633.35838150289
125 28638.568068068067
126 27873.326269761183
127 26440.114352392065
128 26888.273405136704
129 26984.409329051883
130 27943.808770421325
131 27941.751558910404
132 30211.337264150945
133 31290.15740587162
134 31372.587261785357
135 30486.040683073832
136 32073.087489361704
137 30547.987279511533
138 32168.919499408083
139 29988.708929452394
140 31955.15087427144
141 31841.06752136752
142 31797.482828624597
143 34491.9055420007
144 32405.66070831941
145 35278.875882251676
146 34131.52950928382
147 35785.81590319792
148 33360.851746138345
149 36006.493565865225
150 36844.83299697276
151 37221.42694178829
152 37807.00069096562
153 36436.45350016909
154 37676.02873062859
155 37380.741043159476
156 37472.21169116405
157 38683.727060003344
158 37626.548355424646
159 39575.81185919344
160 39402.906618156616
161 42190.871782012706
162 38798.90303956529
163 40102.15192242259
164 39136.637873196916
165 39499.85604798401
166 42172.94023424044
167 42590.67349027636
168 44540.83381040579
169 41737.192052980135
170 42755.13539192399
171 41879.08004087194
172 43217.93706997819
173 45202.80655625747
174 46901.33548058993
175 43509.466766867066
176 44669.067448182126
177 43895.26996966633
178 45836.484551747424
179 46162.090034364264
180 46516.66915794719
181 46574.2345155269
182 47535.005515627614
183 50304.82690018704
184 46751.160850034554
185 50333.62980930077
186 49698.58914209115
187 48666.737737737734
188 49573.25902299815
189 49713.81812080537
190 51000.019260801666
191 52118.992067510546
192 52278.758609104654
193 51603.15259358738
194 53763.308370777166
195 53995.16860852197
196 56295.911516612156
197 54101.96899224806
198 56035.66766119675
199 54124.32567449957
200 58015.93203241277
201 55930.55954211515
202 59563.146570891055
203 55067.837887989204
204 57683.105831903944
205 57360.339190353145
206 58328.188568555146
207 59514.01802102453
208 60429.54772570641
209 60287.66871777815
210 58453.32403763901
211 60087.46867592279
212 59654.57103918228
213 63004.57707979626
214 64284.63196842625
215 60269.30951563037
216 60584.25127420999
217 65451.68652893973
218 64869.682374643635
219 67691.49545829893
220 63466.381121843755
221 62351.41158380318
222 69408.01103565365
223 72214.17459779848
224 66727.9444908878
225 66902.7679643286
226 68473.55408836972
227 67358.60010319918
228 69191.74728578587
229 72445.23583968202
230 74492.66586826347
231 70945.31343786883
232 75579.3079661017
233 75908.97196416721
234 71211.94229769538
235 70759.20853556486
236 75538.29511568123
237 78593.59893781052
238 74636.16943409014
239 74219.95896475395
240 78940.3509777478
241 76189.59842783074
242 77160.69338745138
243 76156.25418003715
244 82452.44278691303
245 80514.00017006803
246 78398.6642508006
247 78512.45107877572
248 80319.85668085107
249 83439.34577536478
250 83651.43148338472
251 83694.39922349763
252 79688.18584667228
253 83759.94892609505
254 87250.81824381926
255 84211.9506606456
256 89346.46795419586
257 89077.56363636363
258 87359.34257322176
259 86018.61064331424
260 89317.72293265132
261 96298.09297555973
262 90773.00535961273
263 91060.67937257548
264 94921.84601237251
265 91072.97103658537
266 94489.74327297343
267 96220.99607441542
268 101719.06181880108
269 96424.64583685188
270 94701.97096066183
271 100811.32208537203
272 95866.60077847351
273 95288.03727741721
274 94073.94916695001
275 98849.24707080999
276 101643.34163279133
277 100903.45014341151
278 101575.888021717
279 100345.01190675834
280 104590.62680728015
281 106302.75606857918
282 95944.1586678053
283 104175.42040054311
284 109925.91829514825
285 107796.34814444999
286 101419.69036888666
287 103449.17966101695
288 110123.2365335599
289 111811.86329715062
290 104653.50460279577
291 112139.28116576819
292 108256.34838817999
293 112959.51044363888
294 116619.75513295186
295 113480.1833703261
296 115497.06460206461
297 112865.23553162854
298 114570.88581669227
299 119071.3275862069
300 115141.41682085786
301 118507.20522325189
302 121566.02069313594
303 119983.25296035696
304 118008.99089222465
305 120937.01287410132
306 119903.96638513514
307 119849.09235283964
308 124062.833000333
309 119323.05153435624
310 122222.56911938037
311 130612.83924879394
312 119596.98341880341
313 125702.90268736437
314 132094.25029575799
315 127116.96137931035
316 135884.60869565216
317 121407.87928414655
318 127842.64409692388
319 129388.44193603557
320 128559.57870989305
321 135541.30315028405
322 133577.40721824992
323 130947.19454729048
324 133902.71870248351
325 126170.30947405085
326 128289.77489626556
327 132061.55312287848
328 130463.69504617968
329 138013.3958156149
330 145936.08508457203
331 138487.1936465022
332 135460.1192255435
333 146702.74390243902
334 134085.53968253967
335 145905.1801575331
336 143277.5461525337
337 142834.89165396985
338 147137.25739491437
339 141335.00170765028
340 138612.72255689424
341 144257.03859174
342 143213.2813141684
343 150881.4115163796
344 144612.26480428237
345 152567.45761567037
346 144037.86738351255
347 155934.29680832906
348 150913.37571284804
349 145439.87693881028
350 157674.13123404255
351 147545.40094498819
352 144391.14672075727
353 157017.57401149036
354 155682.1333105452
355 157617.2162162162
356 158762.6785593507
357 156828.11457981775
358 158433.53297927018
359 154551.12280411005
360 155099.25496631544
361 166002.62719672412
362 162433.06153846154
363 165099.86039402173
364 169044.25680933852
365 156320.12431129476
366 160396.55917462482
367 165976.0350877193
368 165769.45556499576
369 172198.67583939078
370 168738.27537942663
371 175621.01546391752
372 184151.46861854283
373 162436.69715242882
374 172451.08654507916
375 169282.83006864222
376 177036.47726501527
377 173184.16159250584
378 166460.5459295466
379 172001.99851705387
380 170384.79446640317
381 166442.85046413503
382 178620.71230091495
383 173359.00986898076
384 175130.79902619208
385 168223.6458087367
386 170838.9634912549
387 192243.10789561726
388 183227.514050143
389 171830.2196413322
390 174965.3241402792
391 182682.67838252857
392 177437.80620023716
393 186507.0244189963
394 180291.40104871447
395 183746.94397427217
396 185370.70379746836
397 184063.49781805975
398 178728.2000341064
399 177763.38730592048
400 188822.2822526738
401 192525.0446278208
402 188044.29964084146
403 189530.1785654292
404 195194.5313253012
405 186529.64598602353
406 195305.91724605733
407 183860.37876414272
408 197579.8234599156
409 197286.4338420258
410 185823.7399323181
411 185545.1641638225
412 200721.36708437762
413 199351.790036777
414 193930.03320345588
415 193280.7591568763
416 203063.08729472774
417 199518.8507056623
418 195082.7308411215
419 201032.18815213733
420 193887.48442906575
421 206108.98478632479
422 197541.3594639866
423 204874.21601080897
424 194733.82286606522
425 216982.36313502674
426 216454.01628336412
427 216271.0663067319
428 217789.01940273325
429 210395.0830092984
430 203960.03418367347
431 196262.6337817638
432 210753.09803595208
433 212035.0798688977
434 211211.55762273903
435 216538.32806521378
436 214134.01495581237
437 206771.26530612246
438 221608.7310995117
439 203968.95870156356
440 219047.1988235294
441 206653.22017892645
442 217479.47651233524
443 207801.50816604288
444 210549.01085504342
445 210502.96000669344
446 220679.8735535804
447 217916.90275663792
448 218831.63652053848
449 222771.33581572567
450 219466.79003558718
451 222815.3698490758
452 210285.32936640966
453 217055.90495015468
454 226235.14280879864
455 225232.2457200403
456 229683.94979367263
457 228033.7709805273
458 219509.33680322365
459 233548.27079796264
460 222394.86297577855
461 208563.416736542
462 229775.0016716817
463 229484.28194060773
464 222316.76427007915
465 223250.71094017095
466 228124.11811557363
467 224451.92228152102
468 224091.48867313916
469 234416.2504218697
470 226266.28414550447
471 224198.0580357143
472 229727.24604267033
473 221948.26638297873
474 228105.27425437092
475 237066.1457235164
476 228768.0646247055
477 221331.09859396433
478 239316.0416316938
479 230652.28797953963
480 235541.95583489042
481 222882.72752043596
482 221031.19452425215
483 235953.124430956
484 240486.46303236796
485 230018.37255557414
486 238427.0501786018
487 234167.43169215258
488 241783.60348956552
489 237705.9393680615
490 242335.87641572286
491 240717.27886597937
492 239292.75276878514
493 230227.47421981004
494 239657.532412146
495 238200.59263657956
496 242804.40474188665
497 243430.64924995787
498 234153.69193825044
499 243690.1851042367
