1 36.71568627450981
2 56.61328125
3 53.59685230024213
4 71.72553699284009
5 93.46713615023474
6 122.75961538461539
7 144.20173267326732
8 94.81358024691357
9 143.5447852760736
10 146.83926521239954
11 145.21975308641976
12 168.57035175879398
13 154.6547192353644
14 250.8991888760139
15 226.6072821846554
16 283.4489544895449
17 216.65041617122472
18 186.88496583143507
19 283.44363636363636
20 278.1604790419162
21 231.3780332056194
22 238.08556832694765
23 412.50251889168766
24 358.15963060686016
25 400.8324808184143
26 443.18476903870163
27 317.1508238276299
28 458.3687350835322
29 407.98658536585367
30 399.4877750611247
31 395.7059569074778
32 393.03937947494035
33 556.3740359897172
34 428.25245098039215
35 394.7496871088861
36 693.9398315282792
37 439.04545454545456
38 514.4
39 517.1672514619883
40 619.8581560283687
41 541.5141104294479
42 668.5883100381194
43 495.4014167650531
44 531.2409937888199
45 606.2797992471769
46 688.2929542645242
47 539.6979542719615
48 641.56
49 720.6116504854369
50 711.838874680307
51 722.2597864768683
52 807.442774566474
53 653.704938271605
54 647.1618569636136
55 765.5128205128206
56 830.8233295583238
57 671.9927971188475
58 852.3504672897196
59 572.7148194271482
60 860.6912991656734
61 990.4575087310826
62 850.5779141104294
63 881.0934911242604
64 775.3943181818182
65 983.0398505603985
66 908.5301837270341
67 1297.3505535055351
68 959.5527876631079
69 966.3284493284493
70 1017.1111111111111
71 856.1746031746031
72 902.3181818181819
73 879.9083665338645
74 969.1908975979773
75 1043.0669144981412
76 1075.9292452830189
77 1082.0593434343434
78 1277.5520467836257
79 1144.197429906542
80 1115.1269035532996
81 1015.8627450980392
82 1083.2617534942822
83 1315.5375446960668
84 1309.8211180124224
85 1077.7668639053254
86 1224.4092485549133
87 1028.5230024213074
88 1194.8670731707316
89 1172.053050397878
90 1171.395618556701
91 1411.708229426434
92 1001.560606060606
93 1358.3523573200991
94 1429.6771844660195
95 1147.7141133896262
96 1189.1975155279504
97 1423.549160671463
98 1250.8261877172654
99 1336.4156626506024
100 1213.377830750894
101 1394.566985645933
102 1270.2265446224255
103 1437.5806451612902
104 1377.606242496999
105 1415.2908224076282
106 1456.1373690337603
107 1186.0199530516431
108 1492.7852112676057
109 1205.1223990208077
110 1519.5995145631068
111 1274.607818411097
112 1573.7917146144994
113 1374.210012210012
114 1554.443444730077
115 1502.8149038461538
116 1350.9928656361474
117 1785.531969309463
118 1774.873774509804
119 1644.609112709832
120 1503.0576230492197
121 1509.3621301775147
122 2154.4375690607735
123 1659.2998819362456
124 1632.2749360613811
125 1419.2270588235294
126 1447.8066825775657
127 2501.743902439024
128 1773.867266591676
129 1646.9398034398034
130 1624.9483204134367
131 1635.34625
132 1868.6686674669868
133 1832.6136919315404
134 1748.39549436796
135 1547.816646562123
136 1662.9558638083229
137 1895.9406976744185
138 2675.602424242424
139 1549.7404580152672
140 1656.771144278607
141 1952.8857868020305
142 1810.7780487804878
143 2023.1742627345845
144 2328.9912280701756
145 1839.5084087968953
146 2384.608910891089
147 2554.195177956372
148 2042.052511415525
149 1952.797794117647
150 3607.1863425925926
151 2284.0515337423312
152 2049.8132387706855
153 1969.9640287769785
154 2039.4439024390244
155 1935.301568154403
156 1952.5556978233035
157 2376.199747155499
158 1977.8272620446533
159 2144.986075949367
160 1983.68339307049
161 1890.8936170212767
162 2278.3757649938802
163 2144.777245508982
164 2290.92811296534
165 2177.1111111111113
166 2334.4372716199755
167 2256.044600938967
168 2307.7889570552147
169 2342.2928039702233
170 2354.7227378190255
171 2246.5240506329114
172 2181.772998805257
173 2317.6629766297665
174 2310.2294685990337
175 3118.310038119441
176 2025.265664160401
177 2444.363523573201
178 2495.049875311721
179 2530.6453201970444
180 2326.009512485137
181 2627.0485074626868
182 2439.906432748538
183 2390.1371237458193
184 2354.1086419753087
185 2912.0153301886794
186 2510.910539215686
187 2366.9595050618673
188 2365.8239700374534
189 2444.714465408805
190 2405.820253164557
191 2300.7259953161592
192 2932.1393643031784
193 2649.423220973783
194 2496.137931034483
195 2468.2658823529414
196 2420.3411619283065
197 2912.292993630573
198 2704.028708133971
199 2986.6384522370013
200 2577.1502590673576
201 2403.4950248756218
202 2921.5372945638433
203 2870.5730337078653
204 2426.314148681055
205 2613.4835164835163
206 2961.7904411764707
207 2791.0977995110024
208 3050.6189349112424
209 2818.7599517490953
210 2738.627610208817
211 2797.045962732919
212 2988.11875
213 2845.397575757576
214 2445.92202970297
215 3022.710588235294
216 2830.0855018587363
217 2636.8852242744065
218 3172.7816229116943
219 4171.911515151515
220 2935.315724815725
221 3007.6925
222 2897.727388535032
223 3063.5629539951574
224 2995.0857487922704
225 3020.1050767414404
226 2939.8314606741574
227 3191.561142857143
228 2925.1458333333335
229 3059.346389228886
230 3167.0992736077483
231 3256.86
232 2876.9490291262136
233 3017.4016587677725
234 3628.4452133794694
235 3055.476868327402
236 8263.232893157263
237 3172.966871165644
238 3160.4387096774194
239 3107.2976913730254
240 3524.3513513513512
241 2927.75
242 2858.8878822197057
243 3477.7274909963985
244 4037.695093457944
245 3074.581683168317
246 3012.195416164053
247 3763.732292917167
248 3571.7266355140187
249 2976.411111111111
250 3337.6646989374262
251 3438.745029239766
252 3164.186298076923
253 3074.1295641931683
254 3665.192452830189
255 3236.6624365482235
256 3523.3879210220675
257 3494.1285189718483
258 3290.6276463262766
259 3529.605527638191
260 3367.3391739674594
261 3314.749095295537
262 3306.4821882951655
263 3442.782227784731
264 3511.0983397190294
265 7784.020858895706
266 3851.9655937846837
267 3527.605363984674
268 4057.945497630332
269 3433.0702836004934
270 3712.6025
271 3182.824844720497
272 3758.122653316646
273 3759.5425790754257
274 3668.640740740741
275 3710.466042154567
276 3936.9639115250293
277 3472.7725674091444
278 3658.167857142857
279 3492.919905771496
280 3184.498241500586
281 3861.234939759036
282 3661.4716049382714
283 3961.4051222351573
284 3781.6406067677945
285 3662.3925
286 3867.270202020202
287 3953.28453364817
288 3653.497455470738
289 4008.8694610778443
290 3902.0790419161676
291 4430.690886699507
292 3705.2336114421933
293 3963.3545232273837
294 4076.3912009512487
295 4453.269099201824
296 3763.155303030303
297 3702.8403465346537
298 3508.0267639902677
299 3666.5840490797545
300 4178.1056910569105
301 3815.383270911361
302 4091.814771395076
303 4399.213282247765
304 3971.3131067961167
305 4285.487544483985
306 3972.179677819083
307 3466.1268163804493
308 4175.305655836341
309 3988.823877068558
310 3835.050984936269
311 4394.287878787879
312 4057.156403940887
313 4227.105721393034
314 4129.7524509803925
315 4007.746549560853
316 4264.35722964763
317 4018.655172413793
318 3936.9067017082784
319 4424.703883495145
320 4294.72320376914
321 6260.982005141388
322 4198.473622508793
323 4293.278928136419
324 4060.558504221954
325 4559.88665879575
326 3946.754784688995
327 4573.837125748503
328 4003.454655380895
329 4389.435619735259
330 4221.50178784267
331 4030.083554376658
332 4551.205282112845
333 4123.7747318236
334 4595.166861143524
335 4296.678909952607
336 4371.779301745636
337 4872.8644859813085
338 4472.194679564692
339 6001.425030978934
340 4538.699494949495
341 4553.526829268293
342 4703.673611111111
343 4808.31605562579
344 4501.997442455243
345 4910.0
346 4229.186540731996
347 4541.182973316391
348 4493.6136890951275
349 4236.443349753695
350 4904.106617647059
351 4492.690588235294
352 4576.1448717948715
353 4608.501179245283
354 4425.73875
355 4764.310167310167
356 4694.995169082125
357 4696.472553699284
358 4501.510765550239
359 4891.09880952381
360 4564.774314214464
361 4772.254545454545
362 4616.215782983971
363 5392.288393903868
364 6362.975874547647
365 5071.96
366 4880.482799525505
367 4693.093131548312
368 4684.383233532934
369 4930.833128834356
370 4722.262470308789
371 5074.3970406905055
372 5044.374845869297
373 4400.148538011696
374 5136.65458937198
375 4837.099747474747
376 4645.01717791411
377 4602.349937733499
378 5051.612546125461
379 4748.262967430639
380 5111.970112079701
381 4947.184757505774
382 4578.991545893719
383 5121.225806451613
384 12759.838862559242
385 4808.387900355872
386 5518.130852340936
387 4890.064792176039
388 5456.861244019139
389 5077.567073170731
390 4790.680297397769
391 5004.855294117647
392 5622.56149068323
393 5437.182941903585
394 5357.332496863237
395 5156.135862913096
396 5543.611995104039
397 5019.699408284024
398 5242.870283018868
399 5376.718411552347
400 5105.083333333333
401 5333.588928150765
402 5715.814720812183
403 5556.543062200957
404 5236.435619735259
405 5269.486075949367
406 5122.164924506388
407 5085.549938347719
408 6033.615107913669
409 5646.178698224852
410 5441.692307692308
411 5574.490886998785
412 5627.0601792573625
413 5603.193087008343
414 5606.698431845597
415 4845.731946144431
416 5657.391573729864
417 5433.67578125
418 5623.60736196319
419 5301.254022988505
420 5265.789976133651
421 5228.222490931076
422 5784.499402628435
423 5847.5
424 5042.491606714629
425 5799.586368977673
426 5646.2798507462685
427 5461.261761158022
428 5451.037575757576
429 6240.418576598311
430 6427.805693069307
431 5325.410011918952
432 5996.029754204398
433 5455.102890173411
434 5524.364205256571
435 5696.585006693441
436 5516.189448441247
437 5414.98243559719
438 5687.689492325856
439 5357.234293193717
440 5612.574031890661
441 6424.581145584725
442 5823.581997533909
443 5550.28488372093
444 5901.595294117647
445 5939.945812807881
446 5936.4902912621355
447 5544.725966850829
448 6091.1859356376635
449 5969.916870415648
450 5647.411697247707
451 5814.634292565947
452 5425.615099009901
453 5904.980295566503
454 5660.50059311981
455 5740.9013906447535
456 5487.443519619501
457 5673.445238095238
458 5712.014201183432
459 5778.617755856967
460 6061.05904522613
461 6462.538271604938
462 5878.464878671775
463 6041.26433915212
464 6183.453066332916
465 6935.644254278729
466 6336.347126436782
467 6204.029525032092
468 6134.823086574655
469 6045.833922261484
470 5701.954966887417
471 6610.155339805825
472 5939.741317365269
473 6234.276381909548
474 6303.040201005025
475 6641.711970074813
476 5703.095890410959
477 7040.474358974359
478 7145.462703962704
479 6606.972396486825
480 6098.2307692307695
481 6035.3121019108285
482 6427.18482252142
483 6458.8672150411285
484 6761.089655172414
485 9014.333333333334
486 6414.388542963886
487 6549.531772575251
488 6784.07434944238
489 6604.63038277512
490 6663.3717791411045
491 6547.097772277228
492 6192.731210191083
493 6547.14631043257
494 6121.2638554216865
495 6440.970922882428
496 6643.525277435265
497 6355.271356783919
498 6368.137931034483
499 6617.548309178744
