1 1277.2387727328962
2 3622.359390862944
3 5049.2569189940605
4 8768.894560357676
5 9340.01885637321
6 8857.095255653883
7 11473.851736197852
8 13702.186440677966
9 17196.075667655787
10 16026.552872709262
11 21101.341185221918
12 22988.250245700245
13 22903.891505979984
14 20501.033287619997
15 26091.704817050635
16 28327.402345181385
17 30979.654822335026
18 33332.32308070866
19 34093.06983450351
20 35606.2541286665
21 34858.337892791125
22 39533.56025369979
23 42831.46694214876
24 42405.255714460334
25 45238.84478745559
26 46249.792321116925
27 47153.8460115892
28 55074.99122156281
29 56889.43702081052
30 54858.20283826768
31 53051.64904966278
32 61331.05390105833
33 57420.89572420514
34 58054.27952610145
35 63399.616433169256
36 69124.50496627836
37 67771.63793729573
38 71674.35433766889
39 75342.86633239574
40 70608.74951171875
41 74016.95873846921
42 83544.8309370352
43 90133.26116044277
44 83081.58517769065
45 89499.94068845964
46 91386.88298403194
47 85905.12409741769
48 90051.66903652856
49 100840.03412204234
50 102543.63505001852
51 99655.8828017511
52 106736.82704094141
53 105674.92736465656
54 110982.41483482746
55 108890.79240761761
56 115107.82144638404
57 111171.14393478526
58 119604.50930834669
59 120861.35965020323
60 121032.97693152691
61 126057.22285714286
62 125862.25252894577
63 126737.70507084265
64 133398.07425059576
65 128952.0843919004
66 138944.97736726206
67 146330.60352207412
68 144041.71013039118
69 137302.7513770656
70 149339.96331404653
71 144702.00799016596
72 145196.78555528075
73 151886.06490355454
74 158138.80159607122
75 154518.95816831684
76 158588.88672456576
77 165075.80352798055
78 170889.7307411019
79 176005.63530003774
80 172229.89562834724
81 174869.30701864132
82 176135.60650128315
83 183560.5171471173
84 168925.3788164342
85 190970.06251553568
86 191568.77896154788
87 186185.99899774493
88 188568.147690387
89 199730.3259614203
90 191799.0677147809
91 208122.79117756087
92 205997.16782781787
93 207070.88108990458
94 213665.12938730585
95 222869.6494169096
96 211576.7868235865
97 207762.90523780856
98 227090.36945436
99 226736.27802799756
100 222067.0341796875
101 228692.35984242274
102 239630.08770642203
103 240810.62895647873
104 240376.10173267327
105 236470.71500306184
106 242482.92545143972
107 242417.814556331
108 243287.16088289392
109 254445.36040419163
110 256069.0349151709
111 265737.7580485389
112 268693.24306930695
113 266211.7700024771
114 255587.3987985779
115 273875.95679688454
116 276142.8686194537
117 275829.9657171666
118 281136.0410858401
119 286533.82432598795
120 295439.82670246525
121 287946.9970377685
122 293440.2103204643
123 296810.05992647057
124 305564.39393197943
125 308150.52074074076
126 295737.60263911367
127 296426.7421469206
128 319772.55218772916
129 323042.694447849
130 302234.50147928996
131 311779.2077477698
132 317840.7986478181
133 315591.7200345636
134 323115.4998145171
135 336147.85983135767
136 343611.86367623106
137 321778.1719868916
138 357736.4849987902
139 320744.44270310935
140 356949.23851310177
141 358848.0279945497
142 353363.8313653137
143 350129.7635396518
144 363806.37963420665
145 365429.13860767405
146 364651.643610344
147 369111.28292383294
148 369576.24088845256
149 395331.8298816568
150 382079.4386571217
151 382267.2024390244
152 388893.37742053345
153 375733.498879203
154 393417.3592042245
155 411371.7100709573
156 386135.8570022151
157 401210.1339451817
158 391345.1044923077
159 397141.7757294592
160 404953.0578766282
161 419142.63735437806
162 404267.4199604743
163 425467.0353387136
164 431188.9665012407
165 425845.94394951744
166 440549.83744381
167 418873.9531387044
168 417535.14151293796
169 443382.7321362686
170 465399.96250155725
171 429600.1852673072
172 442521.23769672745
173 460231.9213704708
174 459686.7580368098
175 454460.4068675889
176 465486.3924817609
177 480947.0727800202
178 462965.0971775192
179 485062.5483870968
180 477045.02209058375
181 478689.94480070414
182 482552.1855036855
183 487031.6243980738
184 487784.73252092564
185 500467.9456588106
186 512613.78335419274
187 505743.5510329562
188 490848.2575944678
189 501430.0246045694
190 503541.87988245377
191 523184.6406910266
192 495306.7196478787
193 517021.26020532876
194 540315.3815562669
195 517024.0013627354
196 528018.5455569462
197 525061.46226647
198 514527.2843811395
199 538587.7577670504
200 549527.4228723404
201 551749.7568846294
202 548087.2062601321
203 564996.4210976653
204 569093.1429831191
205 553286.9201501877
206 561266.7484299517
207 560866.9315988763
208 583565.9628490589
209 566624.1051846326
210 583378.960726918
211 587855.186198398
212 567388.9223895214
213 599583.3011315245
214 595399.6323144105
215 592924.2414561664
216 590799.6120069461
217 626199.1863384616
218 614165.9585556521
219 596212.9722592368
220 623751.8802782524
221 618216.0030841352
222 605443.9664256831
223 632454.1762258918
224 643509.325531915
225 651958.9438724259
226 637372.0217152616
227 646095.6370498701
228 655136.8787315744
229 644303.7433938636
230 656844.9247271359
231 649350.9809178744
232 648134.7979064039
233 632683.8473658296
234 647147.2555651212
235 688170.988828873
236 657285.0160211934
237 693808.5631598559
238 685965.2551405281
239 703939.7833917564
240 668044.8535207732
241 680886.8674372848
242 704963.4939382577
243 693282.3106581533
244 692593.4313629102
245 721986.8099696048
246 693859.2452900811
247 733257.8281927413
248 712546.9583384997
249 717712.2411180125
250 733201.4177937709
251 747918.303786359
252 724228.3473973287
253 729412.1916285962
254 718059.2654448355
255 740228.3705832008
256 755377.5900822327
257 739950.9630897092
258 745655.0332413296
259 770631.0580968689
260 762242.7164435711
261 770315.6188379205
262 760616.5061278971
263 762202.9535485461
264 774021.736789755
265 760877.6324217787
266 790055.211325799
267 771506.699156746
268 796514.4145135368
269 765352.8221646304
270 822721.4535645004
271 784891.2870279548
272 788133.4406673356
273 810574.0971584563
274 777393.9476737011
275 801202.8549919783
276 794898.9548078104
277 810662.6029229626
278 826755.1565687599
279 822987.9804896235
280 854183.1990196079
281 833339.9766366817
282 809422.6724626957
283 853148.7098039215
284 838349.8506742546
285 830077.464237015
286 808377.7490428553
287 842741.903698279
288 841858.3453716257
289 847240.2083755061
290 868533.898526008
291 856857.3895518753
292 869693.0694767798
293 884479.7319117466
294 898032.3395838374
295 858635.1486998233
296 870946.0905766183
297 891095.8310502283
298 892898.1441233609
299 892489.1139271654
300 920435.430666004
301 911451.7590994372
302 894278.1600049962
303 899417.9323712853
304 872776.213748922
305 915523.6285284155
306 902884.8814660456
307 926454.3357583231
308 941916.6972026209
309 935891.2599380804
310 928334.3846434655
311 933807.1770897075
312 920837.6983059292
313 927802.6465196928
314 946234.8161920159
315 947677.4357328066
316 959600.8463821892
317 923999.0723701215
318 961779.440168296
319 963501.6073581887
320 975208.3354954955
321 954428.2703481092
322 957288.5502374406
323 979352.8412561576
324 989053.2105263158
325 1001932.8049151254
326 980944.1703174994
327 997468.0628013351
328 1016045.6116301942
329 1002655.6357871176
330 1010855.1361199123
331 1012506.581364513
332 1018635.5080974163
333 996337.9903381643
334 1036167.547654139
335 1006188.7751994198
336 1024301.6833763361
337 1024557.3906269475
338 1028197.0675241158
339 1047288.6855314961
340 1026755.4561513405
341 1036777.2825315216
342 1041912.0404015367
343 1046253.7728851401
344 1026506.0891259041
345 1092054.2380002493
346 1074178.232447004
347 1035405.1030356468
348 1073463.225594949
349 1084138.9621118011
350 1065360.2805807623
351 1029960.2390929258
352 1068602.0537843758
353 1073695.1167972577
354 1105872.8686450985
355 1073633.532808076
356 1118912.3190661478
357 1095045.8448722695
358 1092649.0727746096
359 1089252.7809737269
360 1099455.8708764156
361 1100498.912295682
362 1096735.7462308528
363 1148133.4210591132
364 1111604.7914640077
365 1165156.03587333
366 1136217.8760157598
367 1135670.9938134125
368 1129150.5971186655
369 1138411.4040079168
370 1141344.7255216693
371 1149976.8441770088
372 1186166.3781075596
373 1136927.8174278995
374 1159499.183771176
375 1162353.572425409
376 1134228.3054403819
377 1189063.401159921
378 1199473.5871136591
379 1197664.7442574622
380 1159330.5483246644
381 1202171.9626561147
382 1186944.7130936312
383 1203443.6661793373
384 1204015.4519455014
385 1194555.516969995
386 1203406.0939705337
387 1214254.4462789244
388 1216655.1308803556
389 1215579.9172251178
390 1221813.3622522957
391 1220501.8978120338
392 1212594.3209622824
393 1215541.3969154842
394 1240900.8781849067
395 1236614.0845673725
396 1262196.758953673
397 1222137.022142945
398 1231072.6955025804
399 1243493.1131799927
400 1263653.5346668302
401 1244111.225600193
402 1221319.4606826801
403 1272585.9809732893
404 1269609.1429097606
405 1236617.8814170293
406 1285670.7015108708
407 1267226.5287796443
408 1253913.9421405513
409 1278276.8144252442
410 1266882.9857107662
411 1270295.5344956412
412 1280782.4086126743
413 1285455.4055629782
414 1274065.4478825384
415 1295909.949458044
416 1293343.332063414
417 1326141.3907745867
418 1295468.2836757288
419 1282503.7511754516
420 1323035.9763102983
421 1316990.94498503
422 1333976.998402556
423 1347936.1456478734
424 1327074.7120313093
425 1330625.2055787663
426 1306412.9927420346
427 1365683.4337116638
428 1326048.528218695
429 1340713.993628276
430 1345567.8172203558
431 1339800.3802365698
432 1343056.2819031228
433 1345381.5337687947
434 1333804.0093879541
435 1337652.9632678132
436 1388839.2608959572
437 1407918.9000613873
438 1356255.1679844302
439 1378178.2599025366
440 1385370.8926912735
441 1388562.2441874922
442 1346358.2355816227
443 1393310.6403355033
444 1398511.9173799776
445 1431123.6411300271
446 1421677.7947701078
447 1372994.4034308281
448 1422163.7908735662
449 1426499.355841903
450 1407378.2917171228
451 1411043.4162316679
452 1425575.2969590789
453 1405350.7200249531
454 1436085.3610667323
455 1450688.650092081
456 1420414.566707169
457 1441017.080943121
458 1448368.249538575
459 1419604.2050769038
460 1429343.9916204559
461 1460352.2918772341
462 1478544.0464082942
463 1465724.0535625312
464 1459276.6645725549
465 1451721.4468085107
466 1459547.1829011044
467 1445442.186057809
468 1481781.5117915792
469 1453504.760730822
470 1503976.604476709
471 1496835.5875400149
472 1475318.749187703
473 1500056.4385026738
474 1476387.0139424873
475 1493457.3978333955
476 1510831.912094611
477 1519519.4868067433
478 1504425.008295159
479 1484828.50580692
480 1517263.3567593948
481 1484024.5013090638
482 1508018.5750250502
483 1514409.2717418084
484 1531193.4895496392
485 1533532.9348497961
486 1531568.761928185
487 1514637.7080661075
488 1504222.1322059005
489 1552167.3011307768
490 1545964.6901651467
491 1560558.662619254
492 1534574.3384483182
493 1557674.3012333375
494 1536068.0992669896
495 1568495.6336071515
496 1557204.5755395684
497 1600373.603726708
498 1570021.5418227215
499 1569283.3988338916
