1 10108.984221980414
2 57209.296960569554
3 74214.49353863073
4 98762.41078608068
5 76916.06003358522
6 120183.39135149789
7 171254.39578804348
8 149770.5266247952
9 215042.46113916946
10 235591.88274118805
11 222782.29924914674
12 252640.40868327403
13 295269.5704273739
14 329083.87250996014
15 373310.03325156716
16 375029.2603778789
17 322083.20575736806
18 419141.5353590407
19 387330.1483386626
20 459607.97142064373
21 509249.69865088107
22 493962.257320442
23 541316.6284434794
24 559427.6274564074
25 597970.1362885463
26 631581.6401685012
27 615196.5073589534
28 672337.8653424658
29 646467.2866857065
30 744437.6620223479
31 654772.3020905441
32 692331.0522955719
33 730189.3947548149
34 777687.6455503189
35 874976.4083548782
36 881982.5595336077
37 958037.8502572434
38 884820.3983214089
39 919548.6584546473
40 870787.607601935
41 985054.3031730636
42 957360.6900703463
43 1065079.6718427923
44 1089178.1230600192
45 1057775.7785983002
46 1150786.7545304778
47 1056333.5896694215
48 1148744.734747643
49 1160169.408804169
50 1217864.2295558322
51 1366174.0749553018
52 1370445.5498481083
53 1212493.49910456
54 1294234.0075370122
55 1332019.2623658911
56 1435165.5795129915
57 1462116.7226018037
58 1454146.3342575904
59 1414817.435932575
60 1568907.124090597
61 1536413.9172749391
62 1651859.6878285483
63 1507347.782112274
64 1649829.958219178
65 1670935.7600162977
66 1602102.9501651982
67 1799513.3680261902
68 1785930.7228320527
69 1706649.964408884
70 1885019.6055410781
71 1768880.6449614537
72 1837971.7092413793
73 1885858.0111847555
74 1973299.677945538
75 1984101.724276416
76 2014836.762732749
77 1988943.7049813715
78 2049580.5009773807
79 2079648.6923285443
80 2189066.3423624686
81 2196747.913994771
82 2032352.0582168545
83 2204373.7494086544
84 2325669.8960054163
85 2303472.2453219593
86 2254383.204048363
87 2343097.565371991
88 2333949.858135334
89 2212458.653295516
90 2363333.364350535
91 2427174.045460807
92 2436945.8385637933
93 2471494.823728355
94 2584930.1966083
95 2610582.1293068505
96 2518052.4756217506
97 2574228.9283977305
98 2530512.9316181447
99 2692247.5022142264
100 2579091.770357431
101 2696882.553751705
102 2662535.184853083
103 2795522.086384204
104 2835280.533894795
105 2830491.9834103887
106 2819044.013282213
107 2973406.1660604365
108 2977512.660272109
109 2998428.9605227336
110 2876458.1661175177
111 2863933.080713216
112 3039676.568702814
113 2901536.0874982886
114 3163251.1819573995
115 3080599.303618835
116 3233535.81017956
117 3373190.463030134
118 3261857.502518187
119 3252593.9565750067
120 3332795.898406931
121 3408903.6936472557
122 3399467.205078396
123 3417683.208118287
124 3330302.613417652
125 3593305.8982957667
126 3623641.707790445
127 3603061.6170212766
128 3604186.0538641685
129 3430278.834557823
130 3769588.2775061126
131 3692626.51094486
132 3685858.7362622414
133 3822563.6444848315
134 3724157.7898800494
135 3868414.728801875
136 3825399.5406566006
137 3860470.510738534
138 3896776.3584088758
139 3876915.793040805
140 3962585.9907662626
141 3996897.296685309
142 3989775.215678255
143 4188634.9997202405
144 4260815.60115363
145 4156912.482093664
146 4187949.7846455043
147 4287504.532592287
148 4454433.6126213595
149 4159606.537743618
150 4368312.099838318
151 4134924.0246998756
152 4277764.650440044
153 4632569.184921179
154 4540302.957164571
155 4378446.217017208
156 4567661.811423013
157 4497304.109461709
158 4557250.062071858
159 4850703.227012697
160 4581994.77842526
161 4750296.830678385
162 4842291.6868742285
163 4735546.478094195
164 4832926.3967277305
165 4803143.17550075
166 4745475.883556908
167 4759135.831341849
168 4918744.511515152
169 4897642.463742043
170 5035597.830700082
171 5152081.751243781
172 5097091.364126677
173 5227798.367679558
174 5149114.744221037
175 5162812.855208621
176 5095277.4018164305
177 5418570.040977914
178 5385324.780832889
179 5562308.43897069
180 5360141.017485429
181 5457592.945162177
182 5478370.104089219
183 5557955.219901045
184 5672696.073834731
185 5644410.534816247
186 5690813.838080753
187 5778496.210123766
188 5529117.729180864
189 5979230.260182208
190 5893435.939925425
191 5505826.1726718405
192 5682682.189372919
193 5867280.138002487
194 5986638.779227768
195 6023149.956629492
196 5955214.610722611
197 5995718.8261049725
198 6198943.284370678
199 6222616.499585291
200 6031604.266244493
201 6180633.4462684505
202 6328194.148199255
203 6206840.547335251
204 6131913.12854987
205 6350246.873327759
206 6111633.20217625
207 6275551.390430622
208 6680168.67814496
209 6474541.857933082
210 6458625.6428669505
211 6701559.845639454
212 6815507.173569483
213 6740696.116193337
214 6808372.71961973
215 6889155.5096826255
216 6600912.690976009
217 6965565.732445184
218 6639029.6447277265
219 7089800.482552614
220 6908856.02592291
221 7033590.419214567
222 6854964.4198113205
223 7105682.018976898
224 7077322.38018214
225 7110591.185552986
226 7555273.793475255
227 7376393.195444627
228 7081231.6825222755
229 7275069.438980469
230 7241135.887904417
231 7267116.802516411
232 7319075.410615654
233 7173906.5090983715
234 7414855.5360390935
235 7703212.694413717
236 7842882.297076347
237 7806353.746116838
238 7421996.406164757
239 7712371.209353812
240 7520625.115342466
241 7635226.852888212
242 7814596.831227684
243 7759233.349219506
244 7691361.162765525
245 7726624.923890645
246 7780362.806366782
247 7903809.938772703
248 7960744.702395453
249 7959571.952209945
250 8043957.783761277
251 8050980.7378909495
252 8215734.440516655
253 8322604.198065036
254 8077392.95488823
255 8163366.902211713
256 8523284.979022872
257 8522730.967918953
258 8216312.907637656
259 8448801.131281061
260 8602267.882575246
261 8554860.421875
262 8624686.188991323
263 8724200.362779088
264 8622584.222404148
265 8640546.134583563
266 8694461.51201428
267 8702350.024497058
268 8841328.878517693
269 9183215.458281787
270 8910023.879184248
271 8716275.858007705
272 8716670.87162726
273 9245802.442407278
274 9175403.450585352
275 9229542.803935347
276 9107953.59296973
277 9105168.290247252
278 9242186.511890203
279 9138323.848056052
280 9513763.033001933
281 9060196.522975624
282 9394343.823030634
283 9365060.288784139
284 9454640.784839412
285 9569725.888371456
286 9355212.086849315
287 9357814.157652786
288 9176470.632866172
289 9032263.694713837
290 1.0025969528936926E7
291 9790151.916111488
292 9616305.064188248
293 9387444.450846987
294 9773037.20718005
295 9902078.75453664
296 9855794.869077306
297 1.0004312317008879E7
298 9710014.394711472
299 1.004263031474648E7
300 9897888.04166086
301 1.0145029226861993E7
302 1.027022785429827E7
303 1.0004752158593966E7
304 1.0484158417220376E7
305 1.0283771245293466E7
306 1.0337142243011348E7
307 1.0180286464334894E7
308 1.0208451130980946E7
309 1.018710777417146E7
310 1.0370389211804613E7
311 1.0523798833873011E7
312 1.0470521252282623E7
313 1.0394818290187892E7
314 1.0811863587375965E7
315 1.058235438642906E7
316 1.0419934599201431E7
317 1.0460754845961351E7
318 1.0844774914038515E7
319 1.062905163967947E7
320 1.0906100865119454E7
321 1.0957133061056105E7
322 1.0706930108445298E7
323 1.0819293971604938E7
324 1.1038117972640982E7
325 1.0768900559172414E7
326 1.109908043907563E7
327 1.1126993143211236E7
328 1.1234749396836314E7
329 1.1283419486782633E7
330 1.1254048374965306E7
331 1.1079516456423588E7
332 1.1060013387487808E7
333 1.1212679340595698E7
334 1.1041099691709844E7
335 1.1280847856374914E7
336 1.144251064272989E7
337 1.1498927469812347E7
338 1.1475148288562002E7
339 1.1514932715740867E7
340 1.1508241825370448E7
341 1.1319318116929404E7
342 1.1757859690472946E7
343 1.1634625846833378E7
344 1.1681294368443316E7
345 1.1591095887121107E7
346 1.18634703807044E7
347 1.1738100267456446E7
348 1.2008441912571274E7
349 1.2287107544303797E7
350 1.194466711553291E7
351 1.1971335478948087E7
352 1.22838583683069E7
353 1.1910121869947275E7
354 1.2134934809258226E7
355 1.1969566608671485E7
356 1.2330939390729379E7
357 1.2162478480182296E7
358 1.2071507261612682E7
359 1.2298957685793871E7
360 1.2347359863060363E7
361 1.2342689073966542E7
362 1.2548189316082586E7
363 1.210273670577516E7
364 1.2714666582236387E7
365 1.2469947496294225E7
366 1.2629193420255952E7
367 1.249625462411947E7
368 1.2815778114543466E7
369 1.2897252151606701E7
370 1.2683458995897716E7
371 1.2766741692989634E7
372 1.2925407863944637E7
373 1.3067056108719345E7
374 1.253977894353844E7
375 1.3057027040220385E7
376 1.2946293930950446E7
377 1.2911110087764867E7
378 1.3323411717976464E7
379 1.3206555392542941E7
380 1.3185038563293789E7
381 1.3029282849437278E7
382 1.2640742068589566E7
383 1.3000669963060686E7
384 1.3111612430400891E7
385 1.2977436589206437E7
386 1.3515587645668216E7
387 1.3215965894066649E7
388 1.3551412039404199E7
389 1.3465118032532811E7
390 1.3100552521679472E7
391 1.34476200609319E7
392 1.3614827126325808E7
393 1.3396689728774229E7
394 1.3602324421023281E7
395 1.3744061959532749E7
396 1.3699533223132595E7
397 1.4052097082176413E7
398 1.4079461179032259E7
399 1.4017948296792923E7
400 1.4009386791240279E7
401 1.409004705919133E7
402 1.4070932632856945E7
403 1.3830009101545254E7
404 1.398190612291951E7
405 1.3712248330073677E7
406 1.4083116104390377E7
407 1.420215730955973E7
408 1.412017058066261E7
409 1.3841201846333746E7
410 1.4159512000553863E7
411 1.405472831873546E7
412 1.464694115166529E7
413 1.423463308995359E7
414 1.3968843085768655E7
415 1.4287636536279773E7
416 1.4617406570706362E7
417 1.4702034343657019E7
418 1.461626324748846E7
419 1.4372239064264849E7
420 1.4718309262134584E7
421 1.4510672701557802E7
422 1.4525656983365411E7
423 1.4883233977713972E7
424 1.4493944754069451E7
425 1.4757958330049945E7
426 1.5002444885377685E7
427 1.4799186020473095E7
428 1.4311503415474372E7
429 1.5170608973824188E7
430 1.523934635918592E7
431 1.5372922179254368E7
432 1.488719356436464E7
433 1.5152482679519419E7
434 1.5132627529177537E7
435 1.5370252087806221E7
436 1.4954283438119821E7
437 1.5123464133605443E7
438 1.5169266634874359E7
439 1.5503025841278588E7
440 1.5414170746313903E7
441 1.5459311776587086E7
442 1.5407214610729024E7
443 1.517712742994895E7
444 1.5175743565336624E7
445 1.5716798772314778E7
446 1.499195240730606E7
447 1.5381297551183231E7
448 1.5585104979146393E7
449 1.5806552178330813E7
450 1.5446584349550286E7
451 1.5507201965706447E7
452 1.5723359846080044E7
453 1.5687481614256056E7
454 1.577297367042828E7
455 1.5781543129619416E7
456 1.576027796997626E7
457 1.6127325409865104E7
458 1.5628383062661061E7
459 1.605874627542905E7
460 1.6039836258397212E7
461 1.5969612475510204E7
462 1.6315171801569816E7
463 1.5918899020402499E7
464 1.6604906458757851E7
465 1.6085210516501427E7
466 1.6477408744127866E7
467 1.663728153472988E7
468 1.6735368393595183E7
469 1.6374128667303754E7
470 1.6689157832303256E7
471 1.6270595906373149E7
472 1.6392454446771143E7
473 1.5956955036361123E7
474 1.6542269287852231E7
475 1.678198226530051E7
476 1.6499931247274734E7
477 1.6416233030785996E7
478 1.6582303121655518E7
479 1.6921801998914078E7
480 1.6588836522423398E7
481 1.721288056799669E7
482 1.6730972973629424E7
483 1.6642638300656276E7
484 1.725919594748329E7
485 1.7082413858884778E7
486 1.6953802834274422E7
487 1.7377766893195875E7
488 1.692759902379627E7
489 1.7057726163886975E7
490 1.742034586976681E7
491 1.7075915723715693E7
492 1.6991079571005918E7
493 1.719584284247231E7
494 1.7247282011585705E7
495 1.7508273861297846E7
496 1.7519927902335748E7
497 1.7301777726973683E7
498 1.73131338991053E7
499 1.732105353838745E7
