1 20009.459230979002
2 63206.54908306365
3 74811.4835816777
4 74613.68251981644
5 94542.49031088805
6 126219.20082417583
7 140976.52869186839
8 169098.97345013477
9 219296.82099447513
10 237062.899498169
11 277433.8685535447
12 258157.1021141357
13 303735.1439667129
14 304789.87624172185
15 381406.237245956
16 303918.722147651
17 335696.60725573724
18 407191.45266990294
19 471480.36138272966
20 423196.85285202536
21 493107.0444200713
22 508063.19396493136
23 523504.87125051365
24 521618.3648573802
25 548970.7284777261
26 610762.2401994736
27 665220.8124403219
28 631206.1260168207
29 690050.899650594
30 614334.8768352366
31 646835.2743446964
32 733701.6737028463
33 760112.6735380732
34 806388.2106703146
35 813798.4725934006
36 887049.479994519
37 848369.9090909091
38 863795.0215916955
39 952673.2152435686
40 1017824.11450806
41 1004936.0816269675
42 947562.6714305158
43 1020247.0263727347
44 1140969.3721892675
45 1094315.1732409382
46 1128678.3226417648
47 1052854.2284050907
48 1167870.7622927788
49 1180820.4956724825
50 1237999.0297619049
51 1297320.2721097865
52 1234724.645687971
53 1428322.8629130968
54 1261665.795781271
55 1348570.6313067784
56 1376092.4662409998
57 1405623.6810996563
58 1463127.056634973
59 1450509.486497545
60 1426708.2744829475
61 1554682.9890353922
62 1508017.3773300438
63 1632577.079228243
64 1598352.9856870228
65 1690879.7691359716
66 1616449.7125583952
67 1722886.0737716262
68 1743376.9885683178
69 1725116.4637420427
70 1830010.8858688115
71 1719739.3055793992
72 1817475.296694215
73 1875491.32759339
74 1930966.7345290252
75 1918299.3546938775
76 1883170.5910852712
77 2018555.2586063298
78 1999941.9021317828
79 2021866.4501043842
80 1992057.5974877116
81 2207716.9284605617
82 2268788.7377275233
83 2029978.247224887
84 2113247.4206177187
85 2261723.3267973857
86 2367614.925631366
87 2338144.3396720407
88 2198394.483351528
89 2348429.3157969574
90 2326100.5535739167
91 2491111.9235562943
92 2463803.132191781
93 2499067.028131929
94 2524790.0519156023
95 2553312.886933629
96 2514560.2637870144
97 2463240.529072165
98 2683858.5411243425
99 2649385.8080542483
100 2734104.0354699064
101 2704438.0073992875
102 2847272.7869500066
103 2787415.296179219
104 2760543.2128008753
105 2887085.006953136
106 2972468.5049829353
107 3023192.025990099
108 2961747.690050498
109 3004751.3453721507
110 2997131.8326203944
111 2977156.86406164
112 3160912.404934887
113 3114255.431455463
114 3121248.975362716
115 3125459.6586077535
116 3173943.643921783
117 3183039.429095853
118 3342217.2638104423
119 3365167.700163845
120 3489627.7316634376
121 3451413.9444057406
122 3432883.7527660155
123 3548499.752972973
124 3494154.4366565687
125 3451154.498159509
126 3520159.5338971303
127 3615358.757388316
128 3653223.5282599637
129 3685196.6545005487
130 3855999.059719934
131 3613292.758208545
132 3763034.6601659753
133 3828736.6305681514
134 3864707.6729292376
135 3653151.476017246
136 3816895.1080340007
137 4042621.482470785
138 3847281.51559559
139 3977549.653397392
140 3981661.023361902
141 4089673.2237114827
142 4038379.207751301
143 4130794.8362427265
144 4009890.259197787
145 4136064.741187899
146 4210228.477745625
147 4127817.8371353517
148 4388631.045385361
149 4405550.901681936
150 4343656.929585228
151 4278676.286290322
152 4374015.563256785
153 4383181.6189415045
154 4503962.239623685
155 4635287.951906238
156 4698603.436733556
157 4659756.498226467
158 4709065.932926001
159 4733859.853987069
160 4665377.401129943
161 4780286.103367375
162 4844068.292288558
163 4921584.535609756
164 5095563.470158686
165 4759303.945147679
166 4712245.339677892
167 4985981.674855093
168 4881683.851127819
169 5074465.616746086
170 5138255.311529476
171 5146049.18934271
172 5337790.9864272
173 5073792.296151249
174 5195851.194836628
175 5252752.860936034
176 5332553.430367637
177 5262167.069467787
178 5457613.551980198
179 5281008.936088682
180 5435947.495079695
181 5450232.98158505
182 5494237.43155132
183 5603043.679087875
184 5540355.509612744
185 5560743.136345025
186 5772597.027027027
187 5923028.907043801
188 5642478.137765593
189 5746140.300678013
190 5920334.599753695
191 5613635.727598073
192 5805581.464550412
193 5863267.766290899
194 6205357.105744303
195 5885489.80350781
196 6131376.269357045
197 6163807.211127943
198 6303987.769370375
199 6100173.053235619
200 6374418.7168632895
201 6001733.536434746
202 6225154.468319176
203 6333467.894250944
204 6373877.521775545
205 6340809.023195169
206 6335981.589077636
207 6660466.231193927
208 6248967.003674969
209 6858272.399062328
210 6687973.204934887
211 6582350.430954965
212 6635055.674662256
213 6333843.087817536
214 6918526.395294118
215 6548831.594415261
216 6687785.880698351
217 6905389.003202004
218 6882899.220194814
219 6864463.014480761
220 6898534.922429018
221 6732469.75867229
222 7123216.030356657
223 7182238.159044368
224 7071931.708928571
225 7315558.808791209
226 7002067.6960569555
227 7341883.556532161
228 7373574.632047072
229 7341218.981458759
230 7490007.542526137
231 7497129.181245626
232 7420782.0192829985
233 7190508.68864167
234 7422635.555418212
235 7680082.691082803
236 7587720.291342952
237 7672126.808461118
238 7605827.59413304
239 7664477.236824093
240 7929708.240826008
241 7593094.52231153
242 7793837.484214899
243 7718584.672093649
244 7896331.838665759
245 7929833.110251451
246 7945194.164704272
247 7926418.951397494
248 7966877.362068965
249 8059363.093205216
250 8234302.224070993
251 8121193.817932922
252 8263594.333379463
253 8415199.963674322
254 8184428.731298542
255 8290985.257546652
256 8250335.859066794
257 8606744.298971899
258 8402212.860736871
259 8543243.818616077
260 8416966.47259321
261 8432560.067980023
262 8514351.58095109
263 8649676.520126391
264 8676303.946081156
265 8419174.936557962
266 8695923.309630841
267 8836290.093537178
268 9075419.667920323
269 8645010.2651766
270 8557052.49986222
271 8795747.11095796
272 8979630.267179769
273 8747959.063879052
274 9036767.381752029
275 9167146.105427833
276 9106931.832753584
277 9146765.311237631
278 9179890.544093631
279 9402898.4211477
280 9341026.204685573
281 9498366.144321444
282 9243942.211172413
283 9597089.388989044
284 9392511.122980861
285 9676062.895060044
286 9563544.217178771
287 9205126.786681404
288 9454356.127111716
289 9517690.073090158
290 9466802.30323562
291 9809350.889952153
292 9621269.162482759
293 9539144.328256732
294 9733933.183234211
295 9809071.631197924
296 9912604.124982925
297 9980801.441200545
298 1.0030357519527957E7
299 9932927.694631333
300 9854854.171016483
301 1.0039629566537289E7
302 9920498.106295433
303 9962300.418863261
304 1.006182886284628E7
305 1.0313237600928074E7
306 1.006886095554942E7
307 1.0406774003556771E7
308 1.0205605636808481E7
309 1.0398104343215665E7
310 9990637.079726027
311 1.0541334546913581E7
312 1.0553839935008422E7
313 1.0390728739639267E7
314 1.041769901954178E7
315 1.0840924922365472E7
316 1.0570976796242574E7
317 1.0355508031980319E7
318 1.09032051450638E7
319 1.0909733362974374E7
320 1.0986478149543218E7
321 1.0468362158100015E7
322 1.0580052648347108E7
323 1.0858486291712403E7
324 1.0824995290097248E7
325 1.1317425066132817E7
326 1.0977733662429184E7
327 1.1057262952519784E7
328 1.1081046938181316E7
329 1.1186848998221371E7
330 1.1203600553935466E7
331 1.1161461586796064E7
332 1.124861089063361E7
333 1.1434446710998494E7
334 1.1571465193034558E7
335 1.1387730334669616E7
336 1.134040286215574E7
337 1.1568228692561984E7
338 1.1722861532169241E7
339 1.1684364847185727E7
340 1.1697414400956938E7
341 1.1728703102640893E7
342 1.1468849514827019E7
343 1.1736743547250034E7
344 1.1708485346217332E7
345 1.1808106192328842E7
346 1.1560529780621322E7
347 1.2050551279187124E7
348 1.1711457216693856E7
349 1.1882528986142876E7
350 1.1804367007191315E7
351 1.2518407572920905E7
352 1.202808639953463E7
353 1.1916983104283564E7
354 1.1915413010046793E7
355 1.2266262703966198E7
356 1.2056454770633398E7
357 1.2223810761574715E7
358 1.2419932201929703E7
359 1.2145381530576272E7
360 1.237922845143093E7
361 1.2458346047922889E7
362 1.2449042678265672E7
363 1.2692684980068728E7
364 1.234353800081666E7
365 1.2474133879103066E7
366 1.2815749882650197E7
367 1.2662064798034934E7
368 1.2541086254996555E7
369 1.2636148063474692E7
370 1.2606692126692457E7
371 1.2920340895685948E7
372 1.2779295792494481E7
373 1.2868259331536388E7
374 1.2601498946392033E7
375 1.2921788332143348E7
376 1.2960711429105511E7
377 1.3277382313374067E7
378 1.3162691139129221E7
379 1.2833722876342567E7
380 1.3347369018849753E7
381 1.3254702054700162E7
382 1.3050231731856482E7
383 1.3180205754735108E7
384 1.3116854113745375E7
385 1.3122865194963332E7
386 1.3474453364265928E7
387 1.3431645247844532E7
388 1.3388301011414254E7
389 1.3247311275626112E7
390 1.3677779137006802E7
391 1.354730086888427E7
392 1.3284602080502115E7
393 1.366554414139484E7
394 1.3356370282326993E7
395 1.3678146158933995E7
396 1.3639683423598738E7
397 1.3545785405642023E7
398 1.380841920379989E7
399 1.3626187057891862E7
400 1.3766632379156528E7
401 1.4166023662051778E7
402 1.4174841970099667E7
403 1.4100883596517894E7
404 1.3988469873443983E7
405 1.4409604518487277E7
406 1.4179853582683742E7
407 1.3848144912119161E7
408 1.4261479854847724E7
409 1.4210585443999447E7
410 1.4069130845847085E7
411 1.4092277468608946E7
412 1.4257929446907653E7
413 1.4321873235441279E7
414 1.407724802906336E7
415 1.4685881231167017E7
416 1.4368599474367738E7
417 1.438648438068416E7
418 1.480764299484536E7
419 1.4717506715605183E7
420 1.4498175936426593E7
421 1.4844531343498752E7
422 1.4855452289083928E7
423 1.4211189316060733E7
424 1.5091823299004229E7
425 1.4960205092483971E7
426 1.4297617822795115E7
427 1.5004458194244605E7
428 1.4653928657078715E7
429 1.5233776526243662E7
430 1.4799486392571112E7
431 1.5148692049150655E7
432 1.4931197784953672E7
433 1.4916063252136173E7
434 1.527373708924612E7
435 1.4887379626297578E7
436 1.5589160333795976E7
437 1.5035790901976712E7
438 1.5145632804542325E7
439 1.50172382651494E7
440 1.5222275264924869E7
441 1.5689522036590379E7
442 1.559390900914254E7
443 1.5515768722466355E7
444 1.5846061503937008E7
445 1.5330059923978202E7
446 1.5413368147885403E7
447 1.5880957423934244E7
448 1.5109360268199233E7
449 1.5990465213130616E7
450 1.572257819913185E7
451 1.5611277016053142E7
452 1.620368765531799E7
453 1.5930436823001519E7
454 1.5717570818256242E7
455 1.5863413117492024E7
456 1.552587353295207E7
457 1.5721855831179658E7
458 1.6063442735237306E7
459 1.601289137805548E7
460 1.6261468424674435E7
461 1.5845035636069987E7
462 1.615289843495935E7
463 1.6440222873585163E7
464 1.5776315789356984E7
465 1.6400710219505457E7
466 1.6383648623820594E7
467 1.6179212433009444E7
468 1.657896250763253E7
469 1.6746136082111437E7
470 1.6685857561128091E7
471 1.6539213189714601E7
472 1.6180790346069269E7
473 1.6468136711695747E7
474 1.6375881023093741E7
475 1.682621912157297E7
476 1.677581198835776E7
477 1.684597497848431E7
478 1.6705451223078E7
479 1.6441097140176445E7
480 1.6986077390633684E7
481 1.6689446648939101E7
482 1.6941304302780073E7
483 1.7407637626352288E7
484 1.696759080083975E7
485 1.6978141572872557E7
486 1.7269556373599004E7
487 1.695111678797512E7
488 1.7032570875206385E7
489 1.7182896195799366E7
490 1.7218902766338527E7
491 1.7352625929702695E7
492 1.6698058532430602E7
493 1.7382989316459123E7
494 1.721901110788609E7
495 1.7359707800635535E7
496 1.7661730105494507E7
497 1.713608329950563E7
498 1.7617448773791593E7
499 1.704353150518643E7
