1 864.5434782608696
2 887.7608695652174
3 26437.52
4 905.3137254901961
5 1054.5348837209303
6 1119.0727272727272
7 77014.23255813954
8 1138.0555555555557
9 1221.9565217391305
10 43376.86842105263
11 126742.69444444444
12 107348.72916666667
13 133254.51162790696
14 73314.9574468085
15 23966.8
16 1270.6666666666667
17 56512.41025641026
18 49556.58620689655
19 31149.875
20 140253.22413793104
21 67247.89130434782
22 155503.98039215687
23 323982.86666666664
24 50369.46808510638
25 59039.69047619047
26 151885.58333333334
27 289183.90476190473
28 53773.19565217391
29 161728.6
30 282611.86666666664
31 181822.38888888888
32 105876.828125
33 113710.87234042553
34 133506.54
35 332932.54545454547
36 304151.4090909091
37 367697.0869565217
38 281431.8113207547
39 178661.8085106383
40 226382.66666666666
41 133735.64406779662
42 412389.0408163265
43 64977.37209302326
44 321357.8301886792
45 97848.88636363637
46 196033.36363636365
47 275285.45652173914
48 536125.8604651163
49 449402.73529411765
50 483236.56
51 519733.7173913043
52 166955.22448979592
53 330748.16
54 223502.64285714287
55 466876.7073170732
56 244282.73015873015
57 157016.61363636365
58 199204.70833333334
59 346524.54761904763
60 220858.07894736843
61 516328.9069767442
62 138576.09302325582
63 647434.0576923077
64 434779.3076923077
65 442389.72
66 251977.9
67 746556.5853658536
68 434580.625
69 669549.8717948718
70 635615.1052631579
71 274314.8431372549
72 618763.08
73 585354.8684210526
74 366305.8378378378
75 688926.3673469388
76 473279.12727272726
77 565806.0169491526
78 895147.4222222222
79 337510.3333333333
80 558290.2040816327
81 382182.40476190473
82 889805.5227272727
83 626306.6896551724
84 329683.36666666664
85 281756.9318181818
86 659582.875
87 781075.3684210526
88 1206618.1914893617
89 620236.340425532
90 999206.7457627119
91 723127.0943396227
92 338069.5777777778
93 298269.0238095238
94 432694.6666666667
95 1276400.9411764706
96 691353.6842105263
97 1156261.5869565217
98 397697.6296296296
99 1015050.2708333334
100 681365.1315789474
101 1075248.9512195121
102 550606.9795918367
103 557020.5217391305
104 625512.4042553192
105 732670.9818181818
106 925964.9318181818
107 1132193.611111111
108 497746.78723404254
109 1482491.7272727273
110 448388.1304347826
111 1215381.7192982456
112 451916.3333333333
113 572027.7674418605
114 266379.4745762712
115 601869.2222222222
116 687716.6578947369
117 979833.4838709678
118 427098.6976744186
119 620424.2631578947
120 904107.6666666666
121 1411436.5172413792
122 1470189.551020408
123 1062454.1395348837
124 1551188.649122807
125 1028440.0810810811
126 1153345.5
127 939311.4883720931
128 1120060.8684210526
129 764039.05
130 1175866.0
131 611369.625
132 1707998.7608695652
133 1847627.7948717948
134 891428.9534883721
135 1086141.1020408163
136 1466844.3653846155
137 1280047.8636363635
138 969405.4090909091
139 1295024.8863636365
140 1763482.566037736
141 1859012.0196078431
142 1503063.3333333333
143 739725.1555555556
144 1687702.4285714286
145 1385184.8378378379
146 1389001.5263157894
147 1376971.0952380951
148 1091300.1851851852
149 1341052.95
150 1521079.9047619049
151 1405695.2580645161
152 1410116.5106382978
153 1313535.1063829786
154 1303044.5476190476
155 804358.1627906977
156 1735029.2162162163
157 1593900.0
158 1184363.0833333333
159 787578.4905660377
160 1942279.0454545454
161 461628.63157894736
162 830560.5652173914
163 711233.1538461539
164 1563124.3829787234
165 1436923.5652173914
166 2595985.84
167 1048310.0
168 1239056.0
169 781222.641025641
170 1159704.6
171 1377580.611111111
172 2839021.069767442
173 1054726.4615384615
174 3032344.4324324327
175 1612663.696969697
176 812015.8596491228
177 1418341.441860465
178 1842922.7647058824
179 1806922.5192307692
180 1783910.0810810812
181 2369967.277777778
182 923079.6851851852
183 2955314.189189189
184 1142205.5609756098
185 1235066.680851064
186 541127.0731707317
187 1272416.1555555556
188 3024267.0
189 1126115.0444444444
190 1547301.7608695652
191 1910579.7083333333
192 1934206.7
193 1187065.238095238
194 2194520.649122807
195 1624155.875
196 1586724.3157894737
197 2448291.660714286
198 1504825.425
199 847916.5227272727
200 1704977.6
201 1168083.8771929825
202 2118182.347826087
203 2321614.9565217393
204 2276315.285714286
205 2277280.448979592
206 2831967.118644068
207 2306211.604651163
208 2757263.53125
209 3284272.3333333335
210 3186525.604651163
211 1443464.487804878
212 3312412.55
213 2052536.1960784313
214 2218563.5675675673
215 2299095.282608696
216 2496754.073170732
217 1998472.9767441861
218 3316047.0625
219 2656265.052631579
220 1968973.7894736843
221 1752133.3921568627
222 2310955.7708333335
223 1524560.6981132075
224 3041637.0888888887
225 3176993.88372093
226 1758136.6851851852
227 2860539.093023256
228 2699660.8
229 2189699.380952381
230 2192330.963636364
231 2239922.238095238
232 3400669.625
233 3776906.7413793104
234 3223943.6222222224
235 2571173.2093023257
236 1986763.7083333333
237 2247559.3684210526
238 3359068.710526316
239 3700049.85
240 2227296.033333333
241 996301.05
242 2956871.4545454546
243 2836990.431372549
244 4712209.371428572
245 2943277.3488372094
246 3258201.8
247 3697596.523809524
248 1451185.9591836734
249 2039955.0789473683
250 4037639.8235294116
251 2346836.1904761903
252 2994038.7818181817
253 4537804.87037037
254 3695122.396226415
255 3561574.358974359
256 3583727.785714286
257 3302392.1
258 4682984.69047619
259 3785719.8947368423
260 1927742.6097560977
261 4062282.3255813955
262 4297582.536585365
263 4365523.8
264 3554094.9555555554
265 3368880.1428571427
266 2292571.9811320757
267 5193492.555555556
268 3629547.4
269 3430820.118644068
270 4920268.659090909
271 4214678.111111111
272 2595575.6938775512
273 3788919.65
274 4599228.622641509
275 1691659.1555555556
276 2677289.6363636362
277 4126237.8333333335
278 2966904.1578947366
279 2855515.933333333
280 3528750.782608696
281 6212727.978260869
282 6520258.555555556
283 4463283.769230769
284 3664662.0
285 2669377.606060606
286 4471299.2272727275
287 3242773.595744681
288 2964885.6052631577
289 4982175.7
290 4407896.367346939
291 2772539.024390244
292 3131804.0
293 3684399.3846153845
294 3449523.785714286
295 4002892.9591836734
296 2667481.5416666665
297 4162438.9583333335
298 3695309.1276595746
299 3100297.64
300 2760032.672727273
301 4450300.520833333
302 4903559.763157895
303 4444318.232142857
304 3741143.96
305 3069044.9534883723
306 4533858.658536585
307 3663843.1960784313
308 5330137.622950819
309 5644673.290909091
310 6608598.166666667
311 5641166.098039215
312 6881400.541666667
313 2483351.78
314 5346158.462962963
315 5378738.9375
316 2722069.489361702
317 5586096.242424242
318 5269185.6
319 4346314.711538462
320 4413915.729166667
321 3431419.8958333335
322 7904535.326923077
323 4179007.4693877553
324 3949676.0701754387
325 4725891.305084745
326 4160547.4468085105
327 5269462.317073171
328 5491367.69047619
329 2499558.6666666665
330 5139291.925
331 2060107.2549019607
332 4899387.960784313
333 4590969.444444444
334 7122043.8852459015
335 4834530.1707317075
336 7424798.065573771
337 7556892.80952381
338 5679702.102564103
339 5550444.775510204
340 5269750.37254902
341 4761492.131578947
342 6700966.857142857
343 2493618.5625
344 4683590.564102564
345 2658202.617647059
346 4946518.425531914
347 5792409.333333333
348 3280300.2702702703
349 4885038.033898305
350 6200710.5625
351 6593903.347826087
352 6564787.652173913
353 6994612.28
354 8523384.166666666
355 6367613.972222222
356 8309441.489795919
357 5005912.851851852
358 6446052.946428572
359 9562613.520833334
360 7904352.911111111
361 5604873.260869565
362 3941024.393939394
363 5156884.162790698
364 6802754.185185186
365 5605949.947368421
366 6457375.833333333
367 1.0198232847826088E7
368 7189208.150943397
369 5415147.108108108
370 9795789.545454545
371 5482916.025
372 8449945.032786885
373 1.213753888235294E7
374 9050272.733333332
375 1.0983376956521738E7
376 3684397.1041666665
377 6203803.390243903
378 9039751.942307692
379 7475126.380952381
380 7161010.545454546
381 6371194.377777778
382 6492716.444444444
383 6038572.822222223
384 3196419.7954545454
385 4077790.9523809524
386 5006804.92
387 4301724.75862069
388 4980550.78
389 9060855.829787234
390 1.6996605891891893E7
391 1.036485269047619E7
392 8222690.571428572
393 7183572.255319149
394 7673151.533333333
395 7487961.428571428
396 8602876.023809524
397 6371373.325581395
398 1.3241793627906976E7
399 7262604.578947368
400 9039152.377777778
401 3342154.9821428573
402 6049121.416666667
403 1.6881516292682927E7
404 4984857.438596491
405 8442827.375
406 1.0083847304347826E7
407 8880360.697674418
408 5936727.307692308
409 4555379.0
410 7151502.547169811
411 1.129433356862745E7
412 8339700.394736842
413 9092039.351851853
414 7657494.2272727275
415 9545689.981818182
416 8369174.957446809
417 8658002.245283019
418 8367269.369565218
419 4230020.15625
420 7791092.836363636
421 8823684.02173913
422 1.2598789976190476E7
423 7790872.574074074
424 7871451.340425532
425 5143740.770833333
426 9133454.227272727
427 6465559.276595744
428 1.6259644365384616E7
429 1.5678266913043479E7
430 8241355.72972973
431 7062438.20754717
432 1.2666442674418604E7
433 9184977.279069768
434 9286929.642857144
435 1.0203429530612245E7
436 7171219.704545454
437 1.1727875688888889E7
438 1.4042386529411765E7
439 1.577809508888889E7
440 9527037.844444444
441 1.2945078173076924E7
442 1.03852484E7
443 1.1705794078431373E7
444 9232788.92982456
445 6156286.736842105
446 7717447.924528302
447 6117173.390243903
448 8246503.875
449 1.2263083931818182E7
450 1.1329792906976745E7
451 1.270573588095238E7
452 9054585.421052631
453 1.0239816340909092E7
454 8614163.32
455 1.127964780357143E7
456 1.139202841935484E7
457 6379842.578947368
458 5881921.52
459 7909243.275
460 8517111.018518519
461 9127592.369565217
462 8887191.57142857
463 1.0314777134615384E7
464 8362417.542372881
465 1.587598188095238E7
466 1.4556036425531914E7
467 1.528868856862745E7
468 1.5147864707317073E7
469 1.548907385E7
470 7704217.025641026
471 7101696.068181818
472 1.2280257068181818E7
473 1.62614794E7
474 1.075892053488372E7
475 8923096.5
476 1.5935253739130436E7
477 7302421.7272727275
478 1.2755549723404255E7
479 1.103267525E7
480 1.0825607326086957E7
481 1.3150687744186046E7
482 1.300922811904762E7
483 4243751.0
484 7503033.904761905
485 1.3696597860465117E7
486 1.6999385586206898E7
487 1.6601228607843136E7
488 1.3419855808510639E7
489 1.0252427886792453E7
490 1.7115502685185187E7
491 1.763110597777778E7
492 1.111416851111111E7
493 1.230167930952381E7
494 1.6296827085106382E7
495 1.5806340421052631E7
496 1.705632071153846E7
497 1.5067713195652174E7
498 8782866.617021276
499 1.3628617722222222E7
