1 207.59183673469389
2 199.45945945945945
3 270.76666666666665
4 236.92857142857142
5 36088.454545454544
6 10408.234042553191
7 283.55882352941177
8 286.60526315789474
9 259.2894736842105
10 71174.87755102041
11 112718.96363636364
12 25891.55319148936
13 58035.934782608696
14 182305.9024390244
15 178438.71153846153
16 58062.311111111114
17 137095.90476190476
18 117330.7843137255
19 181497.62162162163
20 278662.1836734694
21 149759.54901960783
22 218405.72972972973
23 57218.19047619047
24 239763.36111111112
25 172148.5172413793
26 156626.18867924527
27 219179.63043478262
28 29239.567567567567
29 246192.47727272726
30 191969.10869565216
31 119284.35416666667
32 44273.94285714286
33 168765.8
34 122399.08888888889
35 320982.7037037037
36 393042.35714285716
37 210342.18367346938
38 242451.42105263157
39 83272.14285714286
40 264950.05555555556
41 460655.0
42 339145.11363636365
43 351847.6984126984
44 389400.7272727273
45 257670.4090909091
46 689661.4583333334
47 207445.25454545455
48 658877.7916666666
49 313023.35555555555
50 571031.4905660377
51 601122.3617021276
52 449447.8431372549
53 631948.3333333334
54 259897.48936170212
55 538648.1551724138
56 423135.0
57 507811.5918367347
58 345752.49122807017
59 707867.2173913043
60 530162.4807692308
61 484210.29824561405
62 327355.0303030303
63 927682.4716981133
64 544043.0612244898
65 1022584.3333333334
66 568198.5333333333
67 568563.5434782609
68 626131.66
69 725346.234375
70 730556.3863636364
71 836877.7222222222
72 347120.65789473685
73 773036.25
74 862749.2
75 796512.6904761905
76 1317808.4222222222
77 1187521.5957446808
78 401545.60869565216
79 557511.8870967742
80 1364044.2368421052
81 715376.7608695652
82 633322.7857142857
83 1144250.1590909092
84 755683.119047619
85 576832.34375
86 640129.2
87 411181.61904761905
88 605950.04
89 867887.7307692308
90 1306707.612244898
91 1041848.7083333334
92 1083489.4905660378
93 1975160.3666666667
94 1309462.7
95 422520.3461538461
96 1127316.891304348
97 1172431.7916666667
98 548473.7142857143
99 1453530.4166666667
100 1776684.5263157894
101 871142.3469387755
102 919695.3617021276
103 687850.3695652174
104 1433421.3773584906
105 1122592.8958333333
106 986961.5116279069
107 469669.44897959183
108 1060266.1136363635
109 443573.6976744186
110 1437144.0
111 1108109.25
112 1068311.923076923
113 1234707.3076923077
114 704290.475
115 1228618.0
116 2121780.5
117 1385380.22
118 1909586.4
119 721365.804347826
120 1210884.054054054
121 800222.2264150943
122 1017207.725
123 1004479.5
124 1745996.3448275863
125 896709.6153846154
126 1390104.88
127 1152466.2432432433
128 1280701.66
129 1251933.0526315789
130 1204575.9344262294
131 928468.225
132 1131812.9333333333
133 1383617.0425531915
134 803564.0208333334
135 1076080.288888889
136 1340134.076923077
137 1878714.6764705882
138 1361523.0555555555
139 2332881.620689655
140 1920096.45
141 857729.5454545454
142 1103213.7708333333
143 1673239.2972972973
144 1387499.1960784313
145 1781352.44
146 3995041.727272727
147 798410.6326530612
148 1374477.4516129033
149 729905.0178571428
150 1975629.5714285714
151 1484044.95
152 2234210.433333333
153 1458867.2857142857
154 1382879.8292682928
155 2068581.1538461538
156 1432219.9777777777
157 1059643.574468085
158 1326650.693877551
159 2550158.5789473685
160 1987910.347826087
161 1321348.1875
162 1995169.4
163 1421426.7234042552
164 2196783.380952381
165 927571.6875
166 1686136.888888889
167 945169.3953488372
168 1931178.7391304348
169 1310217.9090909092
170 2087846.076923077
171 2404520.8048780486
172 1605163.456521739
173 2619056.8260869565
174 2764615.75
175 2765751.8085106383
176 1039750.2857142857
177 2998343.659574468
178 1683408.7777777778
179 2437502.32
180 2365233.2608695654
181 1874697.9795918367
182 1754689.1041666667
183 2283026.1627906975
184 3096622.285714286
185 1658057.0217391304
186 2205206.5090909093
187 2458505.612244898
188 1614425.3921568627
189 2487132.272727273
190 3033437.6530612246
191 1937021.5135135136
192 2480405.6
193 2375496.6
194 2893430.289473684
195 2135979.906976744
196 1092486.2631578948
197 3429218.129032258
198 1962900.690909091
199 3008363.7560975607
200 4033355.45
201 2326908.0588235296
202 2091151.3137254901
203 2903281.0727272728
204 1932617.6666666667
205 3047132.057142857
206 2574645.466666667
207 2873771.45
208 1499962.0
209 2686776.890909091
210 2113322.3921568627
211 2675019.11627907
212 3677747.975609756
213 2904968.395348837
214 3599692.980769231
215 3120653.9
216 4930732.446428572
217 2769252.603773585
218 2012147.6078431373
219 2986341.128205128
220 3306592.6585365855
221 1429815.6304347827
222 4676503.652173913
223 3165761.6341463416
224 2925312.2448979593
225 3208997.763157895
226 2345106.125
227 1882646.5882352942
228 4818767.934782608
229 4490220.618181818
230 2487652.576923077
231 3670703.3260869565
232 3916302.586956522
233 2195869.56097561
234 4265265.125
235 3408350.7916666665
236 2285336.0625
237 2484314.6666666665
238 5804173.448979592
239 4430247.805555556
240 2988262.173076923
241 5188049.277777778
242 2376491.6481481483
243 2562634.4545454546
244 3970867.962962963
245 5150216.647058823
246 5667210.688888889
247 4420779.333333333
248 2517854.7
249 4140884.886792453
250 4528209.275
251 7247600.290909091
252 3494747.789473684
253 3429533.448979592
254 4924954.085106383
255 3910128.1428571427
256 4343329.117647059
257 2713857.673469388
258 4486901.236842105
259 2730161.882352941
260 4798273.288888888
261 4136886.1219512196
262 3708690.4736842103
263 2154993.911764706
264 3566913.59375
265 1240543.358490566
266 4011764.7407407407
267 7625353.704545454
268 5709273.075
269 3159232.1136363638
270 3271374.238095238
271 3909046.913043478
272 7212584.1707317075
273 4922517.84
274 6233164.194444444
275 4101560.775
276 3746441.2
277 6757225.924528302
278 3804939.84
279 3573773.6578947366
280 4017523.08
281 4113111.6153846155
282 2451992.403846154
283 3765800.3488372094
284 2588144.4081632653
285 3821517.6
286 4260687.137254902
287 3410628.619047619
288 5110258.926829268
289 5841065.909090909
290 4360826.4
291 4354145.642857143
292 5150985.390243903
293 4854646.294117647
294 3885252.745098039
295 5067964.782608695
296 4969460.346938776
297 7748086.775510204
298 4818546.326086956
299 3453502.1914893617
300 4762596.909090909
301 6134144.346153846
302 5315526.541666667
303 7067316.05
304 3574927.511111111
305 3831114.9591836734
306 8037549.765957447
307 5161540.68627451
308 7707527.513513514
309 4465330.912280702
310 7382686.545454546
311 5181998.203703703
312 3216561.4166666665
313 4932870.076923077
314 2397299.8333333335
315 6073935.098360656
316 3987140.422222222
317 5021093.03030303
318 7222176.666666667
319 5380150.111111111
320 4971857.178571428
321 5068811.422222222
322 4925300.295454546
323 8486246.56097561
324 5946905.086206896
325 4821791.722222222
326 7221138.162790698
327 4579966.621621622
328 4657671.82
329 8012992.942857143
330 6831906.59375
331 8075186.301886792
332 5253748.948717949
333 8106031.981132075
334 6289030.928571428
335 5400737.880952381
336 7718054.372881356
337 8998363.558139535
338 8530484.05263158
339 8096649.879310345
340 4637354.117647059
341 4588849.46
342 5863295.217391305
343 4142368.78
344 5376809.357142857
345 7810786.833333333
346 9073618.888888888
347 1.0129245375E7
348 1.1902263285714285E7
349 5280454.571428572
350 8240771.204081632
351 7922947.895833333
352 7823022.347826087
353 6330259.675675675
354 5259192.888888889
355 8923630.036363637
356 1.0027894295454545E7
357 7381837.771428571
358 6986954.177777777
359 1.1686139863636363E7
360 9022769.355555555
361 6040030.980769231
362 7748967.361111111
363 5974728.0
364 5618295.22
365 1.0607127362068966E7
366 8910057.795454545
367 9697541.0
368 1.2318393555555556E7
369 7290740.239130435
370 8164203.157894737
371 5565161.029411765
372 7743499.674418605
373 1.1469353710526315E7
374 8559750.05357143
375 9967502.50909091
376 6647008.962264151
377 6522568.846153846
378 1.2986687481481481E7
379 9213554.38181818
380 8460919.181818182
381 9827507.50877193
382 6698538.081632653
383 1.36701268E7
384 1.0847350425925925E7
385 1.1645113039215686E7
386 8474970.529411765
387 9006624.0
388 1.2005175725806452E7
389 6046877.658536585
390 8641612.733333332
391 1.280752468852459E7
392 6970797.659574468
393 6941981.545454546
394 1.150908006521739E7
395 6210289.862745098
396 7961791.682926829
397 1.0256809818181818E7
398 6633701.311111111
399 1.169796984E7
400 7024245.739130435
401 5486547.666666667
402 1.061923789361702E7
403 1.2528266979591837E7
404 1.0016488414634146E7
405 1.381105275510204E7
406 1.5681743272727273E7
407 1.3592860318181818E7
408 7098928.7
409 1.4321175653061224E7
410 1.3617142395833334E7
411 1.411280351923077E7
412 1.4966615475E7
413 1.26390215E7
414 9842079.735849056
415 8228586.305555556
416 1.1023743291666666E7
417 1.4881726219512194E7
418 1.0901534604651162E7
419 9797898.092592593
420 1.0725274488372093E7
421 1.256639252173913E7
422 1.3042065272727273E7
423 1.2861356470588235E7
424 1.2112382581395349E7
425 9792397.044444444
426 1.5526106490196079E7
427 8997170.933333334
428 1.2286012555555556E7
429 8269561.470588235
430 1.704304115E7
431 1.2273529688888889E7
432 1.0315541464285715E7
433 1.275725311904762E7
434 1.1441918891304348E7
435 1.5756234842105264E7
436 2.0682177577777777E7
437 1.0102051791666666E7
438 1.4130389944444444E7
439 1.2905278844444444E7
440 1.113914597826087E7
441 1.251442148888889E7
442 1.1126169520833334E7
443 1.3549154181818182E7
444 1.3061957114285715E7
445 1.1780537405405406E7
446 1.0308440452830188E7
447 1.3150903433962265E7
448 8335058.867924528
449 1.20768825625E7
450 1.2575238188679244E7
451 1.7194994826086957E7
452 1.2890273020408163E7
453 1.115738488095238E7
454 1.2920579075E7
455 1.2553980673913043E7
456 1.4730997096153846E7
457 1.1903689285714285E7
458 1.443349048888889E7
459 1.1970907694444444E7
460 1.1369806361702127E7
461 2.137143304255319E7
462 1.2710198345454546E7
463 1.5211247549019609E7
464 1.6311758030303031E7
465 1.310503623076923E7
466 1.0570569705882354E7
467 1.1624703795918368E7
468 1.4534836E7
469 1.2787123384615384E7
470 1.0619611956521738E7
471 1.73168188125E7
472 2.534842755263158E7
473 1.1403562680851065E7
474 1.9880259523809522E7
475 1.3525813340909092E7
476 2.1224725717391305E7
477 2.216412009090909E7
478 1.8007899074074075E7
479 8446473.0
480 1.4535873094339622E7
481 1.104888668292683E7
482 1.3666873923076924E7
483 1.840355581395349E7
484 1.3213038666666666E7
485 1.4730960617021276E7
486 1.0439645543478262E7
487 2.091901169767442E7
488 9571035.150943397
489 1.3259238660714285E7
490 9146809.612244898
491 1.304035774509804E7
492 1.8295695659574468E7
493 1.9657389181818184E7
494 1.6826261490566038E7
495 2.5387082740740743E7
496 1.4675180087719299E7
497 2.212062995744681E7
498 1.7951981125E7
499 2.2516525204545453E7
