1 195.66666666666666
2 123.8
3 218.5
4 228.0
5 272.6
6 229.4
7 504.25
8 273.85714285714283
9 242.875
10 141.5
11 344.0
12 237.0
13 172.66666666666666
14 174.16666666666666
15 258.5
16 326.75
17 335.55555555555554
18 318.0
19 265.0
20 103.5
21 191.5
22 337.5
23 260.2
24 347.625
25 347.2857142857143
26 480.5
27 392.5
28 301.6666666666667
29 332.625
30 220.5
31 397.5
32 212.0
33 466656.85714285716
34 303.0
35 300.75
36 1394.5
37 430.5
38 471.5
39 459891.1666666667
40 384.6
41 307.0
42 294.0
43 311.0
44 305.75
45 124.33333333333333
46 401.85714285714283
47 293.8
48 356.8
49 341.25
50 335.25
51 470.2857142857143
52 318314.5
53 419.5
54 524.75
55 448949.71428571426
56 824097.0
57 279.0
58 419.0
59 505.0
60 419.1666666666667
61 318.42857142857144
62 551.3333333333334
63 367.75
64 410966.5714285714
65 220325.25
66 482.3333333333333
67 398.9
68 447.0
69 62493.0
70 275.5
71 228.66666666666666
72 375.5
73 137.0
74 352.4
75 503.0
76 471.0
77 532.6666666666666
78 448.0
79 131.0
80 233.0
81 260.6666666666667
82 331.75
83 264.75
84 454.2
85 412.0
86 530.5
87 456.1666666666667
88 441.5
89 330.25
90 473.6666666666667
91 410.0
92 377.5
93 394.4
94 436.5
95 344.3333333333333
96 347.6666666666667
97 347.8
98 364.5
99 238.16666666666666
100 123140.44444444444
101 384.75
102 266.3333333333333
103 135135.42857142858
104 342.3333333333333
105 388.3333333333333
106 441467.25
107 154845.8
108 527.2
109 1118243.6666666667
110 273.8333333333333
111 353.0
112 556.6666666666666
113 475.8
114 487.0
115 403.0
116 398.0
117 435.0
118 106021.4
119 425650.2
120 493.0
121 486.0
122 448.4
123 496.0
124 168790.2857142857
125 438.2
126 447.14285714285717
127 428.4
128 2229.5
129 424.2
130 503.0
131 380.3333333333333
132 452.3333333333333
133 415.75
134 606.5
135 486.8
136 511.0
137 592.0
138 526.5
139 598.8
140 257007.77777777778
141 3231.5
142 0
143 506182.1666666667
144 609.2222222222222
145 281336.0
146 593.0
147 142712.875
148 358.75
149 488.3333333333333
150 881.25
151 338.6666666666667
152 540.6
153 265.2
154 727.75
155 342.5
156 924140.6363636364
157 242.4
158 553516.6
159 493.75
160 453.3333333333333
161 462.8333333333333
162 661.5
163 290.3333333333333
164 557.375
165 696.0
166 298.6666666666667
167 522.75
168 46219.5
169 624697.6
170 589.375
171 708441.2857142857
172 818.6666666666666
173 712.25
174 175474.0
175 689.8
176 645.5
177 89566.33333333333
178 481.5
179 603.75
180 125962.0
181 562.0
182 573.0
183 618.8333333333334
184 697.0
185 613.8
186 755.25
187 160.0
188 1639398.2857142857
189 522.0
190 804.0
191 340.6666666666667
192 734.75
193 822159.125
194 577.0
195 466413.6666666667
196 441.4
197 1516506.2857142857
198 724186.1428571428
199 652.4
200 549.2
201 351.0
202 2376074.0
203 605.0
204 474119.28571428574
205 366.5
206 897.4444444444445
207 486662.3333333333
208 484815.7272727273
209 552.3333333333334
210 487.0
211 462592.625
212 722134.7142857143
213 618.3333333333334
214 830606.5
215 453.0
216 575494.2
217 607.5
218 672.0
219 690179.1428571428
220 862380.3636363636
221 729.3333333333334
222 530.1666666666666
223 616651.25
224 2079650.625
225 518.6666666666666
226 775.25
227 816.0
228 775.3333333333334
229 344866.28571428574
230 215337.5
231 544.8333333333334
232 285.0
233 332348.28571428574
234 87129.42857142857
235 628402.2857142857
236 320.6666666666667
237 2246590.0
238 551.6666666666666
239 366.2
240 570876.75
241 672.6666666666666
242 599.2
243 487.57142857142856
244 756.75
245 1728281.3333333333
246 550.0
247 368178.0
248 634.6666666666666
249 450.5
250 959970.5
251 99053.66666666667
252 767.0
253 319429.1111111111
254 1484896.75
255 253628.0
256 484958.75
257 408.2
258 668532.3333333334
259 362314.8
260 892.6666666666666
261 632.0
262 619.75
263 807.6666666666666
264 669.3333333333334
265 539739.0
266 1589289.5
267 1092.25
268 588.0
269 567.1111111111111
270 1695827.25
271 554949.75
272 866309.0
273 1187769.4
274 610.25
275 515358.4
276 770997.5
277 69243.66666666667
278 412034.0
279 389.3333333333333
280 650.0
281 578273.0
282 635.0
283 516.0
284 130884.0
285 920.3333333333334
286 822.5
287 689.0
288 289681.0833333333
289 726.25
290 626.0
291 303346.8
292 756.0
293 127580.66666666667
294 844.1666666666666
295 77148.16666666667
296 552.0
297 758.0
298 623.3333333333334
299 617.3333333333334
300 608.0
301 454367.8333333333
302 786.6666666666666
303 660.4
304 1319145.7777777778
305 164894.33333333334
306 928239.5714285715
307 1198747.3333333333
308 656149.6666666666
309 615717.8571428572
310 721.2
311 838.2
312 691.0
313 490.3333333333333
314 515.0
315 978276.0
316 872661.2857142857
317 705.3333333333334
318 698.0
319 79034.11111111111
320 1065939.0
321 896127.2
322 365.25
323 430401.0
324 723.6666666666666
325 89534.83333333333
326 349846.85714285716
327 801.6666666666666
328 442.3333333333333
329 457.4
330 145575.16666666666
331 863.0
332 944779.5714285715
333 434699.71428571426
334 1005.0
335 1032.0
336 864.0
337 2149061.3333333335
338 1795183.0
339 736.4285714285714
340 466.3333333333333
341 997174.2
342 939.25
343 1257855.0
344 672.7142857142857
345 623.0
346 961.6666666666666
347 533.8333333333334
348 1292259.5
349 562.0
350 565.7142857142857
351 823.0
352 2427951.0
353 195681.11111111112
354 127692.6
355 859.6666666666666
356 815.0
357 717.6666666666666
358 1395058.7142857143
359 231084.0
360 714.6666666666666
361 831.5
362 703.8571428571429
363 833.0
364 2641474.3333333335
365 4325247.8
366 2350498.0
367 377455.5
368 940.0
369 659.1666666666666
370 619689.0
371 370277.75
372 859.3333333333334
373 492.375
374 868.75
375 141836.5
376 1018.0
377 1518578.857142857
378 852.0
379 220.0
380 742830.0
381 1089181.5
382 754977.2
383 408232.3333333333
384 1945280.5
385 1364473.0
386 856080.75
387 438.2
388 467444.44444444444
389 2482383.75
390 1824503.0
391 678876.3333333334
392 2935469.0
393 736916.0
394 147778.55555555556
395 1119645.8
396 446556.375
397 776.8571428571429
398 494755.25
399 1142447.6
400 847.5
401 844.6666666666666
402 795.0
403 724.5
404 914.8571428571429
405 587.0
406 766907.5
407 656558.8571428572
408 104024.0
409 802.0
410 937.625
411 925.5
412 423722.6666666667
413 900.5
414 577965.4
415 5171566.0
416 70623.16666666667
417 2518409.2
418 2749226.5
419 4923186.25
420 856.0
421 1027.0
422 868.6666666666666
423 1192165.5
424 740.3333333333334
425 425748.0
426 673.5
427 722.0
428 892.0
429 737371.0
430 571.8571428571429
431 1001.6666666666666
432 3768608.5
433 1038.6666666666667
434 1015.25
435 2207519.8333333335
436 3214440.4
437 994437.5
438 2429372.25
439 504.0
440 988.0
441 1070874.5
442 390802.8333333333
443 165503.16666666666
444 566.0
445 257579.6
446 4038612.0
447 2823.0
448 800.0
449 660913.25
450 710.375
451 759422.75
452 798.4
453 486689.6666666667
454 996.0
455 987.75
456 1028.142857142857
457 559005.8888888889
458 681.3333333333334
459 1111.25
460 1101887.0
461 752.5
462 1082.8
463 728.3333333333334
464 557048.375
465 458420.25
466 687.5
467 1202.25
468 945.0
469 451999.0
470 1448479.5
471 171432.14285714287
472 1514125.4285714286
473 558588.0
474 603983.1428571428
475 417279.625
476 607.0
477 1098432.8333333333
478 823296.6666666666
479 246068.8
480 479347.8888888889
481 326245.85714285716
482 1132227.5
483 2219044.4
484 369892.5
485 943695.0
486 297871.6666666667
487 1162.0
488 878841.0
489 703822.2857142857
490 4297671.333333333
491 580950.0
492 1195532.5
493 853.3333333333334
494 691402.75
495 1010.0
496 2029317.875
497 628.5
498 700.3333333333334
499 1721787.6
500 1412552.25
501 2781018.0
502 653967.3333333334
503 1040861.6666666666
504 917.25
505 1134768.0
506 1168.6666666666667
507 1145.0
508 940279.0
509 1632934.1666666667
510 824.25
511 960448.0
512 363171.85714285716
513 5467547.6
514 991.4285714285714
515 262573.8
516 583650.25
517 844.6666666666666
518 924.25
519 772.0
520 549178.0
521 796519.5
522 253606.75
523 170690.8
524 1135027.0
525 1162.0
526 489576.25
527 244920.16666666666
528 789.0
529 757808.125
530 2017631.0
531 1149204.857142857
532 1739303.25
533 1301226.8333333333
534 930.0
535 2296482.25
536 722546.2857142857
537 1580840.75
538 286667.3333333333
539 716066.8
540 773.5
541 1035.1666666666667
542 42289.2
543 725584.6
544 1227.0
545 1433506.0833333333
546 365901.71428571426
547 313.0
548 361984.125
549 398572.2
550 2737384.9166666665
551 124908.71428571429
552 303960.4
553 83405.8
554 798267.2
555 697.0
556 1110.0
557 480751.8
558 152949.0
559 1759712.0
560 2556884.6
561 925621.8333333334
562 1279758.25
563 578.6666666666666
564 1109492.142857143
565 889050.2857142857
566 1076.4
567 683966.5
568 261709.5
569 1038838.1111111111
570 476696.8
571 874.0
572 810.6666666666666
573 852042.5
574 816291.6666666666
575 1599.25
576 1276.5
577 636011.6
578 244723.11111111112
579 1219.6
580 801748.7777777778
581 819.6666666666666
582 1262607.0
583 3691474.4
584 857113.6666666666
585 689.75
586 1150.0
587 823640.0
588 707922.3333333334
589 1283.3333333333333
590 496519.3333333333
591 1190.0
592 996.0
593 3260837.0
594 1046.6666666666667
595 1530.6666666666667
596 253616.25
597 2078677.9
598 1617378.0
599 974514.125
600 924.0
601 1572.1666666666667
602 993207.7142857143
603 1321.5
604 2691302.111111111
605 458728.25
606 1516992.125
607 945094.8888888889
608 1017.4
609 1172.6
610 425100.0
611 222659.33333333334
612 0
613 1068.4
614 1575889.4
615 796715.25
616 520860.5
617 648145.8
618 1240554.25
619 255117.66666666666
620 943.5
621 1321988.3333333333
622 838.5
623 1094.8
624 1237.4
625 293573.4
626 1342.6666666666667
627 1475489.6666666667
628 1761593.0
629 230970.0
630 1399.5
631 119025.42857142857
632 1115.3333333333333
633 3336682.5
634 1231.6666666666667
635 1100.0
636 164825.75
637 786968.2
638 2046728.0
639 1239.0
640 911.4
641 1279670.5714285714
642 975.0
643 70630.42857142857
644 829829.25
645 138134.33333333334
646 196740.875
647 455064.3333333333
648 978509.25
649 1283903.0
650 767442.8
651 328961.78571428574
652 542576.5
653 868.6666666666666
654 955.8
655 1172141.3
656 491834.1666666667
657 160086.125
658 807634.75
659 890084.875
660 557519.0
661 898573.4285714285
662 743119.75
663 447344.55555555556
664 690748.0
665 89123.25
666 257077.2
667 1602378.0
668 1844854.0
669 470637.2
670 610728.75
671 1372.4
672 1110605.6666666667
673 1333.0
674 921725.0
675 860.6666666666666
676 1834791.2
677 1800271.0
678 941749.8
679 1370620.888888889
680 1006443.5
681 242944.2
682 1918778.7142857143
683 3213111.3333333335
684 1351.25
685 30104.4
686 1674.0
687 262657.1666666667
688 1384.0
689 1343.0
690 1169914.75
691 2748605.4
692 2385124.285714286
693 965.5
694 4579237.0
695 291036.5
696 147265.5
697 1097.6
698 987450.0
699 772004.25
700 126876.0
701 1013.3333333333334
702 450201.0
703 218595.66666666666
704 266665.25
705 1245.0
706 534213.5
707 789885.0
708 2710391.0
709 1138.5
710 2403329.0
711 2420961.75
712 1215244.6
713 1294.3333333333333
714 1901.0
715 798.0
716 2773592.6666666665
717 2660350.6
718 6475707.857142857
719 824780.8888888889
720 1967438.4285714286
721 6143380.75
722 5390587.25
723 2328582.6
724 993986.6666666666
725 747208.0
726 1442.25
727 599801.8
728 2287085.0
729 2416746.375
730 1669382.0
731 2252371.8
732 1698021.3333333333
733 575082.2857142857
734 1824038.0
735 7419825.25
736 323243.0
737 1370.8
738 3007332.5
739 1541459.2857142857
740 584427.6
741 762488.6
742 1665460.5714285714
743 4359608.0
744 1455826.6
745 3249501.6666666665
746 745897.75
747 968147.5
748 2375888.0
749 1377.25
750 5270377.25
751 1305.3333333333333
752 1137271.25
753 2981280.2
754 1483273.2857142857
755 1604999.6666666667
756 1323041.0
757 593537.3333333334
758 3564972.1428571427
759 757.75
760 1283.4
761 2711253.111111111
762 1120.0
763 1120768.875
764 1333.0
765 3241312.25
766 3021613.75
767 1215840.0
768 3744266.75
769 1005013.6666666666
770 396587.8
771 1867.5
772 2874715.4
773 1510.0
774 802276.75
775 5670942.0
776 959.5
777 428597.5
778 1225.2
779 1728040.25
780 1831399.3333333333
781 763144.0
782 1729.142857142857
783 1836992.2857142857
784 928.75
785 2328064.25
786 1584768.4
787 342856.3333333333
788 400154.0
789 1502884.0
790 349.5
791 1076.0
792 1831.6666666666667
793 213175.0
794 537737.125
795 2879709.4285714286
796 1625989.0
797 466996.0
798 580446.4444444445
799 1620492.0
800 477969.5714285714
801 1237.0
802 929572.4285714285
803 979008.2857142857
804 2150629.6666666665
805 573179.0
806 696528.0
807 808981.2857142857
808 1318089.6
809 1774120.0
810 2918958.0
811 438379.6
812 1652.0
813 1065.0
814 0
815 2704385.8333333335
816 1580.0
817 1199958.5
818 363884.6
819 1349.25
820 5262461.666666667
821 671970.8
822 1569.3333333333333
823 2660217.75
824 573142.6666666666
825 685323.3333333334
826 1568526.6666666667
827 940.2
828 750227.75
829 417225.875
830 1869097.25
831 2295628.4
832 969130.0
833 1659348.75
834 567608.0
835 1122285.3333333333
836 6175479.142857143
837 1435372.6666666667
838 1548.0
839 1646513.5454545454
840 541892.5
841 1376609.875
842 4677699.0
843 1346960.25
844 1331.0
845 1826586.0
846 901550.7142857143
847 731654.75
848 1101810.0
849 1606.5
850 1214374.0
851 1332598.8
852 1519.6666666666667
853 1037.25
854 1052751.1666666667
855 1543.5
856 865761.5
857 1611.6666666666667
858 1757.3333333333333
859 1897.3333333333333
860 387953.0
861 2792593.1428571427
862 1982072.0
863 1839471.0
864 351830.6
865 3113150.3333333335
866 1915829.6666666667
867 1394902.25
868 871244.2857142857
869 1094229.2222222222
870 603128.5
871 2367571.5
872 2022100.6363636365
873 4377000.5
874 1452.5
875 633626.0
876 5760375.0
877 1937796.25
878 1843.0
879 477719.6
880 1222757.25
881 1476.6666666666667
882 1476775.8
883 835177.5714285715
884 1218280.0
885 9439043.0
886 1289375.2857142857
887 968.0
888 1769539.875
889 1608864.6666666667
890 2118527.5
891 778.0
892 469880.875
893 1797110.8
894 1011722.0
895 2779381.272727273
896 1541605.5
897 858743.75
898 484201.5
899 1264405.5
900 3291044.0
901 2162083.0
902 1873.5
903 978.0
904 399322.77777777775
905 1279566.875
906 408612.0
907 3268388.3333333335
908 1007.0
909 610738.2
910 2110096.0
911 1118252.875
912 1079.125
913 3365690.0
914 2571380.1428571427
915 1604.6666666666667
916 4897098.0
917 407838.3333333333
918 1277.2857142857142
919 2074471.142857143
920 2623326.1666666665
921 4370699.25
922 348894.3333333333
923 665792.1
924 3751823.0
925 1369.0
926 2941224.8
927 4119657.6
928 696748.5
929 1644.6666666666667
930 1123567.0
931 1391.6
932 1532536.7
933 239612.5
934 1141533.0
935 735.25
936 1342.75
937 1171.0
938 849135.0
939 978814.75
940 1366.6666666666667
941 953190.75
942 1957430.0
943 1700719.5
944 1165475.5
945 1328.3333333333333
946 170741.66666666666
947 101007.16666666667
948 898967.25
949 1075635.0
950 1235.5714285714287
951 597935.3333333334
952 1860.0
953 1254450.857142857
954 1690682.7142857143
955 0
956 1.761541E7
957 449287.125
958 5584145.833333333
959 1417393.0
960 2642806.285714286
961 1058137.6
962 2290762.0
963 2278456.375
964 1492.4
965 738539.3333333334
966 4882724.666666667
967 2813373.25
968 579955.3333333334
969 449861.0
970 2931170.0
971 2653466.0
972 417090.71428571426
973 5428027.333333333
974 916.5
975 337482.25
976 936.0
977 1832416.6
978 2189956.25
979 5299794.6
980 1364767.6
981 405508.375
982 631997.4
983 1194645.2
984 348931.5
985 1642679.142857143
986 3237259.4285714286
987 2008927.75
988 2609643.3
989 1705.2857142857142
990 15807.625
991 1879.5
992 4594458.25
993 2091629.0
994 2539531.5
995 4454796.0
996 5168771.0
997 3084081.0
998 1195.0
999 1677.3333333333333
1000 2002.6
1001 6304231.0
1002 655758.0
1003 2105.0
1004 1738.4
1005 3424744.714285714
1006 1.07985545E7
1007 1430276.6666666667
1008 538103.0
1009 3794494.3333333335
1010 2442.0
1011 793998.6666666666
1012 406960.6666666667
1013 1004.4
1014 149811.83333333334
1015 3453935.25
1016 2148539.1428571427
1017 884184.2857142857
1018 927919.0
1019 173607.0
1020 2516118.0
1021 1823.0
1022 1022306.2
1023 2679606.6666666665
1024 1453.0
1025 1871.3333333333333
1026 1744525.142857143
1027 2229.3333333333335
1028 259315.25
1029 10993.0
1030 7050817.0
1031 3282194.5
1032 2450.6666666666665
1033 1442064.1666666667
1034 1214764.0
1035 732135.0
1036 1640.375
1037 3999652.3333333335
1038 2063.5
1039 1564254.4
1040 5040494.916666667
1041 5394920.0
1042 1064.3333333333333
1043 4403674.25
1044 1964.3333333333333
1045 1.7058409E7
1046 1.4349704E7
1047 338665.8
1048 594255.6666666666
1049 2597293.25
1050 1241528.857142857
1051 1913.6666666666667
1052 1629.6
1053 1342128.6
1054 1033612.0
1055 724973.75
1056 1552.5
1057 1350.8
1058 925082.5
1059 501230.0
1060 4480783.0
1061 4685064.8
1062 1937.5
1063 1307.5
1064 339168.375
1065 1067490.4
1066 1664696.4
1067 1299119.25
1068 1706851.1666666667
1069 459489.0
1070 1779198.75
1071 2934483.777777778
1072 1833.75
1073 679253.25
1074 1596.25
1075 196779.8
1076 1531463.6666666667
1077 1981.0
1078 2605775.5
1079 606037.8
1080 1373386.75
1081 1.157241475E7
1082 1554.5
1083 3950502.1428571427
1084 2309542.5
1085 1613707.5555555555
1086 4751789.0
1087 2182.0
1088 1231730.5
1089 6125018.75
1090 1973.25
1091 2065405.1666666667
1092 752100.6
1093 645530.7142857143
1094 689845.5
1095 1629372.8
1096 3907403.6
1097 847928.0
1098 1987862.2
1099 544031.3333333334
1100 822539.875
1101 7759712.0
1102 1465660.8333333333
1103 826838.0
1104 1645.8
1105 165946.0
1106 218401.0
1107 7133135.0
1108 4538920.833333333
1109 2036276.4
1110 3024367.3333333335
1111 616950.2857142857
1112 5511265.3
1113 6340.5
1114 1717154.5
1115 255738.4
1116 1294220.75
1117 1030415.75
1118 6932572.666666667
1119 2020.5
1120 345514.1666666667
1121 1900.75
1122 4201454.5
1123 969.6666666666666
1124 1477.0
1125 2037766.142857143
1126 8336864.8
1127 2576992.25
1128 784427.625
1129 1745.0
1130 1912.5
1131 1604.5
1132 225379.875
1133 5652036.2
1134 829764.0
1135 4675515.111111111
1136 2612291.875
1137 449336.1111111111
1138 614802.8
1139 48176.11111111111
1140 2485387.6666666665
1141 1.03453295E7
1142 1949923.8
1143 2331867.75
1144 1656219.4
1145 8862683.625
1146 1907791.5
1147 460973.3333333333
1148 427.0
1149 809276.8
1150 970662.0
1151 1782.75
1152 1316539.142857143
1153 3744912.5
1154 2562149.375
1155 1461.0
1156 1024245.75
1157 806673.8888888889
1158 1234777.0
1159 1379534.3333333333
1160 637734.0
1161 712046.6666666666
1162 2226.5
1163 1648.75
1164 170670.25
1165 4126531.6666666665
1166 384933.0
1167 2737.0
1168 1597010.6
1169 1014.0
1170 1690870.25
1171 1029554.8
1172 8619745.0
1173 1450219.75
1174 1968224.25
1175 4499145.75
1176 1066865.0
1177 432706.0
1178 2374.0
1179 0
1180 942513.75
1181 5220839.666666667
1182 2932690.2
1183 3662958.714285714
1184 2685916.6666666665
1185 42366.0
1186 50915.0
1187 2164861.75
1188 3584725.0
1189 1587114.0
1190 666586.6666666666
1191 1929.0
1192 2441.5
1193 1726.3333333333333
1194 429578.5
1195 6963487.333333333
1196 49886.25
1197 3206340.0
1198 2012.0
1199 1828.0
1200 1451283.0
1201 2370413.0
1202 3485493.8333333335
1203 2463824.375
1204 2027274.3333333333
1205 2437.0
1206 9293177.8
1207 417154.6666666667
1208 2684628.1666666665
1209 1798449.0
1210 4670.0
1211 1131849.5
1212 1955.5
1213 482278.0
1214 3821036.0
1215 132238.5
1216 466193.6666666667
1217 630552.8888888889
1218 1990312.8
1219 1361.25
1220 3526244.25
1221 1186894.75
1222 4568125.5
1223 2756185.5
1224 2219.75
1225 3597615.3333333335
1226 2009121.2857142857
1227 1374.5
1228 1756.0
1229 1698469.5
1230 786022.6666666666
1231 1627.3333333333333
1232 1957262.7142857143
1233 2005.0
1234 1917920.2
1235 6990470.666666667
1236 3500842.0
1237 3578609.5
1238 1948.5
1239 5541174.428571428
1240 1636582.0
1241 366287.6
1242 2163066.0
1243 3247355.4
1244 3348735.0
1245 1925.0
1246 2907348.875
1247 2180.0
1248 1018312.0
1249 4769527.222222222
1250 5028988.5
1251 1071378.8
1252 4452383.0
1253 1743092.6666666667
1254 1056001.25
1255 2505000.25
1256 1.7897465E7
1257 4628198.666666667
1258 1558060.5555555555
1259 3909673.0
1260 2499.0
1261 1103791.8
1262 364093.0
1263 2779938.4285714286
1264 8685435.5
1265 1481696.5
1266 214803.5
1267 3350991.714285714
1268 2560670.0
1269 2.7194944E7
1270 604269.6666666666
1271 2448677.0
1272 2176147.0
1273 1214075.0
1274 1165301.75
1275 5050580.0
1276 4653719.75
1277 847888.0
1278 4230111.142857143
1279 8834326.0
1280 1118019.0
1281 0
1282 3197901.0
1283 5042962.3
1284 1170577.5
1285 482188.0
1286 2488520.8333333335
1287 3999693.25
1288 3321989.0
1289 2547.0
1290 0
1291 2750683.3333333335
1292 738934.8
1293 3854128.625
1294 734828.0
1295 1.3844793666666666E7
1296 2661075.8333333335
1297 8167463.0
1298 1397284.8333333333
1299 1669868.75
1300 1881.4
1301 4828510.6
1302 2256.0
1303 2312.8333333333335
1304 6822799.25
1305 2079271.2
1306 1083.3333333333333
1307 4136186.2
1308 2820968.4
1309 1703551.25
1310 1224.0
1311 579463.5
1312 1093088.875
1313 418033.0
1314 1594.3333333333333
1315 1207045.0
1316 1.8236695E7
1317 6754173.666666667
1318 703364.5
1319 1862804.25
1320 1572278.7142857143
1321 5384600.0
1322 5966956.0
1323 2125571.75
1324 3068.8333333333335
1325 2189.5
1326 1159174.0
1327 4670622.714285715
1328 3727536.4
1329 1813.5
1330 4247563.909090909
1331 2768038.8
1332 1207196.142857143
1333 1857492.0
1334 626302.75
1335 4124978.75
1336 7716208.333333333
1337 2895.0
1338 1034764.8
1339 596775.1111111111
1340 4363673.5
1341 732684.2857142857
1342 18076.6
1343 2174043.6666666665
1344 11391.166666666666
1345 6864666.5
1346 1832493.5714285714
1347 460833.8333333333
1348 1404.4
1349 453669.875
1350 2961737.75
1351 1318870.9090909092
1352 626233.0
1353 1110176.0
1354 5264506.0
1355 2103.5
1356 1660075.0
1357 5419478.5
1358 1909577.5
1359 1893195.8
1360 9298549.166666666
1361 713522.2
1362 2401715.0
1363 1079368.75
1364 4219517.333333333
1365 758244.0
1366 2020409.857142857
1367 3038545.4
1368 2821.6666666666665
1369 2679308.8
1370 2914600.5
1371 4406085.833333333
1372 6687694.714285715
1373 3379098.4
1374 1531620.857142857
1375 1168939.4
1376 3480028.8333333335
1377 5687651.2
1378 4691846.75
1379 4263476.8
1380 2999668.0
1381 1615285.3333333333
1382 954992.8181818182
1383 1034936.75
1384 1957.6666666666667
1385 717666.25
1386 2122018.3333333335
1387 1547719.3333333333
1388 1976406.5
1389 1261494.0
1390 9355646.6
1391 6826035.8
1392 2026.6666666666667
1393 1722253.6666666667
1394 2351909.25
1395 1908309.0
1396 0
1397 2228.5
1398 1613071.6666666667
1399 1522.6666666666667
1400 6514327.428571428
1401 617.0
1402 3034391.25
1403 3752393.3333333335
1404 4192918.777777778
1405 132046.44444444444
1406 5382336.0
1407 1209.0
1408 4014281.4
1409 3454.5
1410 670148.75
1411 2269.0
1412 697527.4
1413 1131498.0
1414 755580.25
1415 819079.2
1416 2951158.0
1417 9502819.5
1418 2482.3333333333335
1419 2290898.6
1420 2579779.8
1421 835036.5
1422 1959666.6666666667
1423 1956.0
1424 536691.6666666666
1425 3106775.0
1426 5360159.0
1427 6182744.8
1428 1884663.4444444445
1429 4676040.0
1430 5456350.8
1431 539196.6666666666
1432 1200876.0
1433 816584.1428571428
1434 239465.66666666666
1435 4817292.428571428
1436 6039295.0
1437 9005464.4
1438 2365041.0
1439 7874976.2
1440 2439.0
1441 5527887.0
1442 3720874.3333333335
1443 2526.6666666666665
1444 0
1445 3138088.0
1446 1873982.25
1447 734016.8333333334
1448 4527085.444444444
1449 3185821.6666666665
1450 3710776.6666666665
1451 3761268.4
1452 2167956.3333333335
1453 2314.6666666666665
1454 7981532.333333333
1455 5691331.833333333
1456 1781260.7272727273
1457 1.0048181E7
1458 1629864.5
1459 1264270.0
1460 3722311.3333333335
1461 8248901.0
1462 3083256.75
1463 3954692.4545454546
1464 1790.6666666666667
1465 4135412.2
1466 1.14915154E7
1467 2364.3333333333335
1468 2974366.8333333335
1469 4258.5
1470 1341.5
1471 1448330.2222222222
1472 3393.5
1473 9028141.25
1474 1502261.0
1475 7430238.714285715
1476 2562.0
1477 2627.5
1478 6303554.857142857
1479 8274883.428571428
1480 1982.0
1481 1573622.75
1482 1609.6
1483 2440.5
1484 544855.2857142857
1485 18107.8
1486 615693.6666666666
1487 340450.6666666667
1488 3831719.75
1489 625809.0
1490 2685101.4
1491 2413.0
1492 419392.4
1493 4023887.5
1494 5258757.833333333
1495 5348748.333333333
1496 7337058.0
1497 2089347.6666666667
1498 3580825.4
1499 3117163.714285714
1500 3531159.25
1501 577.5
1502 0
1503 2857.0
1504 1226514.142857143
1505 2468795.1666666665
1506 4471048.666666667
1507 2524.0
1508 9027632.0
1509 4574499.0
1510 3460624.25
1511 1764.0
1512 1605973.0
1513 6847771.666666667
1514 0
1515 1.5452324333333334E7
1516 2011819.0
1517 3266900.1666666665
1518 3242504.0
1519 1392244.142857143
1520 2186598.3333333335
1521 3137723.1666666665
1522 727488.25
1523 3323074.8
1524 2423.3333333333335
1525 3707464.0
1526 1601179.125
1527 6658859.0
1528 1383926.6666666667
1529 1703406.25
1530 1820.6
1531 952385.4
1532 1036650.1666666666
1533 1513430.1666666667
1534 7577053.777777778
1535 1464951.5
1536 7967864.5
1537 1150800.75
1538 4052842.2
1539 2265835.2
1540 1646374.1666666667
1541 1.01699755E7
1542 1804432.6666666667
1543 4565006.0
1544 1295645.6666666667
1545 2696719.0
1546 938.0
1547 309003.6
1548 4046067.285714286
1549 1056203.3333333333
1550 6058844.571428572
1551 4.7308887E7
1552 1807.0
1553 3102959.5
1554 0
1555 848555.6666666666
1556 1037279.8888888889
1557 1261827.8
1558 4525971.333333333
1559 2721529.625
1560 907236.0
1561 2356966.285714286
1562 2097210.0
1563 3923359.6666666665
1564 8159445.75
1565 13648.0
1566 2707551.6
1567 6581586.25
1568 6423464.6
1569 547367.25
1570 6943025.333333333
1571 284785.0
1572 1122273.0
1573 2220.0
1574 2303424.5
1575 1.1577757E7
1576 5174321.666666667
1577 1647033.3333333333
1578 7175104.666666667
1579 9417661.714285715
1580 2016.6666666666667
1581 4023018.0
1582 1613756.5
1583 2641.0
1584 4457549.0
1585 652880.0
1586 2111762.0
1587 3867675.3333333335
1588 1.427336E7
1589 4477754.333333333
1590 2025121.2222222222
1591 3384875.2
1592 1.6267105666666666E7
1593 2991897.25
1594 2258734.3333333335
1595 448850.7272727273
1596 2244102.8333333335
1597 2608.0
1598 1912720.75
1599 8389460.333333334
1600 803582.0
1601 5079324.0
1602 4821637.666666667
1603 1673338.4
1604 7429134.5
1605 2077601.1666666667
1606 4500366.8
1607 1666720.2857142857
1608 9155993.0
1609 3599614.4444444445
1610 425307.28571428574
1611 7753845.0
1612 2305891.625
1613 1018204.75
1614 1087453.6
1615 3069514.2
1616 1595972.0
1617 1539362.7142857143
1618 1.1741739666666666E7
1619 737064.0
1620 1862.3333333333333
1621 6123657.333333333
1622 6271192.333333333
1623 5095741.166666667
1624 2939696.4
1625 884871.5
1626 5256085.4
1627 2039208.9
1628 4949420.5
1629 6464160.857142857
1630 5434259.666666667
1631 3339481.75
1632 2446.8
1633 2682574.875
1634 3816061.75
1635 9189301.9
1636 6740449.111111111
1637 9404800.0
1638 1.5132959333333334E7
1639 1788512.2
1640 5214197.666666667
1641 2381739.6666666665
1642 1207209.6666666667
1643 1.288256E7
1644 4971154.8
1645 9219820.25
1646 2606.6666666666665
1647 3413.6666666666665
1648 1799534.75
1649 3560891.0
1650 3076240.0
1651 1.18462525E7
1652 3233291.1428571427
1653 891921.75
1654 1019643.5
1655 7385730.0
1656 3984.0
1657 405373.2
1658 2401773.2
1659 1.5337383E7
1660 2936685.125
1661 1240984.3333333333
1662 2826.5
1663 293335.0
1664 537771.1428571428
1665 3305518.5555555555
1666 526486.75
1667 1.04739015E7
1668 7858765.0
1669 4449888.0
1670 6300799.2
1671 5296413.5
1672 8553975.875
1673 1.334735E7
1674 2077.3333333333335
1675 3926136.285714286
1676 3326410.1666666665
1677 2847.0
1678 6760653.0
1679 1181280.0
1680 446399.6666666667
1681 1.3680731333333334E7
1682 3681069.6
1683 9647915.833333334
1684 928260.5
1685 6109694.571428572
1686 2059617.0
1687 1151581.0
1688 995685.5
1689 8950905.125
1690 919629.5
1691 9919310.5
1692 2711.75
1693 4280456.5
1694 8225027.333333333
1695 1685760.0
1696 433474.5
1697 656705.6
1698 4062836.6666666665
1699 7951344.6
1700 3835935.25
1701 603120.8
1702 2323.3333333333335
1703 4954948.4
1704 630811.0
1705 4087542.5
1706 1693448.3333333333
1707 7440151.166666667
1708 2002192.0
1709 6960601.5
1710 1.218231175E7
1711 1.4056631E7
1712 4048034.3333333335
1713 2907771.6
1714 2399107.625
1715 1821844.3333333333
1716 8882607.0
1717 2653.25
1718 2024475.6
1719 3661815.285714286
1720 5077082.4
1721 617873.0
1722 5553660.6
1723 282849.0
1724 6366249.666666667
1725 1128831.0
1726 1707.0
1727 6838807.8
1728 5878751.2
1729 6295994.75
1730 1782040.2727272727
1731 3065102.875
1732 9506712.0
1733 848852.0
1734 9222487.3
1735 1.334629557142857E7
1736 1881260.875
1737 943893.2
1738 0
1739 2068.75
1740 9487252.0
1741 4054373.5555555555
1742 2395608.0
1743 5599937.0
1744 7416368.0
1745 7237738.25
1746 5592308.875
1747 819.0
1748 976988.2
1749 4677966.0
1750 4520918.5
1751 6646696.142857143
1752 4807374.5
1753 732218.0
1754 2165636.6666666665
1755 1799785.2
1756 1339.0
1757 2905.0
1758 2301.75
1759 5107960.0
1760 4864000.0
1761 2791.0
1762 1.8904959E7
1763 1.4855352333333334E7
1764 2627.5
1765 2319301.125
1766 3271176.0
1767 3976353.1428571427
1768 1.535799E7
1769 4810702.142857143
1770 3824306.3333333335
1771 7664109.6
1772 2020.0
1773 5584875.5
1774 2023585.0
1775 4084569.75
1776 2111252.0
1777 9515631.8
1778 6752102.5
1779 3564832.25
1780 2882657.8571428573
1781 2607.0
1782 2641037.5
1783 6148823.2
1784 1342746.8333333333
1785 9706635.42857143
1786 1.42437025E7
1787 4772053.5
1788 1874.5
1789 2203818.8
1790 2327.0
1791 1.5733239333333334E7
1792 2721.5
1793 7729329.4
1794 3561749.5
1795 5584892.666666667
1796 2919845.0
1797 5253250.714285715
1798 4536723.75
1799 6607902.571428572
1800 2815.6666666666665
1801 2895986.0
1802 2964.75
1803 5623893.2
1804 3597.0
1805 2925.5
1806 1.3040863E7
1807 1844244.5
1808 5827915.333333333
1809 224033.0
1810 6959369.0
1811 3293784.5
1812 2709996.5555555555
1813 2262420.1666666665
1814 1.0772072E7
1815 4514048.4
1816 5579919.333333333
1817 3716204.0
1818 4136411.0
1819 1.4864098E7
1820 3781365.5
1821 6572155.6
1822 6187253.285714285
1823 1.0978297E7
1824 2438.6
1825 867089.0
1826 1.56278796E7
1827 946796.2
1828 9514153.6
1829 1.0002694272727273E7
1830 2188037.1666666665
1831 2560345.25
1832 7992499.75
1833 4346202.0
1834 3696775.75
1835 4356586.75
1836 9027955.25
1837 5713706.571428572
1838 2864.0
1839 4767872.0
1840 1.80874955E7
1841 5967834.714285715
1842 2411.3333333333335
1843 8603336.2
1844 2545.0
1845 6235331.8
1846 1.05031905E7
1847 3.56198045E7
1848 4461025.0
1849 1907802.0
1850 2851.5
1851 6150270.4
1852 1.451063E7
1853 3013.0
1854 860753.0
1855 1.4728834E7
1856 4049521.5
1857 1.2881197E7
1858 683772.5
1859 7003865.857142857
1860 5742375.0
1861 4095.0
1862 8733162.333333334
1863 2676.6666666666665
1864 1.7399584285714287E7
1865 3425262.0
1866 5555621.666666667
1867 1494216.75
1868 870166.6
1869 2524715.1428571427
1870 3848384.0
1871 7233158.0
1872 2287637.0
1873 4513150.333333333
1874 4623560.75
1875 2017240.2
1876 293931.5
1877 818268.0
1878 2850207.125
1879 9118777.2
1880 0
1881 1791520.1666666667
1882 3943913.4
1883 8279650.6
1884 1299081.0
1885 842448.4285714285
1886 1.3697363E7
1887 6934093.25
1888 2763830.3333333335
1889 6058471.166666667
1890 4351228.0
1891 5878109.0
1892 0
1893 4442502.75
1894 858959.5
1895 2964312.3333333335
1896 2037784.0
1897 1.6206901142857144E7
1898 107984.0
1899 2712.3333333333335
1900 592585.4285714285
1901 1.217895225E7
1902 2449581.75
1903 7348145.5
1904 523946.3333333333
1905 0
1906 5636621.333333333
1907 6756067.2
1908 1.5690336166666666E7
1909 3623777.4285714286
1910 1.4518348888888888E7
1911 4599765.4
1912 4869880.5
1913 4948601.428571428
1914 1958832.6666666667
1915 8962416.5
1916 6393895.4
1917 1.33725636E7
1918 3580718.6
1919 7925380.0
1920 1.1318453E7
1921 2407878.5
1922 2990.6666666666665
1923 5771212.333333333
1924 3081.3333333333335
1925 1.8135035E7
1926 1420052.0
1927 1000631.1428571428
1928 1.0905657333333334E7
1929 2700.5
1930 1.13911278E7
1931 1523385.25
1932 52777.75
1933 6125163.5
1934 6132266.0
1935 8267420.5
1936 5495169.142857143
1937 3196155.0
1938 4306.0
1939 308243.8
1940 8469568.0
1941 1037190.5
1942 1.03852576E7
1943 1.5799995666666666E7
1944 3201679.3333333335
1945 2374691.0
1946 5198607.75
1947 1072233.0
1948 5609376.142857143
1949 2816241.6666666665
1950 7288714.25
1951 4391138.8
1952 1.126759475E7
1953 5347938.1
1954 2548301.8571428573
1955 394593.0
1956 6222198.6
1957 2.54593015E7
1958 3669572.25
1959 7085111.6
1960 1285877.0
1961 1.2363795285714285E7
1962 942315.9090909091
1963 1.0159851888888888E7
1964 7216754.4
1965 4111559.6666666665
1966 2547005.714285714
1967 1.146256E7
1968 3824731.8
1969 2366853.5
1970 1.17707155E7
1971 8065575.2
1972 2739.5
1973 1928497.25
1974 3753011.8181818184
1975 1.098006E7
1976 2054239.0
1977 2133721.2
1978 3365.0
1979 2319980.285714286
1980 3236.5
1981 1.23818598E7
1982 3181476.0
1983 1.1781160111111112E7
1984 8875538.5
1985 7624499.75
1986 2113056.0
1987 1.0065852E7
1988 1.4473792714285715E7
1989 3908879.75
1990 2931.4
1991 398646.75
1992 1114473.6
1993 2188951.6666666665
1994 2790366.6666666665
1995 1014988.0
1996 1335354.25
1997 2900.25
1998 6291466.5
1999 5977080.0
2000 4418290.0
2001 1.6764298E7
2002 1155995.6
2003 1089957.5
2004 2892665.6666666665
2005 2750605.0
2006 901477.4285714285
2007 5416214.25
2008 1.4688264333333334E7
2009 897539.0
2010 960487.1428571428
2011 3933261.6153846155
2012 173728.33333333334
2013 421546.5
2014 2107624.0
2015 8229112.5
2016 1487853.3333333333
2017 8918366.666666666
2018 1630426.4444444445
2019 2871661.0
2020 1.08017715E7
2021 7824371.333333333
2022 3371.3333333333335
2023 410526.0
2024 3210.0
2025 7370734.25
2026 968192.0
2027 1.2161059285714285E7
2028 2951997.0
2029 4480896.2
2030 4881508.333333333
2031 2470754.8333333335
2032 3605.0
2033 2.317204E7
2034 5168478.2
2035 1213794.0
2036 5882018.6
2037 1603825.0
2038 7393446.25
2039 5892051.666666667
2040 9491584.2
2041 1.04800855E7
2042 6722360.285714285
2043 1.6330283875E7
2044 1.59740664E7
2045 8359950.0
2046 3587901.8333333335
2047 3232290.5
2048 3428887.8571428573
2049 6509991.888888889
2050 2035001.25
2051 1.461870275E7
2052 7320802.428571428
2053 1.08749484E7
2054 1.21844028E7
2055 3274.0
2056 2105181.0
2057 2634526.5
2058 651117.0
2059 1.5249008333333334E7
2060 2344076.6666666665
2061 1485839.0
2062 898225.0
2063 3.066871825E7
2064 6978012.25
2065 443118.0
2066 401660.1666666667
2067 3.336741625E7
2068 3538680.714285714
2069 7586638.4
2070 1.022896175E7
2071 815527.0
2072 1.5224237E7
2073 6548336.2
2074 3086354.0
2075 8901932.25
2076 1.1408517166666666E7
2077 2500.4
2078 1.0164036166666666E7
2079 2240.5
2080 4681598.8
2081 6354965.333333333
2082 7208139.428571428
2083 6457928.142857143
2084 1056206.0
2085 4801934.125
2086 1.2487927714285715E7
2087 1.5346596333333334E7
2088 9172260.6
2089 2921.1666666666665
2090 1.1216641666666666E7
2091 6365398.0
2092 1.2093644E7
2093 3344.5
2094 7736667.25
2095 2957669.6
2096 709962.75
2097 25335.0
2098 6524708.0
2099 2251358.0
2100 7354754.333333333
2101 9886096.666666666
2102 3241722.5
2103 732.0
2104 1.57751035E7
2105 1.6702556E7
2106 5179107.214285715
2107 7235799.0
2108 1135795.6666666667
2109 2801445.25
2110 1.1752713222222222E7
2111 3452.0
2112 2309508.5
2113 553873.75
2114 4126.0
2115 4551183.0
2116 3215506.0
2117 1.6046681E7
2118 1.41311448E7
2119 8338000.666666667
2120 1491259.0
2121 3443204.8
2122 5600353.333333333
2123 1.6126345666666666E7
2124 3596562.0
2125 3477.0
2126 1826388.0
2127 7338498.0
2128 4279376.4
2129 2528.5
2130 3047426.111111111
2131 8499293.5
2132 1.35214885E7
2133 5743934.833333333
2134 2577846.0
2135 2448504.1666666665
2136 1.2266345166666666E7
2137 4643991.111111111
2138 2377507.3333333335
2139 5416170.0
2140 1.9937452666666668E7
2141 2821586.3333333335
2142 3011910.285714286
2143 4632.0
2144 2743586.0
2145 2.2841373E7
2146 3343.25
2147 1.11922664E7
2148 1.3050893333333334E7
2149 1.77704595E7
2150 3279813.25
2151 3246.5
2152 6745858.8
2153 5256055.571428572
2154 8241650.8
2155 769262.8
2156 4797629.666666667
2157 5883480.25
2158 7476756.2
2159 6400232.857142857
2160 7853744.0
2161 1626421.75
2162 7977306.0
2163 1.4779024E7
2164 3337.0
2165 1.0142395666666666E7
2166 4894258.4
2167 7655808.0
2168 1364105.8
2169 4349.0
2170 1.0898022E7
2171 1.4615211E7
2172 1988737.25
2173 4185.0
2174 1816.3333333333333
2175 2994411.4285714286
2176 1060899.4285714286
2177 2085029.8333333333
2178 2427666.5
2179 2510069.0
2180 1.134565875E7
2181 1977512.6666666667
2182 5295953.6
2183 4966027.75
2184 2.0685004E7
2185 50855.5
2186 5338710.444444444
2187 3.1609648E7
2188 6704699.0
2189 2908507.75
2190 1284470.1666666667
2191 7034430.333333333
2192 9585689.0
2193 1.4452134E7
2194 695140.6
2195 7349162.333333333
2196 1.9841979666666668E7
2197 1.05312646E7
2198 3792603.5
2199 5469303.0
2200 1219340.5
2201 1.1328763777777778E7
2202 1351451.7142857143
2203 2.96007802E7
2204 3451245.6
2205 4147256.5
2206 8492661.0
2207 7896628.0
2208 2.0636140666666668E7
2209 5442101.333333333
2210 2037038.4
2211 245152.33333333334
2212 2.16593835E7
2213 388828.75
2214 3294.6666666666665
2215 8405916.5
2216 8680830.75
2217 6769928.2
2218 6050240.0
2219 1.4871382666666666E7
2220 1.357652E7
2221 367517.6666666667
2222 2.07219095E7
2223 3.1926616E7
2224 3258832.5
2225 1777745.5
2226 3161734.8333333335
2227 6329240.0
2228 9836574.0
2229 1765210.125
2230 4768978.285714285
2231 2.3665123E7
2232 2573572.6666666665
2233 2208994.625
2234 2053470.5
2235 3810311.0
2236 2147.0
2237 4263.4
2238 441594.6
2239 1.1773584E7
2240 7298737.4
2241 1893870.7
2242 8782579.0
2243 7559178.0
2244 1.043868475E7
2245 9985132.2
2246 9703095.57142857
2247 9331875.125
2248 2156.5
2249 1.376569275E7
2250 5294469.571428572
2251 3772628.5
2252 7181191.0
2253 1.0192950625E7
2254 1.6249923666666666E7
2255 6672.0
2256 3298.0
2257 7054868.333333333
2258 1467619.1666666667
2259 2062786.0
2260 2737212.6666666665
2261 7401023.333333333
2262 5362405.75
2263 1.0801673833333334E7
2264 9860229.75
2265 6972106.333333333
2266 6508594.666666667
2267 5270915.0
2268 3.3402415E7
2269 1.43853402E7
2270 8592851.666666666
2271 7632250.0
2272 1.12350465E7
2273 2796864.5
2274 3.97018376E7
2275 4044816.25
2276 1112531.5
2277 5079552.111111111
2278 3808.5
2279 9986713.0
2280 6353222.875
2281 3968070.2
2282 1.2007249E7
2283 1459630.8
2284 2.0248543833333332E7
2285 8950406.363636363
2286 7197661.571428572
2287 1.3156675E7
2288 4466.0
2289 1034128.3333333334
2290 6378691.0
2291 6038852.666666667
2292 2.2374644E7
2293 4363395.5
2294 2.3566893666666668E7
2295 6596169.25
2296 3365236.8
2297 1.7303005166666668E7
2298 2705.3333333333335
2299 3505.6666666666665
2300 2380.0
2301 1.9882374444444444E7
2302 9396535.75
2303 1.5543620166666666E7
2304 1419256.1666666667
2305 2748784.4
2306 1.3516397857142856E7
2307 1.2326177E7
2308 3210155.1666666665
2309 53647.333333333336
2310 130712.0
2311 1.06098257E7
2312 1.3559294625E7
2313 0
2314 2788.6666666666665
2315 7135919.9
2316 4927.0
2317 1045262.625
2318 5028392.8
2319 3243.8333333333335
2320 4796854.857142857
2321 1.0650854142857144E7
2322 409090.0
2323 1.0288521E7
2324 7244120.714285715
2325 6835690.8
2326 1.335800825E7
2327 529563.5
2328 3580979.6666666665
2329 5471814.0
2330 2549708.3333333335
2331 2.0393595666666668E7
2332 2476.0
2333 1.094155642857143E7
2334 1.216400857142857E7
2335 1.648954225E7
2336 7249032.333333333
2337 1.6055801454545455E7
2338 4205.0
2339 4457542.0
2340 2.0279947E7
2341 6790048.0
2342 2609714.3333333335
2343 7068708.5
2344 5165467.666666667
2345 2986534.6
2346 1.2043787E7
2347 7863906.142857143
2348 9070226.0
2349 1.7676427E7
2350 2322539.4
2351 9994353.5
2352 711642.2
2353 1.5290020666666666E7
2354 556370.0
2355 6150448.857142857
2356 2736357.6
2357 2833632.6
2358 8883980.142857144
2359 4878637.833333333
2360 43631.0
2361 1.24517124E7
2362 3895276.6
2363 9305580.6
2364 6935905.857142857
2365 1710534.6666666667
2366 1.32063774E7
2367 2.16247878E7
2368 6537366.6
2369 3243246.75
2370 2580.8
2371 7863559.833333333
2372 4479020.666666667
2373 2127925.1428571427
2374 6375205.777777778
2375 1.4839611E7
2376 1.485737E7
2377 4404325.333333333
2378 4444754.75
2379 1.078491075E7
2380 2805182.8
2381 1520720.5
2382 2743095.5
2383 3514991.0
2384 8301714.714285715
2385 2.8367379E7
2386 1.93276165E7
2387 3159.25
2388 1.053217857142857E7
2389 9743054.0
2390 1.3400659222222222E7
2391 9687760.0
2392 1.28946786E7
2393 0
2394 1.23265246E7
2395 9759044.5
2396 2320743.0
2397 309113.0
2398 4263332.166666667
2399 1.2774347E7
2400 8306914.0
2401 1.0845289E7
2402 8493089.833333334
2403 7963692.666666667
2404 2.9660379E7
2405 2.2307861E7
2406 5484450.0
2407 5819022.0
2408 3.2916551333333332E7
2409 3366581.4
2410 312605.8
2411 1.36659015E7
2412 6134131.0
2413 2.015104275E7
2414 1.51568415E7
2415 2191871.0
2416 1.07139515E7
2417 9222677.25
2418 1.0456997444444444E7
2419 5658619.666666667
2420 3757.0
2421 4746.333333333333
2422 3039682.6666666665
2423 1.8548116125E7
2424 340410.3333333333
2425 1.1623515E7
2426 1.0871994E7
2427 7037971.0
2428 744125.3333333334
2429 1608314.4285714286
2430 631568.8
2431 3219253.25
2432 3021138.3333333335
2433 6514009.666666667
2434 2.2481726666666668E7
2435 4686160.333333333
2436 4831164.5
2437 1.6982488714285713E7
2438 8719691.42857143
2439 5239092.5
2440 1.0301206714285715E7
2441 3726.3333333333335
2442 1.9445616E7
2443 1.077855125E7
2444 6896676.5
2445 1.7538749375E7
2446 2848866.5
2447 6477527.5
2448 4573089.666666667
2449 4027.0
2450 3466688.2
2451 2.2954324E7
2452 2.9355875166666668E7
2453 9403298.333333334
2454 3548610.8
2455 1.159404E7
2456 3983605.2
2457 6440853.0
2458 1.134703825E7
2459 1.1721495857142856E7
2460 8402902.6
2461 468366.6
2462 6997662.555555556
2463 509243.5
2464 1094073.5714285714
2465 8234457.75
2466 1.0075747E7
2467 4271.0
2468 3335449.6666666665
2469 3989.5
2470 4857862.333333333
2471 6873084.4
2472 8230188.0
2473 6181514.5
2474 1.9071947E7
2475 1.090202E7
2476 7152466.5
2477 1.6546345333333334E7
2478 2306947.0
2479 5380153.0
2480 3522172.25
2481 1.1213277E7
2482 1.64464506E7
2483 1982871.3333333333
2484 1.25643916E7
2485 7980436.125
2486 1840601.5
2487 7224797.833333333
2488 9469861.285714285
2489 1.874438225E7
2490 2364302.0
2491 3631.3333333333335
2492 2315.5
2493 3456822.25
2494 1.130662125E7
2495 2016092.6666666667
2496 0
2497 4616169.5
2498 5.36371514E7
2499 2115.0
2500 2262783.5
2501 9421686.166666666
2502 3310.5
2503 1.70749242E7
2504 3638.5
2505 8329387.444444444
2506 2487.5
2507 7351807.75
2508 1847666.1666666667
2509 2888561.1666666665
2510 1826162.3333333333
2511 6319106.5
2512 7911021.0
2513 2.1146899E7
2514 4404.0
2515 214356.25
2516 1.22768062E7
2517 1.4063742E7
2518 1847195.6666666667
2519 4227.0
2520 1.637903325E7
2521 7861266.666666667
2522 2.1803937E7
2523 3648579.4444444445
2524 3313781.3333333335
2525 1.20400845E7
2526 1644541.4
2527 660175.5
2528 0
2529 1259371.8
2530 6338165.5
2531 3612889.75
2532 6537936.555555556
2533 3537.4
2534 2136822.285714286
2535 2.5420145333333332E7
2536 2168617.8333333335
2537 4828.0
2538 2825016.25
2539 1525961.6666666667
2540 1.22753902E7
2541 3.1422360333333332E7
2542 6335573.25
2543 2.8784576333333332E7
2544 4627.75
2545 5171280.75
2546 4905080.111111111
2547 1.3292412777777778E7
2548 0
2549 663698.3333333334
2550 3490382.5
2551 1.42609575E7
2552 1.0684156888888888E7
2553 3313555.75
2554 7696871.2
2555 7905035.75
2556 7096311.625
2557 4063.0
2558 7815967.5
2559 2340136.3333333335
2560 2575648.3333333335
2561 3327169.2
2562 2.4499753E7
2563 3964.0
2564 1.1257553E7
2565 1.6005884142857144E7
2566 4.941533025E7
2567 6214551.4
2568 1.0161696285714285E7
2569 5.67185634E7
2570 3664188.75
2571 1.538440842857143E7
2572 1.8882212E7
2573 2432504.0
2574 7077565.0
2575 4515388.666666667
2576 7675766.6
2577 4004.5
2578 2.283687225E7
2579 1.737818E7
2580 3632.0
2581 2.79543945E7
2582 8346122.0
2583 1451132.0
2584 120817.0
2585 1.83917465E7
2586 2279503.4
2587 3562.6666666666665
2588 1.2575846125E7
2589 506627.25
2590 9404639.0
2591 1.252051857142857E7
2592 2920246.714285714
2593 1.1103532857142856E7
2594 5838032.5
2595 1.4923778666666666E7
2596 3592.0
2597 7268822.75
2598 1.233940975E7
2599 9840339.285714285
2600 2.0101687E7
2601 1.12109598E7
2602 5970402.25
2603 1.5239718E7
2604 1.8502625833333332E7
2605 2.6688806E7
2606 1.297070125E7
2607 120627.5
2608 2795904.8
2609 2.6788682333333332E7
2610 2953816.5714285714
2611 3811.3333333333335
2612 1.45864023E7
2613 4478423.111111111
2614 4158.0
2615 1.593729275E7
2616 2948053.75
2617 1.42775125E7
2618 3695523.4285714286
2619 7117758.833333333
2620 2.2880830333333332E7
2621 3175.0
2622 1.064951175E7
2623 8309959.166666667
2624 7081968.666666667
2625 2631459.0
2626 1.0544296333333334E7
2627 8378449.0
2628 1.18179802E7
2629 1.287838E7
2630 7039414.75
2631 3.546362E7
2632 3900.0
2633 6035500.166666667
2634 5752388.0
2635 7100022.0
2636 7536138.8
2637 5968329.8
2638 3796.5
2639 4602.857142857143
2640 8829833.285714285
2641 2.124425E7
2642 8773355.666666666
2643 7549263.0
2644 5.0011991E7
2645 1.1776346166666666E7
2646 2085169.0
2647 2107095.3333333335
2648 1.45771404E7
2649 9.9346637E7
2650 1.5874743E7
2651 3680338.6
2652 2.049274E7
2653 1.3051054142857144E7
2654 133783.88888888888
2655 5.0391225E7
2656 1.69942668E7
2657 1.5850965E7
2658 5692109.428571428
2659 1.2432686E7
2660 2.311176025E7
2661 1.7443816777777776E7
2662 1.496109075E7
2663 7826476.5
2664 1.1867352142857144E7
2665 6622379.0
2666 4934842.0
2667 1.0291409E7
2668 1.76709376E7
2669 1.1347764333333334E7
2670 5.085786914285714E7
2671 1.6582573E7
2672 1406360.0
2673 1.0224697333333334E7
2674 2.64409182E7
2675 4791866.5
2676 1.602359625E7
2677 3009.3333333333335
2678 3667.25
2679 4158.0
2680 7907186.142857143
2681 1.328759825E7
2682 1.5682241E7
2683 2.0405321666666668E7
2684 1478651.3333333333
2685 1.24776102E7
2686 3083841.5
2687 1.563501775E7
2688 1.6186856857142856E7
2689 1.3034627333333334E7
2690 4489815.142857143
2691 7361423.333333333
2692 4156.666666666667
2693 1.1556491833333334E7
2694 2014955.0
2695 1.8476355166666668E7
2696 3548969.6
2697 337959.25
2698 4963762.666666667
2699 5518698.333333333
2700 3894342.0
2701 4141040.3333333335
2702 2727021.6666666665
2703 3554.0
2704 1498304.4
2705 2.191765075E7
2706 4247.0
2707 4424.2
2708 2778662.0
2709 2.0271161E7
2710 3388823.1666666665
2711 3730950.625
2712 8815050.333333334
2713 5875568.5
2714 2.3218469E7
2715 1738161.0
2716 7248611.75
2717 1.6087152833333334E7
2718 6227342.333333333
2719 1.147890775E7
2720 2443417.75
2721 5418028.5
2722 1413131.0
2723 1.1553916E7
2724 9112486.0
2725 1473006.6666666667
2726 9513512.5
2727 3809.8
2728 1.56144175E7
2729 6456393.5
2730 4.66204586E7
2731 1.053311E7
2732 5799738.0
2733 3313513.1666666665
2734 2.28044765E7
2735 1.0563650666666666E7
2736 4952272.25
2737 1.139609075E7
2738 1.3036545E7
2739 5956139.166666667
2740 3644085.6666666665
2741 7773639.5
2742 2796.0
2743 2.65347395E7
2744 1.14692978E7
2745 3002944.0
2746 5319574.2
2747 7559502.2
2748 8975816.0
2749 3.6184619E7
2750 3740029.1666666665
2751 917566.6
2752 4187.666666666667
2753 4483109.666666667
2754 1.0523248E7
2755 6119065.0
2756 256937.5
2757 9315945.333333334
2758 3.22050292E7
2759 4315646.666666667
2760 1.868135175E7
2761 4385757.8
2762 2.6440616E7
2763 8470802.75
2764 3.118028885714286E7
2765 4.1511198375E7
2766 4667.0
2767 3.9931921333333336E7
2768 1.9139358E7
2769 1.6531880714285715E7
2770 6.3518986E7
2771 1.8361981E7
2772 2.09935985E7
2773 1.6142324E7
2774 4166724.6666666665
2775 1.074685825E7
2776 3807999.2
2777 6076328.25
2778 0
2779 4234697.0
2780 0
2781 2.34386112E7
2782 4491.5
2783 2408937.1428571427
2784 5061431.0
2785 1.36958768E7
2786 1.5969319555555556E7
2787 1.966197190909091E7
2788 720172.4285714285
2789 3224.3333333333335
2790 8890351.4
2791 4751474.0
2792 7859731.0
2793 3.32025845E7
2794 3920655.714285714
2795 1.2928192E7
2796 5067622.8
2797 2222691.0
2798 2.4242469625E7
2799 1125232.5
2800 1.5610109857142856E7
2801 1.647603E7
2802 6440222.571428572
2803 1.1380802333333334E7
2804 9323796.142857144
2805 4892088.444444444
2806 59887.0
2807 4020.0
2808 736603.5
2809 7853963.666666667
2810 1.816012925E7
2811 1.261294525E7
2812 3445956.8
2813 2.833901075E7
2814 4132.5
2815 6238125.5
2816 5049005.75
2817 3.07040994E7
2818 2219679.5
2819 1.2711489833333334E7
2820 2.36195612E7
2821 1.142836925E7
2822 4.0851268666666664E7
2823 3.62557788E7
2824 6331268.2
2825 1.178163257142857E7
2826 1.438621E7
2827 5597475.2
2828 2.9769492666666668E7
2829 1.92630306E7
2830 3726.4
2831 8.58122105E7
2832 2223.5
2833 7.75074705E7
2834 1933913.25
2835 3.014494625E7
2836 2578435.0
2837 1826654.6666666667
2838 589865.8
2839 5341748.285714285
2840 1.98407985E7
2841 2.9305381333333332E7
2842 1.5920873333333334E7
2843 1.907025625E7
2844 2.02290028E7
2845 7360099.0
2846 2606004.75
2847 1.2808382333333334E7
2848 4349.666666666667
2849 3369.0
2850 5097126.090909091
2851 2.1602472666666668E7
2852 5823097.75
2853 8982067.75
2854 1.395165057142857E7
2855 3.1318878E7
2856 2913.0
2857 1.19779465E7
2858 8074597.0
2859 8750952.666666666
2860 1700888.0
2861 232540.5
2862 1.443243E7
2863 4396.5
2864 1.6049486333333334E7
2865 3385274.2
2866 2808693.4285714286
2867 4563115.4
2868 3462246.1666666665
2869 1716320.0
2870 1289788.25
2871 8634050.57142857
2872 1.3428181E7
2873 559531.0
2874 8880416.818181818
2875 2.3461059E7
2876 4.1757185E7
2877 8591013.0
2878 3120543.5
2879 8134001.6
2880 1527530.0
2881 2.8826827E7
2882 6994809.0
2883 6316333.666666667
2884 2.81226498E7
2885 1.021548475E7
2886 896506.5
2887 1.4967253285714285E7
2888 2.938576057142857E7
2889 4500446.6
2890 1.9897594E7
2891 2.5444588E7
2892 2.4825887333333332E7
2893 1.82696535E7
2894 203604.66666666666
2895 1.9330198E7
2896 7209361.5
2897 2.1867347E7
2898 2.9210337333333332E7
2899 3751272.75
2900 1046951.0
2901 7372.0
2902 3.07163712E7
2903 1.63917872E7
2904 1.73855998E7
2905 1.741900825E7
2906 1.27037415E7
2907 3408538.4
2908 5913029.0
2909 1.3770991E7
2910 2348835.5
2911 1952763.1666666667
2912 1.4868924666666666E7
2913 3968.0
2914 1.0027240333333334E7
2915 1.879824475E7
2916 8202563.8
2917 2.368578314285714E7
2918 1.7308055875E7
2919 2.91927734E7
2920 3.6572931333333336E7
2921 1.4727656875E7
2922 4320565.166666667
2923 7522966.0
2924 1.02534168E7
2925 1765112.625
2926 2.3448243375E7
2927 7452900.333333333
2928 96167.66666666667
2929 1.0539763142857144E7
2930 9398459.833333334
2931 2.28621815E7
2932 4834156.333333333
2933 4.4553555666666664E7
2934 5686556.666666667
2935 1.13648825E7
2936 6.26360222E7
2937 5359260.6
2938 1.95021456E7
2939 3282238.5
2940 8822838.0
2941 1.5950346833333334E7
2942 5348357.375
2943 3998634.0
2944 9560735.0
2945 1.041354675E7
2946 4610.555555555556
2947 1.254997857142857E7
2948 2062888.3333333333
2949 1.6543961E7
2950 3065263.25
2951 2.112977142857143E7
2952 1.492279E7
2953 1086559.8333333333
2954 1.60468618E7
2955 1.1312618125E7
2956 5872947.0
2957 1355954.857142857
2958 3994951.3333333335
2959 1.5644315888888888E7
2960 9496276.2
2961 2715799.125
2962 1141729.4
2963 5566468.0
2964 3840.5
2965 2.2401449E7
2966 9973081.166666666
2967 7219948.0
2968 7.422768525E7
2969 3260.5
2970 2065531.25
2971 1.82815392E7
2972 4.4760518666666664E7
2973 4.651734925E7
2974 1.9856493E7
2975 8320852.2
2976 1239042.875
2977 4799.0
2978 1.9569929666666668E7
2979 3.7627209E7
2980 1.2618707E7
2981 3055737.625
2982 3.12485355E7
2983 6037876.833333333
2984 8470381.4
2985 4671661.666666667
2986 4081.0
2987 356185.4285714286
2988 4003417.1428571427
2989 5.497723185714286E7
2990 4440.666666666667
2991 4799848.0
2992 2.65546532E7
2993 3807122.25
2994 7065100.666666667
2995 1.7933886714285713E7
2996 2.7487251666666668E7
2997 1.3686838E7
2998 1.2270137E7
2999 3535545.222222222
3000 2200358.2
3001 1747259.6666666667
3002 4.7557915E7
3003 3495166.8333333335
3004 6111329.0
3005 2.615726275E7
3006 2963016.5
3007 3.35502868E7
3008 1.19998084E7
3009 1.4448861166666666E7
3010 1623584.25
3011 2.4632261E7
3012 2.4496673E7
3013 2267778.25
3014 1.5029947666666666E7
3015 1.2785009E7
3016 1.77592345E7
3017 5062.0
3018 2.202891025E7
3019 7357226.1
3020 5411854.714285715
3021 3.3855523333333336E7
3022 4258908.166666667
3023 6908955.714285715
3024 1.535347457142857E7
3025 3399.0
3026 2.46289545E7
3027 1.58189997E7
3028 5458521.4
3029 3814217.8333333335
3030 1.9617076333333332E7
3031 7163067.285714285
3032 4651.0
3033 6.7079548666666664E7
3034 2.57958311E8
3035 1.0393426444444444E7
3036 8702121.25
3037 4903341.875
3038 5880815.5
3039 3.3383579166666668E7
3040 1.258551457142857E7
3041 2.2024565333333332E7
3042 1.4091645333333334E7
3043 3698733.5
3044 1.224156375E7
3045 6.82423762E7
3046 1.014802575E7
3047 4764.888888888889
3048 2.9276637E7
3049 1.50951922E7
3050 6304121.5
3051 2.712729957142857E7
3052 4.328501385714286E7
3053 2.0174440125E7
3054 3.415661785714286E7
3055 7700747.166666667
3056 5238895.5
3057 0
3058 3.3687037E7
3059 515553.6666666667
3060 4792.0
3061 9053241.0
3062 3.001004525E7
3063 1.568425E7
3064 4.0148635428571425E7
3065 4860053.0
3066 2.2828006625E7
3067 81110.85714285714
3068 2.11188224E7
3069 2.77865968E7
3070 1.6362712E7
3071 5952631.25
3072 1.66050326E7
3073 2.6430355E7
3074 3.7407403E7
3075 4343340.285714285
3076 2.1917483E7
3077 1808873.5
3078 1.094921957142857E7
3079 5942581.25
3080 6133146.25
3081 4810.0
3082 5.94247412E7
3083 9413059.857142856
3084 8355813.5
3085 7905795.0
3086 2.2342618777777776E7
3087 2.8829275666666668E7
3088 5182.0
3089 583487.75
3090 4.667018228571428E7
3091 7369532.6
3092 1.0438115125E7
3093 9971175.0
3094 3377152.5
3095 1.0568389666666666E7
3096 7710787.25
3097 4621.5
3098 1948833.0
3099 3628322.5
3100 4600.0
3101 1.6000632166666666E7
3102 130587.0
3103 6.75227345E7
3104 2.9702709333333332E7
3105 2.2091104E7
3106 4787.0
3107 1.04397308E7
3108 1.9654686666666668E7
3109 9064480.0
3110 1.3410367E7
3111 4.15095046E7
3112 1.3440139E7
3113 4.594417790909091E7
3114 4771196.75
3115 3.0448910555555556E7
3116 8311596.0
3117 2.3260797333333332E7
3118 6448757.0
3119 9458018.333333334
3120 4568.5
3121 2.209505157142857E7
3122 2.8045297833333332E7
3123 1.3098772E7
3124 4825.5
3125 1.22038615E7
3126 4025807.0
3127 3.2050466666666668E7
3128 4444.333333333333
3129 2.5511784333333332E7
3130 2.4807299E7
3131 1176796.2
3132 5468084.2
3133 5049056.75
3134 1.9921110111111112E7
3135 1358425.3333333333
3136 6624358.833333333
3137 2.951339914285714E7
3138 6926150.0
3139 1533711.5
3140 1.23597394E7
3141 4401121.0
3142 2.90958616E7
3143 6785497.666666667
3144 777814.6
3145 1.50257856E7
3146 5228087.8
3147 6869852.333333333
3148 3.3614661E7
3149 3.0859791E7
3150 7445543.5
3151 2.235124225E7
3152 2.8546207714285713E7
3153 5875971.75
3154 1.39304175E7
3155 1.944583057142857E7
3156 7238269.4
3157 1.047868157142857E7
3158 2092662.3333333333
3159 9176122.833333334
3160 4712.0
3161 6208.333333333333
3162 3503.0
3163 3.2436443E7
3164 5865441.5
3165 5396202.0
3166 1.0405779833333334E7
3167 4755786.0
3168 1.7295775E7
3169 8747377.166666666
3170 1.4715275285714285E7
3171 3308026.8333333335
3172 7805239.0
3173 1.32483596E7
3174 8.9711996E7
3175 1.7966303333333332E7
3176 1.29842655E7
3177 4954.5
3178 9026730.0
3179 1.2072930333333334E7
3180 2213555.5
3181 3226544.3333333335
3182 4.19687496E7
3183 4779.75
3184 3.75267838E7
3185 4.46931042E7
3186 3870.0
3187 1.463252925E7
3188 444747.6
3189 4798.0
3190 3.2276418E7
3191 3.108373114285714E7
3192 7101328.333333333
3193 2583656.25
3194 4735986.666666667
3195 1.3878983857142856E7
3196 5.153245385714286E7
3197 1663049.0
3198 1.62492615E7
3199 0
3200 9084295.75
3201 3.1426454333333332E7
3202 1.309773E7
3203 1.1083944142857144E7
3204 10237.333333333334
3205 2.4498825285714287E7
3206 0
3207 6428954.2
3208 4.8303356E7
3209 1.777144425E7
3210 3152986.25
3211 4.3635192428571425E7
3212 4.4064532E7
3213 4.05218832E7
3214 1.0759597E7
3215 7608621.857142857
3216 1.8097146E7
3217 3.9836431833333336E7
3218 7491243.0
3219 6409710.0
3220 1.0782339333333334E7
3221 2.4658798285714287E7
3222 587528.25
3223 4811.0
3224 7532783.857142857
3225 3689681.75
3226 3.506661975E7
3227 1.508497375E7
3228 1116847.0
3229 3.596454575E7
3230 5.25388882E7
3231 8428180.5
3232 6154499.0
3233 5096.0
3234 6447340.857142857
3235 3691064.5
3236 3.0960785333333332E7
3237 2.4334088833333332E7
3238 2.0139045833333332E7
3239 1.1010308714285715E7
3240 129625.875
3241 8.698288483333333E7
3242 1.9781273714285713E7
3243 538240.2
3244 5734443.142857143
3245 1.259257875E7
3246 721700.0
3247 1.2167323333333334E7
3248 9763712.666666666
3249 2.67900776E7
3250 4.4937716166666664E7
3251 484386.85714285716
3252 1409419.2
3253 3488201.0
3254 1452206.5
3255 4.31260225E7
3256 1.28188112E7
3257 1.2012370777777778E7
3258 2.220420957142857E7
3259 1.9645613E7
3260 4760895.285714285
3261 1.7517480333333332E7
3262 4.9158183E7
3263 4976383.0
3264 3.0896395666666668E7
3265 2.523571157142857E7
3266 3.05261946E7
3267 1.8860342625E7
3268 9643870.0
3269 2.8534070333333332E7
3270 1577209.25
3271 1103873.75
3272 5.7287543666666664E7
3273 1.6320690333333334E7
3274 5125.0
3275 8709203.0
3276 2.2623206125E7
3277 3.50556836E7
3278 1.11566676E7
3279 1165259.5
3280 1.6494243666666666E7
3281 6791188.285714285
3282 703627.5
3283 3019621.5
3284 3786387.0
3285 7913345.857142857
3286 1.65633307E7
3287 7.8867162E7
3288 6214.5
3289 6912937.75
3290 2.9119418E7
3291 2.02267016E8
3292 7.367775833333333E7
3293 1.2228129166666666E7
3294 6.967376875E7
3295 1.3271535166666666E7
3296 3.0158188E7
3297 1.2385415E7
3298 1.1263525875E7
3299 2.10161976E7
3300 5.1163013333333336E7
3301 2.750952825E7
3302 1.131031225E7
3303 1.78461246E7
3304 8511144.5
3305 7.0237023E7
3306 3259445.3333333335
3307 6413685.5
3308 2097176.0
3309 5.3044322333333336E7
3310 9.881129177777778E7
3311 9904733.5
3312 4058643.6666666665
3313 6721454.625
3314 336159.0
3315 2.828449314285714E7
3316 1.400217225E7
3317 7778012.6
3318 2.73748278E7
3319 3286837.4
3320 2.18371225E7
3321 5666251.5
3322 1.63997725E7
3323 2791215.1666666665
3324 3.4789567E7
3325 6507964.333333333
3326 5029.5
3327 4938.0
3328 1826761.0
3329 1.8487918375E7
3330 2.008337775E7
3331 3275278.6
3332 1.5565327666666666E7
3333 2.183848625E7
3334 4.140101E7
3335 1.5697257333333334E7
3336 3.4240296E7
3337 1.4240383E7
3338 4.64554158E7
3339 4680.25
3340 1.2969053666666666E7
3341 3.474265085714286E7
3342 3490618.0
3343 1.5140852285714285E7
3344 4158343.4
3345 5352753.0
3346 4270716.75
3347 5276.0
3348 3993949.2
3349 4156832.5
3350 1.85660286E7
3351 3.798051455555555E7
3352 7970164.75
3353 6009913.5
3354 5.9838588E7
3355 1546034.0
3356 3.415749285714286E7
3357 4230894.8
3358 1.0885098333333334E7
3359 1.88084722E7
3360 1.6217554E7
3361 1.2680242E7
3362 2.9115119E7
3363 1.94455992E7
3364 2.10074132E7
3365 5437.0
3366 1332120.5
3367 2.309634485714286E7
3368 1.4543747666666666E7
3369 5.2701126428571425E7
3370 3.41850308E7
3371 5.722071228571428E7
3372 0
3373 3.81379206E7
3374 1.7033483285714287E7
3375 5170.5
3376 6.451433425E7
3377 2.298568242857143E7
3378 4589953.0
3379 5935596.4
3380 1.9173035E7
3381 6.919761983333333E7
3382 2.2343822333333332E7
3383 3.03474144E7
3384 3.242928225E7
3385 1.8863750666666668E7
3386 9620508.333333334
3387 1.61939135E7
3388 1.03286645E8
3389 1.3844531E7
3390 1.6015083166666666E7
3391 1.1760865E7
3392 1786653.3333333333
3393 2.7562958833333332E7
3394 4.9749091333333336E7
3395 1.3308987E7
3396 7275157.5
3397 6810236.2
3398 4462247.625
3399 5134.0
3400 9167.0
3401 3.3829686666666664E7
3402 3488275.1666666665
3403 4.81529195E7
3404 7707894.2
3405 4.3110006E7
3406 1.1274998E7
3407 1.5150187E7
3408 1.180531657142857E7
3409 4088.3333333333335
3410 1.793472675E7
3411 1.26925216E7
3412 7.090922133333333E7
3413 5613.0
3414 4944.25
3415 3.34526615E7
3416 6.2224779666666664E7
3417 2.5034846E7
3418 1.640900715E8
3419 5.0868469666666664E7
3420 9904503.625
3421 1.8366131E7
3422 1.9536089125E7
3423 4304.25
3424 1338767.5
3425 2.2467444833333332E7
3426 6.1576084333333336E7
3427 1.3979551857142856E7
3428 1.364094025E7
3429 1.5059705E7
3430 4.59641735E7
3431 5305.0
3432 1.1023716857142856E7
3433 2.9937439833333332E7
3434 2.32273096E7
3435 2.207865025E7
3436 9234665.5
3437 4040952.4285714286
3438 1.26409915E7
3439 5231.5
3440 7.989050366666667E7
3441 8488162.625
3442 2.69989886E7
3443 7870699.833333333
3444 1.7511883333333332E7
3445 4043063.0
3446 6506.666666666667
3447 4681.0
3448 5306.0
3449 5.134152714285714E7
3450 3.963608425E7
3451 4.7983385666666664E7
3452 2.1153726E7
3453 8683747.142857144
3454 9971225.0
3455 7996785.8
3456 1.817303125E7
3457 1775671.6
3458 8932790.0
3459 3943173.4
3460 4.43008468E7
3461 6347.25
3462 1.141775E7
3463 1.14650745E7
3464 50369.0
3465 6593541.181818182
3466 1.203332557142857E7
3467 102375.33333333333
3468 3.85863824E7
3469 1982270.0
3470 4.832359675E7
3471 1.1327961777777778E7
3472 7525317.0
3473 1621911.625
3474 1.728331985714286E7
3475 6812.5
3476 4.718148614285714E7
3477 1.884445575E7
3478 113951.75
3479 8290128.25
3480 1.74318645E7
3481 1.86838416E7
3482 7.101085266666667E7
3483 2.73521966E7
3484 2.71021763E7
3485 1.3403068285714285E7
3486 3.069909957142857E7
3487 3.5278059E7
3488 4.6003749333333336E7
3489 1433601.3333333333
3490 4.6861709E7
3491 1.2776477666666666E7
3492 1.419385075E7
3493 2844908.8
3494 3.8079167E7
3495 1.31713726E8
3496 1.52618965E7
3497 538502.25
3498 2099231.0
3499 2.5934546875E7
3500 1436531.3333333333
3501 1.7314093333333332E7
3502 1.2007994666666666E7
3503 3.72977605E7
3504 2878.5
3505 3.5263266E7
3506 1.7302294E7
3507 2.3333900333333332E7
3508 4.02105486E7
3509 8197740.5
3510 2.0203810333333332E7
3511 3.481327527272727E7
3512 1.2072624875E7
3513 4309351.666666667
3514 1.4130763166666666E7
3515 1.9706365333333332E7
3516 5.90429985E7
3517 1.31166246E7
3518 6.6546592333333336E7
3519 1.5247643E7
3520 3.14439486E7
3521 1.801261075E7
3522 6.4896687666666664E7
3523 2.8035708555555556E7
3524 7.995574416666667E7
3525 3.0502305E7
3526 4.1962199333333336E7
3527 1.917165585714286E7
3528 2.92653496E7
3529 8387303.0
3530 3.5155574E7
3531 5620.0
3532 3.371271675E7
3533 1.988905842857143E7
3534 1.54473022E7
3535 8276846.5
3536 2.5670018777777776E7
3537 99877.5
3538 3.82539125E7
3539 3361.5
3540 3.7891066E7
3541 3.79865895E7
3542 269190.3333333333
3543 1849091.2222222222
3544 9.40499945E7
3545 8421052.714285715
3546 9999799.333333334
3547 3418.0
3548 1.0948731E7
3549 1.8937842E7
3550 2.0985581625E7
3551 1.1679799333333334E7
3552 1.52660335E7
3553 1490636.5714285714
3554 0
3555 5577.0
3556 1.2696330333333334E7
3557 2.11613135E7
3558 5044.666666666667
3559 8119818.333333333
3560 3382286.6666666665
3561 9426858.25
3562 2.44460972E7
3563 6510977.333333333
3564 1.91763098E7
3565 1.7823233E8
3566 1.834802125E7
3567 1.8512542375E7
3568 0
3569 1.3574116333333334E7
3570 3.4245456428571425E7
3571 2.7204392E7
3572 6.2699762E7
3573 1.30854966E7
3574 2.564148E7
3575 5.6197857E7
3576 2.15206716E7
3577 0
3578 3.25256755E7
3579 2.41881578E7
3580 6.3689181E7
3581 8244864.5
3582 1.3592526E7
3583 1.87690248E7
3584 4.2039792166666664E7
3585 5.8882865166666664E7
3586 1.2766813833333334E7
3587 5616.5
3588 4.1353147666666664E7
3589 1.7337288666666668E7
3590 7803872.666666667
3591 7767337.6
3592 6.27896876E7
3593 3.24382595E7
3594 8.922611481818181E7
3595 2.643930014285714E7
3596 4199601.666666667
3597 3.5003859571428575E7
3598 1.1144045125E7
3599 2.7245640666666668E7
3600 4.19733495E7
3601 1.000596E7
3602 3.1650705E7
3603 6524845.5
3604 6701623.5
3605 5363.75
3606 4.2641036E7
3607 1.4515654125E7
3608 3.2970413E7
3609 1.48172152E7
3610 44991.0
3611 5.0139978666666664E7
3612 2.00464596E7
3613 4385.5
3614 5.3731934666666664E7
3615 2.3264775E7
3616 2620565.625
3617 2.98814546E7
3618 5126.0
3619 1965426.5
3620 7886.5
3621 1211182.0
3622 6.1505902333333336E7
3623 5223812.333333333
3624 9788063.2
3625 2.44846615E7
3626 3.2508208E7
3627 5195.0
3628 8861935.25
3629 8.082288633333333E7
3630 1550940.0
3631 2.40236918E7
3632 3.3390953E7
3633 2918027.1666666665
3634 4.68241735E7
3635 8.1687548E7
3636 1.39761235E7
3637 1281697.5
3638 2.4700898333333332E7
3639 7.10776798E7
3640 8196076.0
3641 6955850.666666667
3642 2.589170575E7
3643 5990598.0
3644 4.2058014E7
3645 3801.25
3646 5795.0
3647 4.797479428571428E7
3648 7364746.4
3649 1.2825413272727273E7
3650 2.506212514285714E7
3651 7.693574175E7
3652 2.39482936E7
3653 1.3853136333333334E7
3654 4.072239025E7
3655 2.68190437E7
3656 3.9747947375E7
3657 8861511.125
3658 4.0236863E7
3659 2.9553613E7
3660 2726756.25
3661 2.2870084666666668E7
3662 2.2204022E7
3663 2.1772490888888888E7
3664 1.664842725E7
3665 1.68873476E7
3666 5.96262235E7
3667 2.14450428E7
3668 1.2372203666666666E7
3669 2.424807042857143E7
3670 5222.0
3671 1.5350989666666666E7
3672 5886324.375
3673 6.47066895E7
3674 4.1979556E7
3675 3.4058015833333336E7
3676 3.48291056E7
3677 2.61084196E7
3678 3.273416785714286E7
3679 2.8347996166666668E7
3680 6.7959719E7
3681 5780.0
3682 1.2500451888888888E7
3683 4.2902071E7
3684 1.410277125E7
3685 3.0177608E7
3686 3.5240148375E7
3687 3.2244637E7
3688 364470.25
3689 5.9927522375E7
3690 1.739250825E7
3691 6.8423801E7
3692 9908808.727272727
3693 4.26032145E7
3694 1.423699225E7
3695 1.1945300875E7
3696 8393883.555555556
3697 6.89165515E7
3698 3.80894822E7
3699 2.825983057142857E7
3700 5655.75
3701 2.6585538E7
3702 3.15781826E7
3703 8.1375629E7
3704 4808.75
3705 9.2065459E7
3706 2.13090735E7
3707 3.7442764666666664E7
3708 2.5310094E7
3709 3.2919139333333332E7
3710 1.63701575E7
3711 6275524.0
3712 3.41772615E7
3713 1.938390042857143E7
3714 1.1017221333333334E7
3715 3.6226938E7
3716 1.60773985E7
3717 6205177.222222222
3718 0
3719 9.5577004E7
3720 1.0474291E7
3721 9.3426795E7
3722 1.157289E7
3723 6303.5
3724 8454560.1
3725 3262889.6666666665
3726 4737.0
3727 4.653905425E7
3728 3.2491834E7
3729 1.7920058666666668E7
3730 1.4582572285714285E7
3731 1.599207575E7
3732 3.57434478E7
3733 9065166.0
3734 6.472791375E7
3735 1.92962126E7
3736 8.5702661E7
3737 6.917012566666667E7
3738 3045581.8
3739 1702253.6
3740 3581220.6
3741 4004881.25
3742 5219.8
3743 6704814.333333333
3744 4772.5
3745 4736.0
3746 3154061.5
3747 1.4587588166666666E7
3748 9.4407119E7
3749 6893.0
3750 5.617766285714286E7
3751 1.6306068333333334E7
3752 3.59325425E7
3753 3.326479275E7
3754 4.67535836E7
3755 2.26238215E7
3756 5.8492887E7
3757 3.5503850833333336E7
3758 276302.5
3759 6046.0
3760 3.486078E7
3761 5.405548E7
3762 5564.0
3763 2.53648415E7
3764 2.0043719888888888E7
3765 5600.0
3766 3.26469825E7
3767 6.500468425E7
3768 6245207.166666667
3769 4.804000385714286E7
3770 2.4794774333333332E7
3771 2.3635008E7
3772 6.46588835E7
3773 1.2452475545454545E7
3774 1.9306409818181816E7
3775 2.91269776E7
3776 6446617.0
3777 8920886.5
3778 5.7753802666666664E7
3779 8.692134677777778E7
3780 4303.2
3781 2.4691975E7
3782 1.2805485333333334E7
3783 1.56907132E7
3784 1.41823386E7
3785 1801033.25
3786 6037535.0
3787 9.77976116E7
3788 1.28340052E8
3789 3.6294244333333336E7
3790 2.6186541E7
3791 2.6080768E7
3792 3.1788008666666668E7
3793 9617689.333333334
3794 2.5122921E7
3795 159005.0
3796 2743356.1666666665
3797 5639.0
3798 4.19134896E7
3799 2.8215801833333332E7
3800 1.4676786666666666E7
3801 3.41089672E7
3802 7.50127196E7
3803 2.7051509333333332E7
3804 2129576.0
3805 1.62400165E7
3806 2.041550825E7
3807 1.249690975E7
3808 1.73194936E7
3809 6.7503496E7
3810 2.84338502E7
3811 5.64687625E7
3812 2.25689265E7
3813 3.91307664E7
3814 1334912.5
3815 5.19265515E7
3816 5.65644105E7
3817 1.0848477E7
3818 1.7850669333333332E7
3819 2.9274245666666668E7
3820 9952299.4
3821 1.012720595E8
3822 8474555.0
3823 2.258572825E7
3824 4015808.4444444445
3825 2986544.5
3826 1.839211175E7
3827 1.6830131E7
3828 2.5404026333333332E7
3829 4.5867255E7
3830 3.4672332625E7
3831 1.0290978333333334E7
3832 1.1786187285714285E7
3833 2239089.4
3834 4885.75
3835 2.5743997888888888E7
3836 5352943.0
3837 2.71758645E7
3838 9681851.0
3839 2.7747095E7
3840 1.362881125E7
3841 1.4804213285714285E7
3842 1.07357294E7
3843 5.0952660666666664E7
3844 6.5946695E7
3845 2.70734774E7
3846 1133147.3333333333
3847 3747222.2
3848 5.56904072E7
3849 1.3062853E7
3850 5.984990175E7
3851 7556969.666666667
3852 2160958.0
3853 3.417117485714286E7
3854 9439048.75
3855 2443094.6666666665
3856 1.1280886666666666E7
3857 3.26840785E7
3858 4.2623418E7
3859 8.571716475E7
3860 38652.0
3861 4673085.0
3862 1.2705423E7
3863 1.68250908E7
3864 5387306.0
3865 1.6977373666666668E7
3866 1035192.75
3867 3.6125892166666664E7
3868 7.08935095E7
3869 779234.6666666666
3870 285264.5
3871 7270234.8
3872 3.3498187666666668E7
3873 4716.714285714285
3874 1.5088712857142856E7
3875 8.6753441375E7
3876 1.4854043166666666E7
3877 2.660359825E7
3878 1.28927535E7
3879 5530.0
3880 3313398.2
3881 1.702061325E7
3882 7.51077628E7
3883 1.0331116133333333E8
3884 3.7231299E7
3885 3.1428404333333332E7
3886 8.94903265E7
3887 1.00458626E8
3888 2.3297933E7
3889 1.9657402825E8
3890 3.3267075E7
3891 7996479.833333333
3892 9.533106925E7
3893 2.926662542857143E7
3894 1.65525976E7
3895 5971.5
3896 9581725.2
3897 8741879.0
3898 5.6165859E7
3899 6.5552157E7
3900 8.59155019E7
3901 3.4868654666666664E7
3902 9519576.285714285
3903 3828180.2
3904 1133292.5
3905 1.3645848E7
3906 4.8952317166666664E7
3907 4.4217224E7
3908 1.3726205E7
3909 6.042304511111111E7
3910 1.6414727E7
3911 3.7248376E7
3912 2.5735149333333332E7
3913 1.3091159757142857E8
3914 2144167.75
3915 1.18606135E8
3916 7.009854066666667E7
3917 4.395962475E7
3918 1.257855485E8
3919 9.034312071428572E7
3920 642023.3333333334
3921 4.273633075E7
3922 7.698717783333333E7
3923 3.2268319333333332E7
3924 5784.0
3925 9.185671175E7
3926 3.1553937E7
3927 5999.5
3928 2.0497216777777776E7
3929 2.0557328555555556E7
3930 4.06797084E7
3931 9.284988514285715E7
3932 1.1504855275E8
3933 2.3512203333333332E7
3934 4446469.333333333
3935 3.70470125E7
3936 5.353485325E7
3937 1.2196067333333334E7
3938 1.81356286E7
3939 1.4287523E7
3940 1.707873355E8
3941 1.80018658E8
3942 1.749949142857143E7
3943 4.39529195E7
3944 7.657595583333333E7
3945 1.0283213E7
3946 1.2342667777777778E7
3947 6.840702528571428E7
3948 2.4371798E7
3949 4108.0
3950 5.17323516E7
3951 3416969.5
3952 5.017604471428572E7
3953 4.78475501E7
3954 6.2950492E7
3955 2.93689896E7
3956 2954397.6
3957 8.68258915E7
3958 4.595053275E7
3959 1887846.5
3960 4612536.4
3961 4.28647615E7
3962 3.64450228E7
3963 7.35761232E7
3964 6.113690528571428E7
3965 7570.0
3966 3.12525555E7
3967 1.360947882E8
3968 3.65711352E7
3969 7072211.0
3970 2.3320088714285713E7
3971 8.116635816666667E7
3972 9631886.75
3973 1.13293929E8
3974 3.74762208E7
3975 1.3980728E7
3976 1.6330529075E8
3977 1.2834425466666667E8
3978 7.7147471E7
3979 7.964579314285715E7
3980 1.26320875E7
3981 3695231.6666666665
3982 1.1335989166666666E7
3983 4.8332847375E7
3984 1.34048072E7
3985 4547735.5
3986 5.52764615E7
3987 1.55236277E7
3988 2.6055178333333332E7
3989 1327808.375
3990 2.17271005E7
3991 5292.0
3992 8.4863368875E7
3993 1.1125401363636363E7
3994 5798259.333333333
3995 2.6077773666666668E7
3996 2.4174516666666668E7
3997 2334150.5
3998 938848.0
3999 4.2359915E7
4000 5443.333333333333
4001 1.3400259675E8
4002 1665432.6666666667
4003 1.0385055666666667E8
4004 1.50554902E7
4005 8634465.333333334
4006 6497615.2
4007 8.2690945E7
4008 2.9487603666666668E7
4009 3.97112936E7
4010 8.282913145454545E7
4011 5267265.571428572
4012 1874772.8333333333
4013 5534.25
4014 7.594151642857143E7
4015 7.722463322222222E7
4016 5968.5
4017 4.918484225E7
4018 1.20687255E7
4019 6.873819425E7
4020 6.82637166E7
4021 5.76801345E7
4022 2.51781953E8
4023 6102.0
4024 2.18332885E7
4025 4.325298288888889E7
4026 1.2634354E7
4027 9827610.2
4028 6296.0
4029 1.1713335244444445E8
4030 7.079975425E7
4031 1.196174275E7
4032 4.4906316333333336E7
4033 48665.333333333336
4034 8183778.4
4035 9549329.625
4036 5.778947075E7
4037 5212612.75
4038 6346591.6
4039 2.1376917333333332E7
4040 4435414.666666667
4041 5710048.75
4042 1.224164E7
4043 7.4640991E7
4044 1.279009025E7
4045 1.847926E7
4046 6309.0
4047 3.4079993625E7
4048 4.274487771428572E7
4049 2.19180935E7
4050 1.376226504E8
4051 1.1730463675E8
4052 4.14495256E7
4053 7.330327116666667E7
4054 4.2558697E7
4055 5376394.666666667
4056 6.5487696428571425E7
4057 8.552202583333333E7
4058 3450992.888888889
4059 8.024263228571428E7
4060 6081.0
4061 3.4690027666666664E7
4062 7.137967285714285E7
4063 1.2329240375E7
4064 1.0328261066666667E8
4065 3.6175283333333336E7
4066 2.6008667333333332E7
4067 5531781.6
4068 6073069.333333333
4069 1.1002664E7
4070 1.37624898E7
4071 5.9256473333333336E7
4072 1.2410386E7
4073 2.1148593916666668E7
4074 685210.75
4075 1.5520608888888888E7
4076 3.241280075E7
4077 983993.5
4078 4.3407420666666664E7
4079 6.8729557E7
4080 1451750.0
4081 3.88966306E7
4082 3.2053972333333332E7
4083 1.8059528666666666E8
4084 1.178001685E8
4085 2787184.2
4086 2.0715012E7
4087 5.2797544E7
4088 6.3528339166666664E7
4089 2.6229342875E7
4090 6.2943250166666664E7
4091 2.179518E7
4092 6.2545168E7
4093 2.8607168833333332E7
4094 3141362.909090909
4095 3.4600732333333336E7
4096 2726788.0
4097 1.68464233E8
4098 8.095149583333333E7
4099 8.695297557142857E7
4100 3.8233742E7
4101 5711346.2
4102 1.021891E7
4103 1.3725448333333334E7
4104 1.263871685E8
4105 5.96766655E7
4106 7562.0
4107 7318686.333333333
4108 4.2429336E7
4109 1.1056997636363637E7
4110 9.10929045E7
4111 6261.0
4112 2.2359172E7
4113 6.57598975E7
4114 1.7195298125E7
4115 8.548744125E7
4116 5736208.5
4117 4.72863272E7
4118 2.5343261666666668E7
4119 1.6119100375E8
4120 3.15828385E7
4121 1.93425156E7
4122 8553040.0
4123 8.53813985E7
4124 6451.0
4125 7094817.0
4126 1.0225075033333333E8
4127 2.2767278181818184E7
4128 4.27930592E7
4129 9941378.0
4130 9.13426395E7
4131 3.1405820555555556E7
4132 3.3865396666666664E7
4133 9424350.125
4134 6.03106128E7
4135 6827750.833333333
4136 4.1167958666666664E7
4137 6057.333333333333
4138 1.687851025E7
4139 3367095.6666666665
4140 7329.0
4141 5.150891485714286E7
4142 3.220570442857143E7
4143 9.751597366666667E7
4144 4483.0
4145 7.782436914285715E7
4146 5699.0
4147 6.82300078888889E7
4148 1.30469155E8
4149 2.028805995E8
4150 9.074740783333333E7
4151 6.84978038E7
4152 4.6209456666666664E7
4153 2.2755153E8
4154 1.80230655E7
4155 5.3321974333333336E7
4156 8.490041416666667E7
4157 8.46714265E7
4158 6.86045965E7
4159 3.50454093E7
4160 9030022.0
4161 4790208.666666667
4162 7361910.375
4163 2.4619584E7
4164 8.0310911E7
4165 8.081225271428572E7
4166 4.15815475E7
4167 1.2806172866666667E8
4168 3598844.3333333335
4169 1.59733305E7
4170 9609813.0
4171 3.13702826E7
4172 1.981830075E7
4173 6.63297888E7
4174 2.1864169111111112E7
4175 6396.5
4176 1.0957941725E8
4177 9.7109478E7
4178 3.9341758222222224E7
4179 2.0707963025E8
4180 1.36542728E8
4181 134846.0
4182 1.086452357142857E7
4183 6838856.0
4184 7.915707836363636E7
4185 4.304644075E7
4186 1.90373086E7
4187 6780.0
4188 8.1235462E7
4189 4.3850267E7
4190 1.0804728E7
4191 3.6541102428571425E7
4192 7.91210596E7
4193 7.504871325E7
4194 1.6799182E7
4195 1.2337980666666666E7
4196 5.035937671428572E7
4197 6222.0
4198 8.137730533333333E7
4199 2.362527285714286E7
4200 3169457.5
4201 9.73227998E7
4202 9.43317412E7
4203 5.539265554545455E7
4204 4093845.0
4205 8598105.0
4206 3.2947852333333332E7
4207 2.50750008E7
4208 737274.0
4209 1.59769177E8
4210 2.3090975E7
4211 5322815.4
4212 2.9186427333333332E7
4213 401378.85714285716
4214 4800.0
4215 6.01520569E7
4216 4.840265755555555E7
4217 1.72279493E8
4218 5.972659225E7
4219 4.73807242E7
4220 6.204221714285714E7
4221 3.0011579666666668E7
4222 5.7047234E7
4223 8.2436337E7
4224 1.3564148666666666E7
4225 3.6611377333333336E7
4226 3214.5
4227 5.4689680333333336E7
4228 2.2082729E7
4229 1.40605605E7
4230 5774450.2
4231 1.7776115875E7
4232 3.0945494E7
4233 1.33005448E8
4234 4.1894940333333336E7
4235 4.39651746E7
4236 6773.0
4237 5.2492841333333336E7
4238 1.24517692E7
4239 6.0429641E7
4240 1.7837708325E8
4241 1261720.0
4242 6662.5
4243 1.266886235E8
4244 3.152302625E7
4245 6.4940832666666664E7
4246 6.6019347333333336E7
4247 1.9753538333333332E7
4248 1.260234175E7
4249 1.6076824833333334E7
4250 7661275.5
4251 7865.333333333333
4252 1.3721258E7
4253 7993462.333333333
4254 3.35726675E7
4255 4.552039425E7
4256 6.5047776333333336E7
4257 1.381812328E8
4258 1.6618035425E8
4259 8.9660432E7
4260 2.51431647E8
4261 6812.0
4262 7.70369001E7
4263 3.86231238E7
4264 1.5724057575E8
4265 7442.0
4266 2.0666536033333334E8
4267 3.0813024E7
4268 1.2703687757142857E8
4269 2.6002594E7
4270 1.06396249E8
4271 3.842628255555555E7
4272 9301142.0
4273 3787057.4
4274 3.6525554E7
4275 6436.0
4276 3.372962855555555E7
4277 6.03620678E7
4278 5.463396654545455E7
4279 1.7713078E7
4280 1.8669892E7
4281 1.4750355766666666E8
4282 3.4226959333333336E7
4283 2.7001819E7
4284 3.55559635E7
4285 4.3975587571428575E7
4286 2.806703542857143E7
4287 4294171.75
4288 1.291028375E8
4289 2.77894295E7
4290 2.0421130333333332E7
4291 0
4292 3.71768948E7
4293 1.913112225E7
4294 7023486.5
4295 5551539.8
4296 6.0115177833333336E7
4297 8505416.666666666
4298 1.9807779133333334E8
4299 1.53023189E8
4300 2.66965688E7
4301 6537.0
4302 7.927849E7
4303 1.9820631666666668E7
4304 1.1437386845454545E8
4305 4.10187684E7
4306 7600.4
4307 4.408655255555555E7
4308 3424296.8
4309 4558.666666666667
4310 3.087211566E8
4311 6580.0
4312 4773429.333333333
4313 9.045032375E7
4314 1.251123E7
4315 1.785700654E8
4316 6.9458587E7
4317 174508.0
4318 6.0913670125E7
4319 6828.75
4320 2.7441025333333332E7
4321 9.297559628571428E7
4322 8889.0
4323 7.1719309E7
4324 7824.0
4325 3632765.8333333335
4326 1.73809625E7
4327 4.6282978571428575E7
4328 5093.25
4329 3.14055245E7
4330 6.984534875E7
4331 2.57797605E7
4332 3.63721497E7
4333 9.10194255E7
4334 6.4054330333333336E7
4335 6.557679414285714E7
4336 5603063.5
4337 1.7422285E7
4338 7.96167994E7
4339 6658.0
4340 2989447.0
4341 1503.0
4342 4.5375234E7
4343 8.592878416666667E7
4344 6345.5
4345 1.8659945533333334E8
4346 1.7991716675E8
4347 1.6771964741666666E8
4348 7197.25
4349 6.6391104E7
4350 5.4291469E7
4351 9.087757016666667E7
4352 2.21709388E7
4353 9.804356366666667E7
4354 1.6763137666666666E7
4355 7.408575871428572E7
4356 8566.0
4357 1.1362376233333333E8
4358 3.50051E7
4359 1.4084163666666666E7
4360 2301384.0
4361 8.844830233333333E7
4362 1.0911858142857144E7
4363 1.4919703333333334E7
4364 7.26094236E7
4365 4.74358868E7
4366 3.39891815E7
4367 2.680884875E7
4368 9.06700315E7
4369 9.418413133333333E7
4370 3.0462769888888888E7
4371 5.50023244E7
4372 2.0708658E7
4373 2.0156655666666666E8
4374 1.102225065E8
4375 1.9845784933333334E8
4376 6108872.8
4377 4209.5
4378 5.4171919E7
4379 2541343.75
4380 4.97118638E7
4381 1.5931614566666666E8
4382 7233647.75
4383 8.9000293E7
4384 9782270.777777778
4385 1.102787196E8
4386 2.6196799666666668E7
4387 3.332289875E7
4388 4811.333333333333
4389 2553163.714285714
4390 5.9521776666666664E7
4391 1.261046042E8
4392 3.92611615E7
4393 2.2274557525E8
4394 3.1944483E7
4395 8.142601142857143E7
4396 1.303674764E8
4397 2.720391044E8
4398 9774208.0
4399 3.8524685333333336E7
4400 1.0919208033333333E8
4401 2.2736517166666668E7
4402 4.6859807333333336E7
4403 7.549929833333333E7
4404 4.922227925E7
4405 1.807320795E8
4406 3.00357262E7
4407 7.4272351875E7
4408 4.28634623E7
4409 7.51227512E7
4410 6.781284316666667E7
4411 5.352769571428572E7
4412 6564.0
4413 3.8331705666666664E7
4414 9.17551975E7
4415 2164833.25
4416 1.42987586E8
4417 2.7329485333333332E7
4418 4.9625519E7
4419 5.5989436125E7
4420 4844932.4
4421 6390.0
4422 1.063292956E8
4423 6527.0
4424 1.9907763E7
4425 1.1141855325E8
4426 1.3661299533333334E8
4427 3.520332525E7
4428 1.2056272885714285E8
4429 1.8055807E7
4430 8.199485E7
4431 2.76827996E7
4432 2.71257666E7
4433 1.05813262E7
4434 2.9264663222222224E7
4435 2.2665108E7
4436 9.71819654E7
4437 3753627.2
4438 6718.0
4439 1.1340520333333334E7
4440 5666591.0
4441 2.0959321285714287E7
4442 1.43212498E8
4443 9.11911321E7
4444 1.3091152E7
4445 3322248.125
4446 1.10646837E8
4447 5753563.0
4448 1.20138809375E8
4449 3.5762802E7
4450 5.992972E7
4451 6236.333333333333
4452 1.2497783333333334E7
4453 4.0986826666666664E7
4454 2.5351934225E8
4455 1.4649553333333334E7
4456 1.1251954533333333E8
4457 2.6934285833333332E7
4458 2346860.875
4459 3.08601495E7
4460 1.7638719642857143E8
4461 1.8263418363636363E7
4462 2.455798625E7
4463 2.17913725E7
4464 2059637.6666666667
4465 2025724.5
4466 1.78720628125E8
4467 6457.0
4468 6949.0
4469 3.3548940625E7
4470 7.62398917E8
4471 5841.5
4472 6701286.333333333
4473 6.560826225E7
4474 6762.0
4475 6.6737451333333336E7
4476 2.625169425E7
4477 6.462207214285714E7
4478 6100.5
4479 5.08334986E7
4480 1.08385116E8
4481 5.2829142333333336E7
4482 1.620703658E8
4483 7.38062815E7
4484 2.8842183E7
4485 1.477261818E8
4486 2.2673213333333332E7
4487 1.337968984E8
4488 2.35467175E7
4489 1.3828051333333334E7
4490 1.2907802825E8
4491 4.8942404666666664E7
4492 1.306036816E8
4493 1.852527606E8
4494 4755849.333333333
4495 9444.0
4496 2.1044867E7
4497 3.994328975E7
4498 9.31696418E7
4499 2522367.25
4500 4.897191188888889E7
4501 1.092512022E8
4502 1.462898618E8
4503 4068330.6
4504 7.157770675E7
4505 5524.5
4506 9.328923225E7
4507 1.2315068875E8
4508 8.81992376E7
4509 4633367.0
4510 6.5295301E7
4511 5.17917682E7
4512 4804649.333333333
4513 3192753.125
4514 2.069638324E8
4515 4.9407464E7
4516 1.3940518875E8
4517 1.2826206425E8
4518 4.293593175E7
4519 5.9643861E7
4520 5108912.2
4521 2.21159727E8
4522 3395.75
4523 5.0546783666666664E7
4524 2.5946651E7
4525 8995.75
4526 1.734784952E8
4527 4.305560875E7
4528 3.1457886E7
4529 2.7973208E7
4530 905721.25
4531 5.5462267666666664E7
4532 6794852.75
4533 2.87642799E7
4534 4.0316184125E7
4535 3.597127914285714E7
4536 400253.6666666667
4537 6034.5
4538 5696.0
4539 2.22072169E8
4540 3.543797525E7
4541 1.725080923E8
4542 1488871.0
4543 1.51121916E7
4544 1.15020743E8
4545 4.40226135E7
4546 3.9375038333333336E7
4547 9.2887854E7
4548 2.0846046925E8
4549 4.5574823E7
4550 2.034074625E7
4551 1.70966233E8
4552 2.4252231E7
4553 1.647598168E8
4554 5.5545098428571425E7
4555 4158230.714285714
4556 6.38296742E7
4557 4.77138622E7
4558 4.6282680333333336E7
4559 2.5162207683333334E8
4560 9.2837282E7
4561 2.007149675E7
4562 5.7194723E7
4563 4.8869937333333336E7
4564 2.2421169285714287E7
4565 3.4531148777777776E7
4566 5339768.5
4567 3.78253638E7
4568 1.9964922166666668E7
4569 666342.1428571428
4570 8280965.6
4571 1.0837870377777778E8
4572 1.0155198428571428E8
4573 4962057.666666667
4574 2.11708638E8
4575 2.61787378E7
4576 6.52135958E7
4577 3.001260495E8
4578 6706.0
4579 8.55310666E7
4580 1.8851652325E8
4581 5.9931725333333336E7
4582 5676284.666666667
4583 6.4744418333333336E7
4584 2.866222293333333E8
4585 8723.0
4586 1.428895425E7
4587 7261.0
4588 9.4531860125E7
4589 3.189426014285714E7
4590 5.2071788666666664E7
4591 1.831948475E7
4592 1304957.8
4593 3782810.0
4594 3.00725825E8
4595 3.4206421833333336E7
4596 1.4782124625E7
4597 4.381680166666667E8
4598 1.30756606E8
4599 6.93794614E7
4600 6577874.4
4601 1.340844995E8
4602 1.0457398033333333E8
4603 4.0832483333333336E7
4604 3.474035E7
4605 9.66676926E7
4606 4.0545555125E7
4607 1.157877858E8
4608 4.9032826571428575E7
4609 4532223.0
4610 1.6541934325E8
4611 6.3440442E7
4612 5.27317545E7
4613 8.7792748E7
4614 7.705279291666667E7
4615 7121521.0
4616 3413714.3333333335
4617 1.6012526566666666E8
4618 3.8976222E7
4619 1.0859689285714285E7
4620 1.3109316666666667E8
4621 4.7104806333333336E7
4622 1.5253576833333334E7
4623 1.22378091E8
4624 1.2518358566666667E8
4625 123665.0
4626 2.453569225E7
4627 1.1435943283333333E8
4628 2.8142039666666668E7
4629 1.2577697714285715E8
4630 7.65003035E7
4631 1.4907321975E8
4632 1.8750386625E7
4633 1.425477658E8
4634 1.395692944E8
4635 5.854751025E7
4636 1.3409781628571428E8
4637 5564.25
4638 7991.0
4639 5.308306871428572E7
4640 1.9017968866666666E8
4641 2.464039815E8
4642 1.750528574E8
4643 3.40303522E8
4644 1.98388909E8
4645 4.3164460222222224E7
4646 6043564.333333333
4647 3.420149475E7
4648 5.2587593E7
4649 3.3229134E7
4650 1.149437664E8
4651 4.7540136571428575E7
4652 2.97965965E7
4653 3.74590717E7
4654 8.875035133333333E7
4655 2.3275186E7
4656 6.4405994666666664E7
4657 1.9872588E7
4658 5.2776883E7
4659 1.37365546E7
4660 7901.0
4661 5.370581886E8
4662 5.07439508E7
4663 1.17585458E7
4664 6.91234338E7
4665 2.54276318E7
4666 2.7874265E7
4667 8.16933435E7
4668 2.12374455E7
4669 1729263.75
4670 5.90743252E7
4671 4007946.75
4672 2.3616294383333334E8
4673 8.911369954545455E7
4674 1.310323365E8
4675 7311.666666666667
4676 6903.75
4677 2.65875338E8
4678 6.4373036E7
4679 2.554430875E7
4680 3.4421526E7
4681 1.762608768E8
4682 6.6044445333333336E7
4683 1.6533978E7
4684 9.70293485E7
4685 1.430029392E8
4686 1.42418851E8
4687 6789.833333333333
4688 6.80489686E7
4689 3.5800566833333336E7
4690 3.847705214285714E7
4691 1.3597260285714285E7
4692 9.944476933333333E7
4693 1.121398082E9
4694 8872969.0
4695 1.7841249183333334E8
4696 2.725704825E7
4697 2.343772345E8
4698 1.226168794E8
4699 5.483547475E7
4700 8.331267583333333E7
4701 9098870.6
4702 3.760894095E8
4703 6.3571721E7
4704 5.4781078675E8
4705 9379935.4
4706 4.13529892E7
4707 2.13663126E7
4708 6366037.333333333
4709 7661375.142857143
4710 1.4600312166666666E7
4711 5474960.0
4712 1.065326201111111E8
4713 1.438712E7
4714 4.48207736E8
4715 5.00544555E7
4716 1.5409723142857144E7
4717 7.16272334E7
4718 6.0778251428571425E7
4719 6.1995388571428575E7
4720 9.51860048E7
4721 3.01724786E7
4722 1596.0
4723 1.9064417E7
4724 1.521942308E8
4725 2.0527362888888888E7
4726 8.7010215E7
4727 7.0544252E7
4728 1.2176977907142857E8
4729 2.03675591E8
4730 5645.75
4731 5.16613607E8
4732 9.8889052E7
4733 4.78268865E7
4734 2.971716236E8
4735 1.7647363514285713E8
4736 1.1171849E7
4737 7.875263375E7
4738 6.0482600428571425E7
4739 6734421.25
4740 1.417269775E7
4741 1.505927465E8
4742 6.3369249333333336E7
4743 2.58417004E7
4744 1.88994037E8
4745 1.16366533E8
4746 3.8780417333333336E7
4747 2.778258186666667E8
4748 1.7891843E7
4749 4.058690025E7
4750 4.47107295E7
4751 3862711.9
4752 1.140842042E8
4753 3.60390878E7
4754 2.9615233666666668E7
4755 5542.2
4756 2.5724469833333332E7
4757 4.99458315E7
4758 3.11680036E8
4759 53230.2
4760 6.738428E7
4761 3.0357061166666668E7
4762 7491748.666666667
4763 2.34735081E8
4764 1.10064239E8
4765 1.793702898E8
4766 1.81668017E8
4767 1332233.0
4768 7023.0
4769 7207.0
4770 781706.25
4771 2.0881060375E7
4772 2.3066844475E8
4773 7.067697933333333E7
4774 6.3411492166666664E7
4775 1.0951916E7
4776 1541816.1666666667
4777 1.7924679883333334E8
4778 3.839792536363637E7
4779 3.5487458E7
4780 4.086136085714286E7
4781 1.7329997E7
4782 7.77571565E7
4783 4406.0
4784 8.014371185714285E7
4785 7.4837828E7
4786 4.9303141571428575E7
4787 7256499.5
4788 7247.0
4789 1.042942834E8
4790 1.658714457142857E7
4791 2.0871065E7
4792 7.79823208888889E7
4793 2.79606235E7
4794 6605.0
4795 6.34096735E7
4796 4411498.428571428
4797 1.076197905E8
4798 2.1446634666666668E7
4799 5.371452288888889E7
4800 7523235.333333333
4801 6252.0
4802 1.68667398E8
4803 7524.5
4804 2.710065525E7
4805 7275.5
4806 1.12828435E8
4807 4.81257374E7
4808 9080550.0
4809 3.4722385125E7
4810 1.7685379475E8
4811 4.142256562E8
4812 1.3314540025E8
4813 6.776701825E7
4814 1.30805062E8
4815 5.053915395714286E8
4816 2.9986033E7
4817 6.895210783333333E7
4818 1.3584774833333334E7
4819 1.3325090227272727E8
4820 0
4821 8130.0
4822 3.089630278333333E8
4823 1.344132476E8
4824 9.52880204E7
4825 9282090.0
4826 1.674216036E8
4827 3.299097742857143E7
4828 1.4641536133333334E8
4829 1.4603467254545453E8
4830 1.484202152E8
4831 7.642788242857143E7
4832 2.4158275833333334E8
4833 8271.0
4834 7.48187035E7
4835 5.491620175E7
4836 3.5673889E7
4837 6.3124735E7
4838 1.1423712466666667E8
4839 2.259056058E8
4840 4340.5
4841 2.9828159E8
4842 5.1271683E7
4843 3.267234514285714E7
4844 2.503639008E8
4845 1.0630178675E8
4846 8.9115785E7
4847 2.0993605733333334E8
4848 7885.0
4849 5.869106828571428E7
4850 2.1151797E7
4851 3.55037084E8
4852 3.94617115E7
4853 7.213429866666667E7
4854 1.7987143166666668E7
4855 1.5628073625E8
4856 1.82590427E8
4857 2.73814536E8
4858 3.0585151E7
4859 1.943485875E7
4860 1.78508986E7
4861 8235729.0
4862 4817464.4
4863 1.66477822E7
4864 1.85986205E8
4865 1.5296128842857143E8
4866 6.3876655E7
4867 3.1010955E7
4868 1.20371112E8
4869 3.00812584E8
4870 5.494119673333334E8
4871 3.5506189428571425E7
4872 4.7018787E7
4873 4.7097634E7
4874 1.2887366125E7
4875 1.1836691828571428E8
4876 930816.8333333334
4877 6.983378866666667E7
4878 1.081872595E8
4879 1.04326314E7
4880 2.073293362E8
4881 1.2294871971428572E8
4882 1695802.0
4883 3.924806214285714E7
4884 7.201062253333334E8
4885 1.4885631E7
4886 2.22838661E8
4887 1.7612288755555555E8
4888 1.51186876E8
4889 5.447070475E7
4890 3.5701798425E8
4891 2575337.0
4892 2.61215253E8
4893 1.49878947E8
4894 1.229605846E8
4895 1.64076815875E8
4896 2.1970170366666666E8
4897 3.6837695E7
4898 7.168715275E7
4899 1.5170269242857143E8
4900 1.1192611E8
4901 9.39569902E7
4902 5.4433161E7
4903 6.4972243E7
4904 6275.0
4905 1.31462298E8
4906 2528884.0
4907 1.0170623666666666E7
4908 544717.5
4909 2.707859836666667E8
4910 2.0903672375E8
4911 2.428005366E8
4912 1.076142695E8
4913 4.9326583E7
4914 1.242998805E8
4915 1.628408216E8
4916 2.107606375E7
4917 7.865499833333333E7
4918 5.567077327272727E7
4919 1.721943704E8
4920 6.183534055E8
4921 3.119724475E7
4922 4.390570022E8
4923 3498253.0
4924 7153.666666666667
4925 5.5262325E7
4926 3.36117778E7
4927 2.316786924E8
4928 128494.0
4929 7463.0
4930 9.489591E7
4931 4.9703708125E7
4932 1.173695678E8
4933 3824.0
4934 1.0395932183333333E8
4935 1.4250987566666666E8
4936 7.097527014285715E7
4937 1.07714061E8
4938 4660121.0
4939 3.05784305E7
4940 2.5348927157142857E8
4941 1.349825886E8
4942 6.1928094666666664E7
4943 8.1150406E7
4944 2.731252102E8
4945 6287264.8
4946 1.3456963814285713E8
4947 1.8752885633333334E8
4948 1.5631111833333334E8
4949 1.93529123E8
4950 2.593092075E7
4951 1.3595323766666666E8
4952 1.9603361666666668E7
4953 121921.0
4954 1.5135272E7
4955 1.67866094E7
4956 7236.666666666667
4957 7.35780555E7
4958 4920772.666666667
4959 5.6129496E7
4960 1.2997436925E8
4961 7.50315592E8
4962 9.8486287E7
4963 7791.2
4964 2086557.75
4965 2.5025965E8
4966 485542.3333333333
4967 1334308.6666666667
4968 6.1927056875E7
4969 5221.666666666667
4970 1.8145482E7
4971 1.7531285725E8
4972 3.0007318775E8
4973 5.7350184E7
4974 1.163527075E8
4975 2.619102225E7
4976 6427.333333333333
4977 4.6827949875E8
4978 1461427.0
4979 1.3610054116666666E8
4980 1.815165104E8
4981 7392.444444444444
4982 1.902228402E8
4983 3.1472536E7
4984 2.07367342E7
4985 7013652.166666667
4986 3.549466875E8
4987 6.3773899E7
4988 4.048376505E8
4989 4.09237868E7
4990 1.786720735E9
4991 3.2977642833333332E7
4992 1.5761615E7
4993 5956.0
4994 1.3987860857142856E7
4995 9.26422776E7
4996 1.8806423666666668E7
4997 1.813003614285714E7
4998 3.26666825E7
4999 1.3347483942857143E8
