1 638.116
2 2828.3892215568862
3 3415.259259259259
4 3430.6167023554603
5 7542.623376623376
6 7624.737704918033
7 23693.51754385965
8 13274.575052854123
9 28508.0989010989
10 16120.857723577235
11 18190.290043290042
12 26191.9126984127
13 20953.45351473923
14 30174.78431372549
15 35346.348
16 19720.91189427313
17 39614.39587628866
18 31837.75050709939
19 31112.04329004329
20 37733.239669421484
21 37598.306636155605
22 47434.715430861725
23 53884.279816513765
24 54696.33601609658
25 40977.380129589634
26 44048.338362068964
27 71566.98643410853
28 41952.575630252104
29 58795.8384279476
30 81212.86083499006
31 46310.63597430407
32 52192.718403547675
33 100138.72494669509
34 62695.536199095026
35 66710.74485596707
36 52605.25330396476
37 83673.5798816568
38 89788.62248995985
39 60855.5547024952
40 89241.05708245243
41 92331.46313364056
42 66897.18720379147
43 89923.41782178218
44 87099.38445807771
45 112344.53620352251
46 110287.76519916143
47 98584.91397849462
48 99916.02580645161
49 92061.96245059288
50 98540.37214137214
51 98559.48717948717
52 123818.93617021276
53 114048.14315352697
54 122070.96420581655
55 125343.23711340207
56 96743.93726235742
57 136245.44419134397
58 124225.02658486708
59 113814.40877598153
60 119102.63347457627
61 110727.5073375262
62 141547.95798319328
63 120020.00628930818
64 140277.51464435147
65 122290.61377870564
66 124271.82135523614
67 123058.55434782608
68 159162.38936170214
69 167211.747300216
70 169105.38975501113
71 189687.62909836066
72 173034.4437751004
73 143112.23387096773
74 163478.3111587983
75 133918.82718894008
76 164139.14197530865
77 172210.39679358716
78 144522.89496717724
79 137873.92515592516
80 168239.5890688259
81 184976.41534988713
82 193232.7526652452
83 202476.35564853557
84 139337.70230607968
85 222586.6626506024
86 213314.0128755365
87 193933.72727272726
88 180676.1387755102
89 192928.76744186046
90 220131.29185520363
91 207535.67741935485
92 183925.03747534516
93 202150.42666666667
94 219784.98058252427
95 214311.2744721689
96 214817.69439071565
97 204066.87903225806
98 220026.67803837953
99 211120.25833333333
100 295446.62988505745
101 237846.73347547973
102 222048.28744939272
103 237272.46710526315
104 277668.0821355236
105 307404.0428849903
106 246655.85714285713
107 255484.96774193548
108 230386.3893442623
109 209238.86973947895
110 295269.59119496855
111 256844.25851703406
112 286807.2520661157
113 234902.39626556018
114 314119.2450592885
115 293334.0845665962
116 311796.32091097307
117 307481.85714285716
118 272904.9271653543
119 288673.8106995885
120 342228.206185567
121 354133.22222222225
122 346238.13406593405
123 288907.0281690141
124 344323.98787878786
125 341201.3711790393
126 293383.7636761488
127 348798.53797468357
128 342552.68786127167
129 376425.25267665955
130 341492.1037924152
131 364598.28571428574
132 367920.21914893616
133 375343.75368421053
134 355413.84937238495
135 409113.61739130435
136 394547.13692946057
137 318004.6929133858
138 334391.76419213973
139 459706.5862745098
140 461260.0498960499
141 417703.5102880658
142 539926.3817427385
143 413422.9020408163
144 393892.17634854774
145 419167.6
146 492287.12603305787
147 362923.45695364237
148 406927.5767634855
149 325756.0131578947
150 445080.43685300206
151 431917.4871794872
152 440384.98446601944
153 369340.2330508475
154 487164.0733333333
155 450610.22045454546
156 493792.9713740458
157 510094.4915254237
158 500439.7893617021
159 542284.792
160 475920.70164609054
161 530606.7866927593
162 580207.6715789473
163 499236.2268041237
164 424954.59423503326
165 509972.92386831273
166 501029.25902335456
167 546153.8472505092
168 553344.0263736264
169 510647.41544885177
170 655269.0264900662
171 498240.9794661191
172 469065.32548179873
173 613461.4416135881
174 603712.1895161291
175 557700.1949685535
176 588738.1207627119
177 464428.0042643923
178 490723.14837398374
179 622651.8278867103
180 673671.132196162
181 659308.2857142857
182 614448.3808510639
183 627403.2535496957
184 798405.0902777778
185 613045.4362139917
186 616675.5032119914
187 663984.075203252
188 822009.8862275449
189 580624.0366598777
190 698880.1443965518
191 606594.8960176992
192 677504.3547717843
193 827945.5335968379
194 707666.867803838
195 670961.7640918581
196 740783.060362173
197 779638.0286975717
198 674078.8518518518
199 648615.9041394335
200 612149.0843881856
201 763087.5492662474
202 843247.7738359201
203 726248.9931034483
204 746492.4118773947
205 682617.8325581396
206 644683.4769585254
207 801665.6826086957
208 776906.8755186722
209 814068.4503171247
210 777721.4031936128
211 814284.0711206896
212 686047.4823284823
213 840007.0187110187
214 1021627.7300215983
215 756974.5032397409
216 791553.5996168583
217 909127.7685774947
218 760709.8086785009
219 862463.8357588358
220 729041.5684210527
221 868836.680672269
222 814524.0923076923
223 802497.8196721311
224 1039317.7784552845
225 908919.270661157
226 943152.6343873518
227 878252.8674698796
228 1068963.8929336187
229 901705.578021978
230 865794.52
231 892868.6851145038
232 1034294.1560693642
233 1024324.2956120092
234 781060.512244898
235 994042.1368421053
236 842542.8468085106
237 889948.7577639752
238 977053.145021645
239 870939.1311827957
240 1014134.0199600798
241 1040345.9859437752
242 1035806.3059548255
243 964673.4967320261
244 1056745.7267080746
245 1237038.3025404157
246 1071431.4808988764
247 1070735.9400826446
248 1140016.4527896997
249 1157764.830543933
250 1087274.2015810276
251 1188178.6281512605
252 956655.1132075472
253 1159263.3143459915
254 1238839.8095238095
255 1092512.9901768174
256 1196549.7597402597
257 1393991.126
258 1162292.4819277108
259 1093368.4386694387
260 998596.5862831859
261 1377049.5737704919
262 1109550.778251599
263 1202223.3668903804
264 1397556.3018108653
265 1257066.228448276
266 1260619.3542976938
267 1213130.1538461538
268 1110762.5281124497
269 1204139.170132325
270 1242659.5711340206
271 1217851.8985200846
272 1418684.0
273 1283966.0499001995
274 1375036.1233766233
275 1216314.7193973635
276 1378479.51
277 1403122.923076923
278 1344188.2084210527
279 1616515.071748879
280 1485150.4143426295
281 1470759.8483606558
282 1534084.7358078603
283 1345276.4256198348
284 1373673.1995753716
285 1329588.9979381443
286 1533351.6036217303
287 1594334.1208333333
288 1226815.759493671
289 1253818.924796748
290 1300433.8586065574
291 1582150.5371179038
292 1339038.6687763713
293 1434376.785106383
294 1642580.1873727087
295 1840740.5606060605
296 1528529.2914171657
297 1452140.401746725
298 1617045.8952772075
299 1727906.4302600473
300 1420789.0144329898
301 1695289.6621621621
302 1769527.830543933
303 1617379.113490364
304 1810266.7716981133
305 1273806.2869379015
306 1811657.2198275863
307 1955051.6957403652
308 2043640.5606060605
309 1729421.190677966
310 1840240.5094736842
311 1700022.091796875
312 1671166.5954825461
313 2183615.379310345
314 2047646.814
315 1941628.0090293454
316 1632833.6099585062
317 1726857.1873684211
318 1593264.0185950412
319 1876724.0068807339
320 1959278.273100616
321 1589435.5088888889
322 1767665.4648187633
323 2170520.0439330544
324 1980023.8212851405
325 2181773.0042643924
326 1878989.0
327 1932591.9287169043
328 2049224.7906504066
329 2041609.1131313131
330 2255214.0954356845
331 2052434.8973799127
332 2112259.131004367
333 2216545.476190476
334 2148803.4853556487
335 1980106.7268722467
336 2305572.5547945206
337 1970186.501066098
338 1914976.5308924485
339 2043277.8181818181
340 2560806.8625
341 2186016.651639344
342 2031618.2632612966
343 2066916.4166666667
344 2178814.0104384134
345 2565251.8157349895
346 2695125.65
347 2442497.9366336633
348 2281255.3905325443
349 2317237.370741483
350 2310051.688
351 1969944.679752066
352 2507786.8343558284
353 2933509.13667426
354 1973443.5867768596
355 2206828.56374502
356 2338851.546
357 2419725.2399193547
358 2602433.832323232
359 2574066.189189189
360 2328923.444201313
361 2567839.870259481
362 2551070.934782609
363 2600158.109704641
364 2989006.614481409
365 2924116.207877462
366 2857761.831196581
367 3179668.884848485
368 2830861.6419213973
369 2818741.057815846
370 3013743.4625267666
371 3005304.8133333335
372 3040893.6195652173
373 3055181.1061946903
374 3145446.583518931
375 2913478.887550201
376 2860139.25
377 2508286.1885245903
378 3047523.283168317
379 3094437.8061224488
380 3124619.0581162325
381 2808497.216911765
382 3168011.9937888198
383 2764141.711018711
384 3045173.489361702
385 3332203.493852459
386 3264844.1434511435
387 2728417.6244131457
388 2878766.1507431
389 2970487.7358490564
390 3613997.8295218297
391 3589448.638603696
392 3491521.123931624
393 3163146.3196544275
394 2691261.64893617
395 3238150.1933471933
396 3396534.2704761904
397 3950260.041493776
398 3654691.6955555556
399 3492291.1612200434
400 3937629.591286307
401 3085572.438709677
402 3308298.9048625794
403 3496004.7366336635
404 3357625.905376344
405 3780427.632734531
406 3619483.660678643
407 3397709.6062378166
408 3527321.890151515
409 3828355.156779661
410 3628706.4778012685
411 3581060.8495049505
412 3759452.3234672304
413 4596784.673346694
414 3898420.8658088236
415 3909124.6875
416 3271165.5147679327
417 3829225.1737373737
418 3729722.8248337028
419 4349317.103519669
420 3776709.098360656
421 4598801.173913044
422 4028655.417204301
423 4145250.5265306123
424 4243822.635135135
425 4577991.530991736
426 4475361.760593221
427 4559508.751648352
428 4045066.920502092
429 4740827.427966102
430 4379835.139240506
431 4012856.7755991286
432 4675994.832061069
433 4621190.093117408
434 4314525.08492569
435 5065948.316239316
436 5160506.638945233
437 4279707.742331289
438 4463776.3802521005
439 4515701.936708861
440 4097837.1497890297
441 4289474.533057851
442 4623611.470852018
443 4283174.639175258
444 4523801.8359375
445 5333255.717889909
446 5030890.384158416
447 4933560.7139534885
448 3971226.9727463312
449 4648881.100436681
450 4734736.429175476
451 4838067.745652174
452 4968605.411654135
453 5392078.102970297
454 5202279.191897655
455 5488796.535031847
456 6046385.834451902
457 6636162.234913793
458 5001085.093385214
459 5052191.989224138
460 5094168.38125
461 5680468.467640919
462 6250652.533057851
463 4967870.483870967
464 5636225.5817120625
465 6052757.9826086955
466 6173457.1863354035
467 5909040.809426229
468 5588158.342047931
469 5483446.968879668
470 5444572.090507726
471 5956420.6356275305
472 5973514.388888889
473 6577970.305882353
474 5487605.524520256
475 6664745.961290322
476 6033489.042600897
477 6206652.025862069
478 5857423.954
479 5789841.384120172
480 6211566.700421941
481 5798109.320261437
482 6186191.232510288
483 6231209.189873418
484 6276667.232905983
485 6981756.39368421
486 7425415.171656687
487 5992416.827442828
488 6589702.866108786
489 6354345.375782881
490 6742983.142857143
491 7411949.3625
492 7748442.41902834
493 7208206.350318471
494 7498847.726495726
495 8155688.998015873
496 7903687.961460446
497 6253400.38336714
498 7377200.533880903
499 7478401.496659243
