1 280.0
2 433.0
3 0
4 0
5 449.0
6 429.0
7 599.0
8 655.0
9 0
10 641.0
11 84.0
12 545.0
13 0
14 527.5
15 0
16 2219.0
17 0
18 498.0
19 557.0
20 0
21 564.0
22 5825713.0
23 0
24 0
25 0
26 863.5
27 0
28 0
29 0
30 0
31 682.0
32 448.6666666666667
33 0
34 0
35 136.0
36 0
37 0
38 98.0
39 0
40 689.0
41 0
42 0
43 807.0
44 0
45 7334633.333333333
46 0
47 0
48 0
49 0
50 8.057412E7
51 673.0
52 0
53 0
54 117.0
55 0
56 714.0
57 0
58 602.5
59 0
60 824.0
61 0
62 0
63 0
64 0
65 284715.6666666667
66 559.0
67 1827.0
68 0
69 0
70 0
71 728.0
72 823.0
73 5650.0
74 0
75 0
76 127.0
77 856.0
78 0
79 705.5
80 0
81 0
82 0
83 695.0
84 1042.0
85 690.0
86 0
87 118.5
88 0
89 829.0
90 0
91 814.0
92 174.0
93 0
94 646.0
95 0
96 0
97 6095063.5
98 0
99 0
100 0
101 918.0
102 0
103 177.0
104 0
105 919.0
106 0
107 128.0
108 0
109 0
110 0
111 0
112 585.0
113 626.0
114 0
115 957.0
116 763.5
117 405.0
118 0
119 0
120 0
121 987.0
122 1011.0
123 926.0
124 0
125 0
126 0
127 922.0
128 0
129 687.0
130 871.0
131 0
132 0
133 0
134 0
135 0
136 0
137 0
138 915.0
139 0
140 0
141 0
142 1152.0
143 0
144 1018.0
145 0
146 0
147 0
148 0
149 899.0
150 0
151 0
152 0
153 1473.0
154 0
155 0
156 0
157 3008.0
158 0
159 1021.0
160 848.0
161 357.0
162 1046.0
163 0
164 310.0
165 711.5
166 149.0
167 3057.0
168 0
169 0
170 0
171 0
172 1118.0
173 0
174 0
175 0
176 902.0
177 0
178 1166.0
179 2981849.0
180 0
181 564.0
182 0
183 2403.0
184 1.0031052666666666E7
185 983.0
186 0
187 0
188 0
189 1047.0
190 0
191 0
192 819.0
193 0
194 0
195 794.0
196 1114.0
197 937.0
198 0
199 967.0
200 360.0
201 0
202 0
203 0
204 1052.0
205 0
206 0
207 0
208 0
209 835.0
210 0
211 0
212 0
213 239.0
214 0
215 1828.5
216 0
217 0
218 1106.0
219 0
220 167.0
221 0
222 2922593.0
223 1460.0
224 0
225 0
226 0
227 1478.0
228 1122.0
229 1037.0
230 0
231 0
232 1154.0
233 1058.0
234 635.0
235 1063.0
236 0
237 206.0
238 0
239 0
240 0
241 868.0
242 182.0
243 0
244 1115.0
245 0
246 1345.25
247 1329.0
248 0
249 0
250 0
251 0
252 0
253 0
254 1113.0
255 0
256 0
257 0
258 0
259 1104.0
260 0
261 1073.0
262 1102.0
263 0
264 0
265 1312.0
266 0
267 1130.0
268 1243.0
269 0
270 0
271 898.0
272 1222.0
273 0
274 0
275 0
276 0
277 996.0
278 0
279 621.5
280 394.0
281 0
282 0
283 5152.0
284 0
285 184.0
286 0
287 0
288 878.0
289 0
290 1187.0
291 0
292 929.0
293 1205.0
294 0
295 0
296 0
297 958.0
298 0
299 1090.0
300 0
301 1127.0
302 0
303 0
304 0
305 0
306 0
307 0
308 0
309 0
310 0
311 1284.0
312 0
313 745.0
314 0
315 0
316 0
317 1168.0
318 0
319 0
320 1241.0
321 0
322 0
323 0
324 0
325 0
326 1336.0
327 0
328 0
329 1181.0
330 210.0
331 0
332 1256.0
333 0
334 0
335 0
336 0
337 1092.0
338 0
339 0
340 1167.0
341 0
342 1260.0
343 2187921.0
344 738.0
345 202.0
346 0
347 1119.0
348 0
349 0
350 2138.0
351 0
352 0
353 0
354 0
355 226.0
356 0
357 0
358 0
359 0
360 0
361 0
362 1442.0
363 237.0
364 0
365 1408.5
366 1193.0
367 1370.5
368 0
369 1276.0
370 0
371 0
372 0
373 0
374 1895.0
375 0
376 1.0698427E7
377 6417.0
378 0
379 0
380 1207.0
381 0
382 387.0
383 0
384 232.0
385 931628.5
386 0
387 0
388 2924.0
389 0
390 0
391 0
392 1327.5
393 0
394 0
395 1375.0
396 0
397 1386.0
398 0
399 1449.0
400 298.5
401 0
402 0
403 0
404 0
405 8912155.5
406 254.0
407 0
408 0
409 0
410 0
411 1297.0
412 0
413 1653.5
414 1262.0
415 0
416 1900.0
417 0
418 269.0
419 0
420 0
421 3682.0
422 257.0
423 1630.0
424 0
425 1397.0
426 0
427 2149.0
428 728.0
429 0
430 0
431 0
432 0
433 0
434 0
435 246.0
436 1387.0
437 0
438 0
439 1308.0
440 237.0
441 2844.0
442 7093.0
443 0
444 244.0
445 0
446 0
447 0
448 246.0
449 0
450 0
451 1634.0
452 0
453 0
454 1463.0
455 1663.0
456 4.7681017E7
457 0
458 0
459 0
460 1481.0
461 0
462 1290.0
463 0
464 0
465 0
466 1479.0
467 0
468 0
469 1490.0
470 0
471 1427.0
472 0
473 259.0
474 0
475 1355.0
476 0
477 0
478 0
479 1.1833509E7
480 0
481 0
482 0
483 1500.0
484 0
485 773.5
486 0
487 1728637.0
488 0
489 548.0
490 0
491 0
492 0
493 3196.0
494 0
495 1669.5
496 1302.0
497 0
498 0
499 3132.0
500 0
501 1608.0
502 0
503 6968054.0
504 277.0
505 1818.0
506 1664.0
507 0
508 0
509 1.94857625E7
510 0
511 0
512 8557989.5
513 3.3804693333333336E7
514 272.0
515 0
516 1676.0
517 0
518 0
519 1596.0
520 0
521 0
522 0
523 0
524 0
525 461.0
526 0
527 3065.0
528 0
529 0
530 1667.0
531 0
532 0
533 0
534 0
535 0
536 0
537 2261.0
538 0
539 0
540 283.0
541 0
542 0
543 1396.0
544 0
545 0
546 308.0
547 1576.0
548 0
549 265.0
550 0
551 0
552 0
553 0
554 0
555 2527.5
556 0
557 0
558 0
559 273.0
560 0
561 2014.0
562 0
563 7633847.0
564 3.8034955E7
565 1652.0
566 1709.0
567 0
568 963.0
569 0
570 0
571 0
572 1768.0
573 0
574 1.8035085E7
575 0
576 282.0
577 1723.0
578 0
579 0
580 1859.0
581 0
582 0
583 0
584 0
585 0
586 0
587 0
588 5477614.0
589 1635.0
590 0
591 0
592 0
593 0
594 0
595 0
596 0
597 0
598 0
599 0
600 286.0
601 0
602 3402.0
603 0
604 1.89034725E7
605 17001.5
606 3489348.0
607 2044.0
608 1654.0
609 0
610 0
611 0
612 0
613 1.75250605E7
614 0
615 899.5
616 1645.0
617 0
618 0
619 0
620 0
621 1694.0
622 1041.0
623 0
624 0
625 0
626 922.0
627 0
628 0
629 0
630 0
631 0
632 0
633 0
634 340.0
635 0
636 0
637 0
638 0
639 3.0369709E7
640 1521.0
641 4.3841138E7
642 1246798.5
643 0
644 1894.0
645 0
646 1149.0
647 0
648 0
649 1506.0
650 1.3807849666666666E7
651 0
652 1517.0
653 0
654 317.0
655 0
656 0
657 4037399.0
658 0
659 1892.0
660 0
661 2.8220825E7
662 0
663 1797.0
664 2.06062045E7
665 0
666 1710.0
667 0
668 0
669 0
670 325.0
671 0
672 0
673 0
674 4.5345822E7
675 822.0
676 0
677 1722.0
678 0
679 0
680 0
681 0
682 0
683 0
684 0
685 2151.0
686 1028.5
687 312.0
688 0
689 311.0
690 1773.0
691 0
692 1066.0
693 2078.0
694 1471.0
695 0
696 1.1373359E7
697 0
698 3708.0
699 1.2730149E7
700 4397852.0
701 1795.0
702 0
703 0
704 2090540.0
705 0
706 1.06069595E7
707 0
708 1765.0
709 0
710 0
711 1776.0
712 331.0
713 1.3058138E7
714 0
715 0
716 1326.0
717 0
718 0
719 0
720 0
721 0
722 0
723 0
724 0
725 1538.0
726 1.934697E7
727 0
728 0
729 1805.0
730 3290.0
731 0
732 1834.0
733 1865.0
734 0
735 0
736 0
737 1797.0
738 0
739 0
740 0
741 0
742 2048.0
743 0
744 1925.0
745 378.0
746 0
747 0
748 333.0
749 0
750 1957.0
751 0
752 0
753 0
754 352.0
755 1814.0
756 3.2892606E7
757 0
758 620870.0
759 0
760 8578487.0
761 1892.0
762 0
763 0
764 1959.0
765 0
766 0
767 0
768 0
769 1052087.3333333333
770 2351.0
771 0
772 344.0
773 3.0022664E7
774 0
775 0
776 0
777 0
778 0
779 0
780 0
781 1819.0
782 0
783 0
784 8.9099703E7
785 1842.0
786 3676.0
787 576.0
788 1.09297555E7
789 0
790 2487.0
791 0
792 2002.0
793 0
794 376.0
795 2112.0
796 0
797 4290636.0
798 0
799 6253091.0
800 0
801 0
802 0
803 347.0
804 0
805 1870.0
806 3525.0
807 1806.0
808 0
809 0
810 0
811 0
812 0
813 2572.0
814 5742622.0
815 0
816 0
817 0
818 2455.0
819 0
820 0
821 0
822 0
823 0
824 0
825 0
826 0
827 2169.0
828 1.3730429E7
829 0
830 0
831 5607.0
832 0
833 0
834 3198.0
835 0
836 2353.0
837 1983.0
838 1.3333739E7
839 0
840 0
841 0
842 2120.0
843 0
844 5.4760051E7
845 14959.0
846 2329.0
847 1.33381095E7
848 0
849 0
850 0
851 2444.0
852 2227.0
853 0
854 0
855 0
856 1184.0
857 0
858 2437.0
859 0
860 0
861 389.0
862 1.3408096E7
863 0
864 0
865 0
866 0
867 0
868 0
869 0
870 2556.0
871 767.0
872 1142.5
873 2342.0
874 0
875 0
876 0
877 0
878 2331.0
879 2235.0
880 2745.0
881 0
882 0
883 0
884 0
885 0
886 0
887 0
888 4509.0
889 0
890 0
891 0
892 0
893 7497.5
894 0
895 614.0
896 0
897 0
898 380.0
899 0
900 0
901 0
902 0
903 2.55464475E7
904 0
905 1.0364401E7
906 0
907 2141.0
908 0
909 15654.0
910 0
911 2435.0
912 3635.0
913 0
914 0
915 2.172442E7
916 0
917 2656.0
918 2322.0
919 438.0
920 0
921 0
922 0
923 0
924 1.8605627E7
925 2012.0
926 0
927 0
928 2213220.0
929 0
930 0
931 0
932 16424.0
933 2806872.0
934 0
935 0
936 0
937 0
938 0
939 0
940 402.0
941 4745378.5
942 0
943 0
944 0
945 2012.0
946 0
947 2315.0
948 0
949 2440.5
950 0
951 1191.0
952 2.32751225E7
953 0
954 0
955 0
956 0
957 2440.0
958 5370841.5
959 4.9221917E7
960 0
961 3.02782815E7
962 3700.0
963 0
964 2464.0
965 3.4947972E7
966 5885675.5
967 0
968 0
969 0
970 0
971 7.829514E7
972 2479.5
973 0
974 0
975 0
976 415.0
977 0
978 0
979 3749.0
980 0
981 0
982 0
983 3797.0
984 0
985 0
986 2702.0
987 0
988 0
989 2631.0
990 3610.0
991 0
992 0
993 0
994 2446.0
995 0
996 0
997 0
998 0
999 421.0
1000 0
1001 0
1002 0
1003 0
1004 0
1005 0
1006 2478.0
1007 2483.0
1008 2369.0
1009 0
1010 0
1011 0
1012 0
1013 2426.0
1014 0
1015 0
1016 0
1017 0
1018 0
1019 0
1020 2192.0
1021 0
1022 2214.0
1023 0
1024 3609.0
1025 1.4696087E7
1026 3675561.0
1027 0
1028 0
1029 1976.0
1030 0
1031 876.0
1032 0
1033 0
1034 0
1035 0
1036 0
1037 0
1038 0
1039 0
1040 0
1041 0
1042 0
1043 0
1044 0
1045 2302.5
1046 0
1047 0
1048 0
1049 0
1050 943.0
1051 0
1052 1372.0
1053 0
1054 0
1055 0
1056 0
1057 0
1058 1.63737895E7
1059 0
1060 0
1061 0
1062 0
1063 1.0855721E7
1064 0
1065 2197.0
1066 0
1067 2832.0
1068 2628.0
1069 0
1070 0
1071 0
1072 0
1073 3000.0
1074 0
1075 0
1076 0
1077 0
1078 0
1079 3564.0
1080 0
1081 0
1082 0
1083 0
1084 0
1085 0
1086 0
1087 7.23604315E7
1088 2660.0
1089 528.0
1090 2775.0
1091 2716.0
1092 495.0
1093 0
1094 0
1095 0
1096 0
1097 0
1098 0
1099 0
1100 0
1101 0
1102 0
1103 2718.0
1104 546012.0
1105 0
1106 2021.0
1107 0
1108 3630.0
1109 4058.5
1110 14883.0
1111 0
1112 0
1113 0
1114 455.0
1115 2835.0
1116 0
1117 2541.0
1118 0
1119 0
1120 3686.0
1121 6.8780341E7
1122 0
1123 1.78769745E7
1124 0
1125 9.3295986E7
1126 1.62740025E7
1127 2276.0
1128 0
1129 0
1130 2063.6666666666665
1131 0
1132 0
1133 0
1134 0
1135 0
1136 0
1137 0
1138 0
1139 0
1140 377451.0
1141 0
1142 0
1143 0
1144 2521.0
1145 0
1146 3373708.0
1147 0
1148 4.373535E7
1149 0
1150 0
1151 1.6151253E7
1152 0
1153 0
1154 479.0
1155 0
1156 0
1157 0
1158 0
1159 0
1160 2471.0
1161 0
1162 7.9419594E7
1163 0
1164 0
1165 0
1166 0
1167 472.0
1168 2.9662607E7
1169 0
1170 0
1171 0
1172 821.0
1173 5301.0
1174 1.213054E7
1175 0
1176 2729.0
1177 6.2611539E7
1178 2448881.6666666665
1179 0
1180 3114.0
1181 584.0
1182 0
1183 0
1184 0
1185 9339479.0
1186 0
1187 6.7265313E7
1188 0
1189 0
1190 4098.0
1191 516.0
1192 8707933.0
1193 0
1194 7089801.5
1195 0
1196 0
1197 0
1198 0
1199 0
1200 0
1201 0
1202 0
1203 0
1204 0
1205 0
1206 0
1207 0
1208 0
1209 0
1210 0
1211 4.8625829E7
1212 0
1213 0
1214 2767.0
1215 0
1216 2869.0
1217 0
1218 0
1219 0
1220 0
1221 0
1222 2684.0
1223 2598.0
1224 0
1225 0
1226 3494.0
1227 0
1228 0
1229 0
1230 0
1231 3.86578355E7
1232 941.0
1233 4593.0
1234 0
1235 0
1236 0
1237 0
1238 2780.0
1239 0
1240 2816.0
1241 2767.0
1242 0
1243 0
1244 0
1245 0
1246 0
1247 0
1248 0
1249 0
1250 3536.0
1251 0
1252 0
1253 0
1254 2463.0
1255 0
1256 0
1257 0
1258 0
1259 0
1260 537.0
1261 0
1262 8385364.0
1263 2803.0
1264 0
1265 0
1266 2.0623091E7
1267 0
1268 0
1269 1.1793049E7
1270 0
1271 6.9826585E7
1272 0
1273 4622.0
1274 0
1275 0
1276 3270.0
1277 3659.6666666666665
1278 2553.0
1279 0
1280 7108.0
1281 0
1282 0
1283 0
1284 515.5
1285 0
1286 2331.0
1287 831945.0
1288 0
1289 3295.6666666666665
1290 0
1291 0
1292 0
1293 8.6038572E7
1294 0
1295 0
1296 5.18458485E7
1297 0
1298 0
1299 0
1300 0
1301 5.2685222E7
1302 2753.0
1303 0
1304 0
1305 1.10765766E8
1306 0
1307 0
1308 1607.5
1309 0
1310 0
1311 867.0
1312 0
1313 526.0
1314 0
1315 2768.5
1316 0
1317 0
1318 0
1319 0
1320 0
1321 0
1322 0
1323 0
1324 0
1325 0
1326 2777.0
1327 2868.0
1328 0
1329 539.0
1330 4288.0
1331 0
1332 1.08068101E8
1333 0
1334 0
1335 4.8977024E7
1336 0
1337 558.0
1338 2964.0
1339 2840.0
1340 0
1341 3396.0
1342 0
1343 0
1344 0
1345 0
1346 1.0267621E7
1347 0
1348 0
1349 3095.5
1350 0
1351 3027.0
1352 2799.0
1353 0
1354 0
1355 0
1356 2963.5
1357 0
1358 2964.0
1359 0
1360 4.7720736E7
1361 2673.0
1362 0
1363 0
1364 0
1365 0
1366 0
1367 4142849.0
1368 0
1369 0
1370 0
1371 0
1372 0
1373 0
1374 0
1375 0
1376 0
1377 0
1378 1.6248204E7
1379 0
1380 3119.0
1381 0
1382 0
1383 0
1384 0
1385 0
1386 3.0217291E7
1387 0
1388 4001.0
1389 0
1390 0
1391 0
1392 0
1393 6913301.0
1394 0
1395 0
1396 0
1397 3000.0
1398 530.0
1399 0
1400 0
1401 0
1402 0
1403 0
1404 0
1405 2864.0
1406 0
1407 0
1408 0
1409 0
1410 4.103204E7
1411 3835.5
1412 0
1413 0
1414 0
1415 2928.0
1416 5199.0
1417 0
1418 0
1419 564.0
1420 2.8623409E7
1421 0
1422 5.7210055E7
1423 1.19362115E7
1424 1662832.0
1425 0
1426 0
1427 0
1428 3894.5
1429 0
1430 1.9568516666666668E7
1431 0
1432 3119.0
1433 0
1434 0
1435 0
1436 4125.0
1437 0
1438 0
1439 43623.0
1440 0
1441 3067.0
1442 0
1443 0
1444 0
1445 4781.0
1446 0
1447 6.9017345E7
1448 0
1449 0
1450 3151.0
1451 2576.5
1452 3159.0
1453 0
1454 0
1455 4.71165845E7
1456 0
1457 568.0
1458 3271.0
1459 0
1460 0
1461 3.1704253666666668E7
1462 0
1463 3253.5
1464 0
1465 0
1466 0
1467 0
1468 0
1469 0
1470 0
1471 1.6050689E7
1472 0
1473 0
1474 0
1475 0
1476 0
1477 2.5769946E7
1478 0
1479 19615.0
1480 3147.0
1481 0
1482 3369.0
1483 0
1484 0
1485 0
1486 0
1487 3306.0
1488 0
1489 0
1490 0
1491 0
1492 2759.0
1493 3128.0
1494 5.7870799E7
1495 5.0620992E7
1496 0
1497 2847860.0
1498 0
1499 0
1500 0
1501 3489.0
1502 0
1503 0
1504 611.0
1505 0
1506 1911.5
1507 0
1508 0
1509 0
1510 1.19152685E7
1511 2980.0
1512 0
1513 3343.0
1514 0
1515 0
1516 0
1517 1055418.0
1518 3321.5
1519 0
1520 9.6772325E7
1521 602.0
1522 0
1523 0
1524 727.0
1525 5000.0
1526 0
1527 0
1528 0
1529 0
1530 0
1531 3428.3333333333335
1532 4148.0
1533 0
1534 3165.0
1535 0
1536 4942.0
1537 2727.0
1538 0
1539 0
1540 0
1541 0
1542 2118.5
1543 0
1544 0
1545 3818866.0
1546 0
1547 3.2015466E7
1548 0
1549 650.0
1550 3.4393208E7
1551 597.0
1552 0
1553 3129.0
1554 7.2379258E7
1555 0
1556 587.0
1557 4.9161133E7
1558 0
1559 0
1560 0
1561 0
1562 0
1563 0
1564 0
1565 0
1566 3533.0
1567 0
1568 0
1569 3778.0
1570 1.13246053E8
1571 5208.0
1572 6.0625965666666664E7
1573 0
1574 0
1575 3928.0
1576 3031.0
1577 2.71072735E7
1578 1405392.5
1579 2052.5
1580 0
1581 0
1582 6383533.0
1583 1.8860895E7
1584 1615.0
1585 5.6860873E7
1586 0
1587 3049.0
1588 0
1589 0
1590 0
1591 0
1592 0
1593 0
1594 0
1595 2.1028469333333332E7
1596 5479.0
1597 0
1598 0
1599 604.0
1600 1715254.0
1601 3411.0
1602 0
1603 0
1604 3266.0
1605 615.0
1606 0
1607 1.74066493E8
1608 1.171058E7
1609 0
1610 0
1611 0
1612 0
1613 617.0
1614 2.5783673E7
1615 0
1616 0
1617 0
1618 0
1619 0
1620 0
1621 0
1622 0
1623 744.3333333333334
1624 0
1625 4740.0
1626 0
1627 0
1628 0
1629 0
1630 0
1631 0
1632 0
1633 0
1634 0
1635 0
1636 2.63299575E7
1637 3536.0
1638 0
1639 0
1640 997.0
1641 3470.0
1642 0
1643 5225.0
1644 1.2681523E7
1645 0
1646 0
1647 0
1648 0
1649 0
1650 1.1014839E7
1651 0
1652 0
1653 0
1654 0
1655 0
1656 0
1657 0
1658 0
1659 0
1660 3538.0
1661 2.0299705E7
1662 0
1663 3578.0
1664 0
1665 0
1666 6926403.0
1667 0
1668 0
1669 3906.0
1670 0
1671 0
1672 0
1673 0
1674 0
1675 3154.0
1676 0
1677 0
1678 3753.0
1679 0
1680 0
1681 3589.0
1682 3506.0
1683 0
1684 0
1685 9.2844525E7
1686 0
1687 3771.0
1688 0
1689 0
1690 1.58864516E8
1691 3559.0
1692 0
1693 5.7333725E7
1694 3575.0
1695 0
1696 0
1697 1.5945334E7
1698 696754.0
1699 744.0
1700 0
1701 3.5430636E7
1702 0
1703 3532.0
1704 0
1705 1.5728599333333334E7
1706 0
1707 0
1708 5.1178385E7
1709 0
1710 3206.5
1711 1.9165278E7
1712 0
1713 0
1714 3627.0
1715 0
1716 0
1717 0
1718 3441.5
1719 0
1720 0
1721 0
1722 6.4553679E7
1723 0
1724 0
1725 0
1726 0
1727 0
1728 0
1729 0
1730 9382777.666666666
1731 9977763.5
1732 0
1733 0
1734 0
1735 3396.0
1736 0
1737 0
1738 0
1739 4.23674965E7
1740 0
1741 0
1742 0
1743 0
1744 0
1745 0
1746 0
1747 9965234.0
1748 0
1749 1.0928683E7
1750 0
1751 0
1752 0
1753 0
1754 0
1755 0
1756 0
1757 3376.0
1758 1.8026101E7
1759 3846.0
1760 0
1761 690.0
1762 1814.5
1763 0
1764 0
1765 5558.0
1766 3317.0
1767 0
1768 3489.5
1769 0
1770 0
1771 4838.0
1772 0
1773 3332.0
1774 673.0
1775 7.3367583E7
1776 0
1777 1.43968525E7
1778 0
1779 5453201.5
1780 0
1781 4773.0
1782 0
1783 2.4289097E7
1784 0
1785 2289.0
1786 0
1787 0
1788 0
1789 3507.0
1790 772.0
1791 0
1792 0
1793 3911.0
1794 4329.0
1795 0
1796 0
1797 3182.0
1798 0
1799 0
1800 1.22268488E8
1801 4.2839284E7
1802 0
1803 0
1804 0
1805 6058611.0
1806 3823.0
1807 7551916.0
1808 0
1809 0
1810 0
1811 0
1812 3510.0
1813 0
1814 0
1815 0
1816 706.0
1817 0
1818 0
1819 0
1820 0
1821 0
1822 0
1823 3871.0
1824 3815.0
1825 0
1826 2429.5
1827 3.4487857E7
1828 0
1829 0
1830 0
1831 0
1832 0
1833 0
1834 0
1835 0
1836 0
1837 5179.0
1838 0
1839 0
1840 1090465.0
1841 0
1842 0
1843 0
1844 0
1845 0
1846 0
1847 3343.0
1848 3927.0
1849 0
1850 0
1851 0
1852 3801327.0
1853 0
1854 3933.0
1855 3989.0
1856 0
1857 3945.0
1858 4181.0
1859 0
1860 703.0
1861 0
1862 6.8490263E7
1863 6081.0
1864 0
1865 3524.0
1866 0
1867 0
1868 3124.0
1869 0
1870 0
1871 720.0
1872 0
1873 4053.0
1874 0
1875 3834.5
1876 0
1877 1.8836953E7
1878 3929.0
1879 0
1880 0
1881 1627.0
1882 0
1883 4042.0
1884 0
1885 0
1886 0
1887 0
1888 0
1889 0
1890 728.0
1891 0
1892 0
1893 4245.0
1894 0
1895 0
1896 0
1897 0
1898 0
1899 0
1900 0
1901 0
1902 0
1903 728.0
1904 698.0
1905 0
1906 0
1907 1.0275141E7
1908 0
1909 8.9257174E7
1910 0
1911 7130355.5
1912 0
1913 0
1914 1.05382562E8
1915 0
1916 0
1917 0
1918 3608.0
1919 725.0
1920 2.12079005E7
1921 7164242.0
1922 1.03904845E8
1923 0
1924 0
1925 0
1926 4006.0
1927 0
1928 2.7460612E7
1929 4.2798289E7
1930 0
1931 0
1932 2108375.0
1933 0
1934 7887327.0
1935 4093.0
1936 0
1937 0
1938 0
1939 0
1940 0
1941 0
1942 0
1943 0
1944 0
1945 0
1946 0
1947 0
1948 4190.0
1949 5.0367078E7
1950 0
1951 1.13722899E8
1952 0
1953 3727.0
1954 2600.0
1955 0
1956 0
1957 0
1958 0
1959 0
1960 0
1961 9223808.5
1962 0
1963 5.8707807E7
1964 1.4377377E7
1965 0
1966 743.0
1967 0
1968 1.87409446E8
1969 4119.0
1970 0
1971 1.024105475E8
1972 0
1973 8.5933529E7
1974 0
1975 0
1976 0
1977 0
1978 5557.0
1979 0
1980 4146.0
1981 0
1982 0
1983 4049.0
1984 0
1985 2.9142558E7
1986 0
1987 740.0
1988 0
1989 1.1083024E8
1990 0
1991 4169.0
1992 0
1993 614972.0
1994 4010.0
1995 0
1996 1.65413985E7
1997 0
1998 4514.0
1999 0
2000 0
2001 4701.0
2002 6.3822577E7
2003 4374.0
2004 0
2005 754.0
2006 772.0
2007 0
2008 0
2009 0
2010 0
2011 753.0
2012 0
2013 0
2014 0
2015 0
2016 738.0
2017 4424.0
2018 3984.0
2019 4674.0
2020 0
2021 0
2022 0
2023 0
2024 4022.0
2025 0
2026 3375.0
2027 0
2028 0
2029 0
2030 0
2031 0
2032 0
2033 0
2034 1.9705959E7
2035 0
2036 0
2037 0
2038 3381.0
2039 0
2040 8.77886475E7
2041 0
2042 3835.0
2043 0
2044 4095.0
2045 7.9231843E7
2046 4591.0
2047 0
2048 0
2049 0
2050 3847.0
2051 0
2052 4390.0
2053 0
2054 0
2055 0
2056 0
2057 0
2058 2.5200035E7
2059 0
2060 0
2061 0
2062 0
2063 0
2064 0
2065 1.72611605E7
2066 9.4904227E7
2067 0
2068 788.0
2069 4381.0
2070 0
2071 0
2072 0
2073 0
2074 0
2075 0
2076 0
2077 0
2078 3937.0
2079 0
2080 0
2081 0
2082 0
2083 4845.0
2084 4356.0
2085 0
2086 0
2087 4230.5
2088 0
2089 4745.0
2090 0
2091 0
2092 0
2093 0
2094 0
2095 3.3041901E7
2096 3977.0
2097 0
2098 0
2099 4252.0
2100 0
2101 0
2102 0
2103 4619.0
2104 4458.0
2105 0
2106 0
2107 0
2108 4250.0
2109 0
2110 1.13010709E8
2111 5.57881685E7
2112 0
2113 0
2114 0
2115 0
2116 6.48728E7
2117 0
2118 779.0
2119 3825.0
2120 4247.5
2121 0
2122 0
2123 0
2124 0
2125 0
2126 0
2127 0
2128 0
2129 0
2130 35522.0
2131 4667.0
2132 0
2133 0
2134 1.2716424666666666E7
2135 0
2136 1.72152545E7
2137 0
2138 0
2139 0
2140 0
2141 0
2142 0
2143 4404.0
2144 0
2145 1.5709463E7
2146 0
2147 0
2148 0
2149 0
2150 2989.5
2151 0
2152 0
2153 5390.0
2154 2698.0
2155 0
2156 0
2157 792.0
2158 0
2159 0
2160 4381.0
2161 0
2162 0
2163 0
2164 0
2165 4364.0
2166 0
2167 0
2168 1.70222926E8
2169 0
2170 0
2171 0
2172 1.6577524E8
2173 4338.5
2174 0
2175 0
2176 0
2177 0
2178 790.0
2179 0
2180 3.0851493E7
2181 0
2182 0
2183 2395.0
2184 0
2185 0
2186 785.0
2187 3.45068135E7
2188 4623.0
2189 0
2190 0
2191 3524259.0
2192 0
2193 0
2194 1020.5
2195 2.1999492E7
2196 0
2197 6.02163355E7
2198 0
2199 0
2200 4906.0
2201 0
2202 1.08847485E8
2203 3185.5
2204 6655.0
2205 0
2206 0
2207 0
2208 1.4753725E7
2209 6198.0
2210 5041.0
2211 0
2212 4.7977969E7
2213 0
2214 0
2215 4552.0
2216 0
2217 2924665.5
2218 0
2219 4684.0
2220 0
2221 0
2222 0
2223 5463.0
2224 0
2225 0
2226 0
2227 0
2228 0
2229 0
2230 0
2231 0
2232 4895.0
2233 0
2234 0
2235 0
2236 0
2237 0
2238 8.369761E7
2239 1.22961315E8
2240 0
2241 0
2242 0
2243 0
2244 0
2245 0
2246 4608.0
2247 0
2248 0
2249 4596.0
2250 0
2251 0
2252 2403083.0
2253 0
2254 0
2255 0
2256 0
2257 0
2258 0
2259 0
2260 2.6533262E7
2261 0
2262 0
2263 4508.0
2264 0
2265 4630.0
2266 0
2267 0
2268 0
2269 0
2270 0
2271 0
2272 0
2273 0
2274 0
2275 0
2276 8.7406776E7
2277 8.2822369E7
2278 1227.0
2279 65981.0
2280 0
2281 0
2282 819758.0
2283 5.2202765E7
2284 4834.0
2285 0
2286 0
2287 4650.0
2288 4665.0
2289 4614.0
2290 0
2291 0
2292 0
2293 0
2294 0
2295 0
2296 0
2297 4183.0
2298 0
2299 4250.0
2300 0
2301 6.2253065E7
2302 0
2303 0
2304 0
2305 3959.3333333333335
2306 0
2307 0
2308 0
2309 0
2310 0
2311 0
2312 0
2313 4612.0
2314 0
2315 0
2316 20973.0
2317 6.7606801E7
2318 0
2319 0
2320 0
2321 7.1177837E7
2322 0
2323 0
2324 4707.0
2325 4.5713255E7
2326 0
2327 0
2328 0
2329 0
2330 0
2331 8.70816395E7
2332 0
2333 0
2334 0
2335 4919.0
2336 0
2337 6225.0
2338 4353.0
2339 0
2340 4226.0
2341 0
2342 6315397.5
2343 5092.0
2344 1.0321812E7
2345 0
2346 0
2347 6.91282275E7
2348 0
2349 6124.0
2350 0
2351 0
2352 5269.0
2353 0
2354 0
2355 0
2356 0
2357 0
2358 0
2359 0
2360 6000.0
2361 0
2362 0
2363 0
2364 0
2365 0
2366 0
2367 0
2368 0
2369 0
2370 0
2371 0
2372 4288.0
2373 0
2374 5.5269842E7
2375 926.0
2376 9.6393921E7
2377 1.0188860433333333E8
2378 0
2379 0
2380 0
2381 5014.0
2382 0
2383 0
2384 2794.5
2385 0
2386 0
2387 0
2388 5037.0
2389 0
2390 0
2391 0
2392 4.7228268E7
2393 0
2394 4076.0
2395 0
2396 0
2397 4747.0
2398 0
2399 3000.5
2400 886.0
2401 3910.0
2402 881.0
2403 0
2404 0
2405 0
2406 9148483.5
2407 4868.0
2408 3.7975213E7
2409 5171.0
2410 0
2411 0
2412 1678667.0
2413 2909.0
2414 0
2415 0
2416 0
2417 4627.0
2418 0
2419 0
2420 4.10518635E7
2421 3346.0
2422 0
2423 0
2424 0
2425 908.0
2426 4609.0
2427 0
2428 0
2429 0
2430 0
2431 0
2432 0
2433 0
2434 0
2435 0
2436 0
2437 8996.0
2438 4567.0
2439 0
2440 5152.0
2441 0
2442 7.5088939E7
2443 908.0
2444 0
2445 5720.5
2446 0
2447 0
2448 1.87213854E8
2449 0
2450 0
2451 0
2452 5098.0
2453 1.75014479E8
2454 0
2455 0
2456 858.0
2457 0
2458 4923.0
2459 28046.0
2460 0
2461 0
2462 4717.0
2463 7.1230461E7
2464 0
2465 0
2466 1.89845217E8
2467 0
2468 4995.0
2469 0
2470 4578.0
2471 4698.0
2472 4872.0
2473 2.079116E7
2474 0
2475 4998.0
2476 0
2477 0
2478 6237.0
2479 0
2480 0
2481 906.0
2482 0
2483 0
2484 0
2485 5279.0
2486 4.7686415E7
2487 0
2488 4530.0
2489 0
2490 0
2491 0
2492 0
2493 0
2494 0
2495 0
2496 0
2497 0
2498 0
2499 914.0
2500 0
2501 6215.0
2502 0
2503 9.8753825E7
2504 982.0
2505 1.4030189E7
2506 5097.0
2507 5007.0
2508 1.23483188E8
2509 4632.0
2510 0
2511 0
2512 0
2513 4947.0
2514 0
2515 0
2516 3490.0
2517 0
2518 0
2519 2135.0
2520 912.0
2521 41344.0
2522 0
2523 0
2524 5217.5
2525 0
2526 0
2527 0
2528 0
2529 1833026.5
2530 0
2531 0
2532 0
2533 0
2534 0
2535 1.03610392E8
2536 0
2537 0
2538 0
2539 0
2540 6089.5
2541 6.1057448E7
2542 0
2543 0
2544 0
2545 0
2546 0
2547 0
2548 2.4499818E7
2549 8.448340933333333E7
2550 0
2551 0
2552 0
2553 0
2554 2.7674966E7
2555 0
2556 1.39218474E8
2557 4674.0
2558 0
2559 3.4391546E7
2560 0
2561 0
2562 8830.0
2563 0
2564 0
2565 0
2566 5250.0
2567 0
2568 4702.0
2569 3.2336625E7
2570 5210.0
2571 0
2572 0
2573 0
2574 930.0
2575 4689.0
2576 0
2577 0
2578 0
2579 0
2580 1.8774259E7
2581 4548.0
2582 9.1123252E7
2583 5617.666666666667
2584 0
2585 0
2586 1.52984153E8
2587 0
2588 7.520071E7
2589 0
2590 0
2591 0
2592 0
2593 5.0307925E7
2594 0
2595 0
2596 0
2597 4657.0
2598 0
2599 938.0
2600 2.3666011E7
2601 0
2602 0
2603 0
2604 7308.0
2605 0
2606 4740.0
2607 4855.0
2608 0
2609 0
2610 5213.0
2611 5.8421873E7
2612 0
2613 0
2614 0
2615 0
2616 8740.0
2617 4741.0
2618 0
2619 0
2620 0
2621 5181.0
2622 5477.0
2623 0
2624 4990.0
2625 0
2626 0
2627 0
2628 5436.0
2629 4023.0
2630 0
2631 0
2632 0
2633 0
2634 959.0
2635 0
2636 0
2637 0
2638 0
2639 951.0
2640 5156.0
2641 0
2642 4292.0
2643 0
2644 3790.3333333333335
2645 0
2646 0
2647 0
2648 0
2649 0
2650 0
2651 5597.0
2652 0
2653 0
2654 9.4355661E7
2655 0
2656 0
2657 0
2658 0
2659 0
2660 0
2661 0
2662 2.06357471E8
2663 0
2664 5323.0
2665 1139.0
2666 0
2667 5760.0
2668 0
2669 0
2670 1.9379615E7
2671 0
2672 0
2673 0
2674 0
2675 5276.0
2676 0
2677 0
2678 0
2679 1.41609769E8
2680 0
2681 4811.0
2682 5422.0
2683 0
2684 3140.5
2685 0
2686 0
2687 1.24082296E8
2688 0
2689 0
2690 0
2691 5102.0
2692 0
2693 0
2694 950.0
2695 0
2696 0
2697 5278.0
2698 0
2699 1.57716873E8
2700 0
2701 0
2702 3.7591623E7
2703 0
2704 0
2705 0
2706 0
2707 0
2708 0
2709 4453.0
2710 0
2711 0
2712 1.1338427E8
2713 4853.0
2714 0
2715 5471.0
2716 4797.5
2717 0
2718 0
2719 5615.0
2720 0
2721 7.2283488E7
2722 1.56704866E8
2723 0
2724 0
2725 0
2726 0
2727 5338.0
2728 0
2729 0
2730 2.6032828E7
2731 2.4225067E7
2732 0
2733 5345.0
2734 2.1763676E7
2735 0
2736 4689325.0
2737 0
2738 1.72203123E8
2739 0
2740 1075.0
2741 0
2742 0
2743 0
2744 0
2745 0
2746 3.5729916E7
2747 4558.5
2748 5511.0
2749 0
2750 5.72816365E7
2751 1.79832724E8
2752 0
2753 5463.0
2754 5045.0
2755 0
2756 5458.0
2757 0
2758 1.31671209E8
2759 8927221.0
2760 4948.0
2761 0
2762 987.0
2763 3199.5
2764 0
2765 0
2766 9483220.0
2767 0
2768 0
2769 5468.0
2770 1.78229681E8
2771 0
2772 0
2773 0
2774 6.3973446E7
2775 3288.0
2776 0
2777 0
2778 0
2779 0
2780 0
2781 8.4522048E7
2782 5666.0
2783 0
2784 3.566373E7
2785 0
2786 0
2787 8.6080542E7
2788 46421.0
2789 9817941.5
2790 5549.0
2791 0
2792 5691.0
2793 0
2794 1.0149516E7
2795 0
2796 0
2797 3276.5
2798 0
2799 3.1306222666666668E7
2800 1008.0
2801 0
2802 0
2803 0
2804 0
2805 0
2806 0
2807 0
2808 0
2809 0
2810 0
2811 2.34621129E8
2812 7.200792E7
2813 7524.0
2814 0
2815 3.2972109E7
2816 5676.0
2817 5.3472342E7
2818 4975.0
2819 3.76112175E7
2820 1.0410109E8
2821 0
2822 1765.0
2823 0
2824 0
2825 8.24182725E7
2826 6.5369815E7
2827 0
2828 4874.0
2829 5655.0
2830 0
2831 0
2832 1.88829886E8
2833 9.3340852E7
2834 0
2835 4.2055522E7
2836 0
2837 6028.0
2838 0
2839 0
2840 4.3810009E7
2841 0
2842 0
2843 5627.0
2844 0
2845 0
2846 0
2847 15678.0
2848 5185.0
2849 0
2850 0
2851 0
2852 2.36804364E8
2853 0
2854 5667.0
2855 5815.0
2856 0
2857 0
2858 0
2859 0
2860 5165.0
2861 0
2862 0
2863 0
2864 0
2865 0
2866 5142.0
2867 1247.0
2868 1.60139992E8
2869 3.34312588E8
2870 0
2871 0
2872 0
2873 0
2874 3.93739595E7
2875 0
2876 2.18938057E8
2877 3.89109174E8
2878 5811.0
2879 0
2880 6953.0
2881 0
2882 1498423.0
2883 0
2884 0
2885 3232.5
2886 0
2887 0
2888 0
2889 0
2890 0
2891 6660.0
2892 0
2893 78943.0
2894 0
2895 5513.0
2896 2.8076404E7
2897 4654.0
2898 2910799.0
2899 0
2900 0
2901 0
2902 0
2903 0
2904 0
2905 1.6050388E7
2906 0
2907 0
2908 5953.0
2909 6360.0
2910 1040.0
2911 0
2912 0
2913 0
2914 5888.0
2915 0
2916 0
2917 5904.0
2918 1039.0
2919 8.6014964E7
2920 5871.0
2921 5.8581593E7
2922 0
2923 0
2924 5.433408675E7
2925 8.491637366666667E7
2926 0
2927 0
2928 4.8134273E7
2929 0
2930 0
2931 0
2932 0
2933 0
2934 0
2935 5559.0
2936 0
2937 0
2938 5921.0
2939 0
2940 5.9261486E7
2941 0
2942 0
2943 0
2944 4.9895865E7
2945 0
2946 0
2947 0
2948 0
2949 0
2950 0
2951 0
2952 87643.0
2953 1.65792632E8
2954 3252.5
2955 0
2956 7.27395366E8
2957 5351.0
2958 0
2959 0
2960 4.5020582E7
2961 0
2962 0
2963 0
2964 0
2965 1.0503403E7
2966 5870.0
2967 0
2968 5355.0
2969 0
2970 1.47337249E8
2971 0
2972 5.38024665E7
2973 0
2974 0
2975 0
2976 0
2977 5.4283122E7
2978 1065.0
2979 0
2980 6186.0
2981 0
2982 0
2983 1.23539965E7
2984 0
2985 0
2986 3705964.0
2987 1.06073606E8
2988 8.0695129E7
2989 1.2134804E7
2990 0
2991 0
2992 6034.0
2993 3.3991281E7
2994 0
2995 0
2996 0
2997 50857.0
2998 5299.0
2999 0
3000 0
3001 0
3002 0
3003 1.3171407E7
3004 3.1726795E7
3005 0
3006 0
3007 0
3008 0
3009 6199.0
3010 0
3011 0
3012 6427.0
3013 1047.0
3014 0
3015 2070.0
3016 0
3017 0
3018 0
3019 0
3020 0
3021 0
3022 0
3023 0
3024 0
3025 0
3026 0
3027 0
3028 0
3029 0
3030 5995.0
3031 6.4596612E7
3032 0
3033 0
3034 6424.0
3035 0
3036 0
3037 6332.0
3038 0
3039 0
3040 0
3041 0
3042 3.9841967E7
3043 7.2983605E7
3044 0
3045 0
3046 0
3047 0
3048 0
3049 6285.0
3050 0
3051 6250.0
3052 6063.0
3053 0
3054 2.11047984E8
3055 1.9467901775E8
3056 0
3057 0
3058 6300.0
3059 6473.0
3060 0
3061 0
3062 1093.0
3063 5770.0
3064 0
3065 0
3066 0
3067 1064.0
3068 0
3069 0
3070 6.41837E7
3071 0
3072 5513.0
3073 6.340477E7
3074 0
3075 0
3076 1.428738E7
3077 0
3078 0
3079 0
3080 0
3081 0
3082 0
3083 2.20525765E7
3084 6240.0
3085 0
3086 3595.5
3087 0
3088 8.5516631E7
3089 0
3090 0
3091 1164.0
3092 7.6245039E7
3093 0
3094 6518.0
3095 0
3096 5460150.0
3097 1844247.0
3098 0
3099 0
3100 5515.0
3101 0
3102 0
3103 3.6838444E7
3104 6186.0
3105 0
3106 0
3107 0
3108 1.85961766E8
3109 0
3110 0
3111 0
3112 0
3113 3.4748251E7
3114 0
3115 0
3116 0
3117 0
3118 0
3119 1.14170234E8
3120 5863.0
3121 6408.0
3122 5662.0
3123 6147.0
3124 1134.0
3125 0
3126 6470.0
3127 1.83181904E8
3128 5.1298414E7
3129 0
3130 0
3131 0
3132 0
3133 1.85216632E8
3134 6267.0
3135 0
3136 6168.0
3137 6593.0
3138 0
3139 0
3140 9017060.5
3141 0
3142 4.949002E7
3143 1.7696627333333332E7
3144 0
3145 0
3146 0
3147 0
3148 0
3149 1.68535925E8
3150 0
3151 0
3152 5.36622645E8
3153 0
3154 0
3155 0
3156 0
3157 7.17373865E7
3158 6130.0
3159 3.6746277E7
3160 0
3161 6232.0
3162 8222755.0
3163 9.784559966666667E7
3164 6208.0
3165 5971189.0
3166 1.08832025E8
3167 3.5591358E7
3168 0
3169 0
3170 0
3171 0
3172 0
3173 0
3174 0
3175 0
3176 6126.0
3177 6400.0
3178 0
3179 0
3180 0
3181 0
3182 0
3183 0
3184 0
3185 3.0906719333333332E7
3186 5911.0
3187 0
3188 0
3189 0
3190 0
3191 8428.5
3192 3.480659E7
3193 2.31427935E7
3194 0
3195 0
3196 0
3197 6619.0
3198 0
3199 6132.0
3200 0
3201 1.21750408E8
3202 0
3203 0
3204 0
3205 0
3206 0
3207 0
3208 0
3209 0
3210 8812.0
3211 0
3212 0
3213 6.5495969E7
3214 0
3215 2.9265395E7
3216 0
3217 0
3218 0
3219 0
3220 0
3221 0
3222 2.6283193E7
3223 0
3224 10130.0
3225 0
3226 0
3227 0
3228 0
3229 0
3230 2.26134862E8
3231 0
3232 5305.0
3233 1.34509047E8
3234 1160.0
3235 1.2691726333333334E7
3236 0
3237 0
3238 1.51932565E7
3239 0
3240 0
3241 1156.0
3242 8607.0
3243 0
3244 0
3245 0
3246 0
3247 1.1882851E8
3248 0
3249 0
3250 0
3251 0
3252 0
3253 1.8578017E7
3254 0
3255 4705168.0
3256 1.59049777E8
3257 6739.0
3258 0
3259 6355.0
3260 0
3261 0
3262 0
3263 6504.0
3264 0
3265 2.8160751E7
3266 0
3267 2.988240175E7
3268 0
3269 0
3270 7580.0
3271 1.0960605766666667E8
3272 0
3273 0
3274 0
3275 0
3276 4.00858305E7
3277 0
3278 0
3279 0
3280 9.447159E7
3281 11373.0
3282 0
3283 0
3284 0
3285 5.3144825E7
3286 0
3287 7.9543752E7
3288 0
3289 0
3290 0
3291 5308.0
3292 0
3293 0
3294 6878.0
3295 0
3296 6026.0
3297 0
3298 988031.5
3299 0
3300 0
3301 1.9984785E8
3302 0
3303 3.4940409E7
3304 0
3305 0
3306 3.5865731E7
3307 2.39350525E7
3308 0
3309 0
3310 1.433956825E8
3311 8530295.0
3312 1158.0
3313 0
3314 0
3315 9.49438155E7
3316 0
3317 1682943.0
3318 0
3319 6.3770693E7
3320 0
3321 0
3322 0
3323 6277.5
3324 5710.0
3325 6379.0
3326 6.6600644E7
3327 6161.0
3328 6687.0
3329 0
3330 0
3331 1185.0
3332 6148.0
3333 4.98548615E7
3334 1.455574205E8
3335 0
3336 0
3337 0
3338 5.72060725E7
3339 6510.0
3340 0
3341 1183.0
3342 6488.0
3343 0
3344 0
3345 0
3346 1.55395546E8
3347 0
3348 0
3349 0
3350 5123.0
3351 1511.0
3352 0
3353 6238.0
3354 1266.5
3355 0
3356 0
3357 1.43352314E8
3358 6.7018937E7
3359 0
3360 0
3361 0
3362 6529.0
3363 10330.0
3364 6505.0
3365 0
3366 0
3367 0
3368 1415.0
3369 0
3370 5978.0
3371 0
3372 0
3373 0
3374 0
3375 6668.0
3376 0
3377 0
3378 6637.0
3379 5936.0
3380 6067.0
3381 6861.0
3382 6723.0
3383 8.6801136E7
3384 3.1889989E7
3385 0
3386 0
3387 0
3388 9.0364638E7
3389 6023.0
3390 6670.0
3391 0
3392 0
3393 0
3394 0
3395 0
3396 0
3397 0
3398 7191.0
3399 0
3400 0
3401 0
3402 0
3403 16001.0
3404 0
3405 6674.0
3406 0
3407 6547.0
3408 5.3979196E7
3409 0
3410 7766.0
3411 0
3412 7.513818666666667E7
3413 11103.0
3414 6681.0
3415 4869.0
3416 0
3417 5938.0
3418 0
3419 0
3420 0
3421 0
3422 0
3423 0
3424 0
3425 0
3426 0
3427 6166.0
3428 0
3429 0
3430 0
3431 0
3432 1209.0
3433 0
3434 7894.0
3435 6512.0
3436 0
3437 0
3438 0
3439 2.5654121E7
3440 0
3441 1.03245421E8
3442 0
3443 77726.0
3444 6579.0
3445 0
3446 0
3447 0
3448 0
3449 0
3450 0
3451 6430.0
3452 7958.0
3453 0
3454 0
3455 0
3456 0
3457 0
3458 1.5998561E7
3459 0
3460 4020.0
3461 0
3462 6227.0
3463 0
3464 0
3465 6234.0
3466 0
3467 6611.0
3468 2.6267583E8
3469 0
3470 4.57276945E8
3471 1246.0
3472 0
3473 0
3474 6459.0
3475 7021.0
3476 1.33709029E8
3477 0
3478 0
3479 9.5720109E7
3480 3.849897E7
3481 0
3482 0
3483 0
3484 0
3485 0
3486 6901.0
3487 0
3488 0
3489 0
3490 7285.0
3491 1.11133336E8
3492 0
3493 0
3494 1231.0
3495 0
3496 6366.0
3497 0
3498 0
3499 0
3500 6.18640705E7
3501 0
3502 7052.0
3503 0
3504 2188.0
3505 0
3506 0
3507 6399.0
3508 0
3509 0
3510 0
3511 0
3512 0
3513 0
3514 0
3515 0
3516 0
3517 0
3518 0
3519 1236.0
3520 0
3521 8534.0
3522 0
3523 0
3524 0
3525 0
3526 86559.0
3527 5954.0
3528 0
3529 0
3530 0
3531 0
3532 0
3533 6319.0
3534 0
3535 0
3536 5.5986047E7
3537 1.42990818E8
3538 0
3539 1261.0
3540 0
3541 5933.0
3542 8.1988329E7
3543 0
3544 6554.0
3545 0
3546 0
3547 0
3548 0
3549 0
3550 0
3551 0
3552 1.9700602E8
3553 0
3554 26382.0
3555 1602.0
3556 0
3557 0
3558 1.66981475E7
3559 0
3560 19804.0
3561 3.10887813E8
3562 7337.0
3563 0
3564 7230.5
3565 0
3566 1.0409371E7
3567 0
3568 0
3569 0
3570 0
3571 0
3572 0
3573 6881.0
3574 0
3575 0
3576 0
3577 1.00118906E8
3578 0
3579 0
3580 1.29511974E8
3581 1.7909434E8
3582 0
3583 1997475.5
3584 6297.0
3585 0
3586 0
3587 0
3588 0
3589 0
3590 6311.0
3591 5144.0
3592 7556479.5
3593 0
3594 0
3595 6923.0
3596 0
3597 0
3598 1.42635604E8
3599 0
3600 0
3601 6850.5
3602 3906.0
3603 0
3604 0
3605 0
3606 7414.0
3607 1276.0
3608 2.1907026E7
3609 0
3610 0
3611 0
3612 6947.0
3613 6693.0
3614 0
3615 2.960642E7
3616 0
3617 0
3618 0
3619 2382.0
3620 0
3621 1.0927697E7
3622 0
3623 0
3624 0
3625 0
3626 1.79705758E8
3627 0
3628 0
3629 0
3630 0
3631 0
3632 0
3633 0
3634 4029015.0
3635 0
3636 0
3637 1.72294226E8
3638 0
3639 0
3640 1279.0
3641 0
3642 0
3643 0
3644 0
3645 1.50890785E7
3646 0
3647 2.92231349E8
3648 0
3649 0
3650 8556565.0
3651 0
3652 0
3653 0
3654 0
3655 0
3656 0
3657 7224.0
3658 0
3659 0
3660 0
3661 1335.0
3662 0
3663 0
3664 2.6047459E7
3665 0
3666 7017.0
3667 5.8497996E7
3668 7282.5
3669 0
3670 0
3671 0
3672 7052330.0
3673 0
3674 7148.0
3675 2.43508935E8
3676 6316.0
3677 1.91273905E7
3678 0
3679 1.67389484E8
3680 4.6578346E8
3681 0
3682 1.46757886E8
3683 0
3684 0
3685 0
3686 0
3687 3.7886597E7
3688 0
3689 7.33867755E7
3690 0
3691 1.9269465E7
3692 0
3693 7332.0
3694 0
3695 1384.0
3696 0
3697 0
3698 0
3699 5777.0
3700 1.62949874E8
3701 0
3702 0
3703 0
3704 6307.0
3705 0
3706 0
3707 0
3708 0
3709 7325.0
3710 8276.0
3711 0
3712 0
3713 0
3714 0
3715 0
3716 1303.0
3717 0
3718 0
3719 0
3720 0
3721 7151.0
3722 0
3723 16259.0
3724 39365.0
3725 0
3726 3127.0
3727 0
3728 7240.0
3729 7135.0
3730 1308.5
3731 0
3732 0
3733 6113.0
3734 0
3735 0
3736 0
3737 0
3738 7380.0
3739 1323.0
3740 2.5231855E7
3741 1.34969998E8
3742 1282.0
3743 0
3744 0
3745 6365.0
3746 9.99896555E7
3747 0
3748 0
3749 1.23754217E8
3750 0
3751 0
3752 0
3753 0
3754 0
3755 0
3756 0
3757 0
3758 0
3759 2.02889512E8
3760 13998.0
3761 0
3762 0
3763 3.23647393E8
3764 0
3765 0
3766 0
3767 0
3768 0
3769 0
3770 0
3771 0
3772 8439214.0
3773 60552.0
3774 1292.0
3775 14291.0
3776 0
3777 0
3778 0
3779 7205.0
3780 0
3781 0
3782 1330.0
3783 3.99170744E8
3784 0
3785 0
3786 7250.0
3787 0
3788 0
3789 0
3790 8.03174215E7
3791 0
3792 0
3793 7167.0
3794 0
3795 0
3796 0
3797 2.31462487E8
3798 0
3799 0
3800 0
3801 0
3802 6830.0
3803 0
3804 0
3805 3.0841242E7
3806 0
3807 0
3808 0
3809 8497.5
3810 0
3811 0
3812 7645.0
3813 1334.0
3814 2278.0
3815 0
3816 0
3817 0
3818 0
3819 0
3820 0
3821 0
3822 0
3823 0
3824 7616.0
3825 0
3826 0
3827 0
3828 0
3829 7303.0
3830 0
3831 0
3832 0
3833 7683.5
3834 0
3835 0
3836 0
3837 0
3838 0
3839 0
3840 0
3841 0
3842 0
3843 0
3844 0
3845 0
3846 7553.5
3847 0
3848 0
3849 0
3850 0
3851 8253006.6
3852 1.34991627E8
3853 0
3854 0
3855 0
3856 0
3857 0
3858 0
3859 6756.0
3860 4.84624608E8
3861 7103.0
3862 0
3863 0
3864 7432.0
3865 1.80247909E8
3866 0
3867 0
3868 0
3869 0
3870 0
3871 0
3872 0
3873 0
3874 0
3875 0
3876 0
3877 4467.5
3878 0
3879 0
3880 7.78073893E8
3881 0
3882 7566.0
3883 0
3884 0
3885 5.4298225E7
3886 0
3887 7.826571966666667E7
3888 0
3889 0
3890 0
3891 7807.0
3892 7209.0
3893 0
3894 9.083925533333333E7
3895 0
3896 7848.0
3897 1.35829433E8
3898 2.1214862E7
3899 0
3900 6.4382994E7
3901 0
3902 1.41252377E8
3903 4490.5
3904 0
3905 4464016.0
3906 0
3907 0
3908 2.010899565E8
3909 0
3910 3.54732526E8
3911 0
3912 0
3913 0
3914 0
3915 12089.0
3916 7771.0
3917 0
3918 0
3919 1.68972352E8
3920 104809.0
3921 0
3922 0
3923 7786.0
3924 7733.0
3925 4329.0
3926 0
3927 0
3928 0
3929 8070.0
3930 1475.0
3931 0
3932 4.1450309E7
3933 0
3934 3.72863988E8
3935 7086.0
3936 0
3937 0
3938 8354.0
3939 7188.0
3940 0
3941 7.1191983E7
3942 0
3943 7699.0
3944 0
3945 0
3946 0
3947 0
3948 0
3949 1392.0
3950 6.08428E7
3951 0
3952 0
3953 0
3954 0
3955 0
3956 0
3957 0
3958 1.74439704E8
3959 0
3960 0
3961 0
3962 0
3963 2.17196365E8
3964 0
3965 7191.0
3966 0
3967 0
3968 7914.0
3969 5962644.0
3970 0
3971 0
3972 8.4170048E7
3973 0
3974 0
3975 2460.0
3976 0
3977 0
3978 7939.0
3979 0
3980 0
3981 7651.0
3982 0
3983 2.33206698E8
3984 0
3985 4.55155138E8
3986 5282.0
3987 0
3988 7223.0
3989 0
3990 0
3991 0
3992 8083.0
3993 0
3994 0
3995 0
3996 0
3997 0
3998 0
3999 0
4000 0
4001 0
4002 7.1922964E7
4003 0
4004 0
4005 0
4006 7713.0
4007 0
4008 0
4009 7752.0
4010 0
4011 4461.0
4012 0
4013 0
4014 0
4015 3.51717746E8
4016 0
4017 0
4018 0
4019 1478.0
4020 0
4021 1.5034555333333334E7
4022 1.29213994E8
4023 8482.0
4024 0
4025 1.64179015E8
4026 0
4027 0
4028 0
4029 5969.5
4030 1.43838351E8
4031 1.12043841E8
4032 0
4033 0
4034 0
4035 7519.0
4036 0
4037 0
4038 25898.0
4039 1.50436478E8
4040 1.03089474E8
4041 0
4042 11767.0
4043 0
4044 2.6450448333333332E7
4045 0
4046 0
4047 0
4048 11071.0
4049 7281.5
4050 0
4051 1427.0
4052 8059.0
4053 0
4054 9.5593619E7
4055 20588.5
4056 0
4057 0
4058 0
4059 1.5628014E8
4060 1.87422991E8
4061 11362.0
4062 2.5696872E7
4063 8099.5
4064 0
4065 1.655075315E8
4066 0
4067 0
4068 6.9534116E7
4069 0
4070 2.325972625E8
4071 0
4072 0
4073 0
4074 0
4075 0
4076 8.4516612E7
4077 0
4078 0
4079 0
4080 0
4081 8159.0
4082 0
4083 5706.0
4084 0
4085 7070.0
4086 0
4087 8177.0
4088 0
4089 2.604119E7
4090 4.05087449E8
4091 1.177966925E8
4092 0
4093 5.92879135E7
4094 7822.0
4095 0
4096 2.75618315E8
4097 0
4098 0
4099 0
4100 7561.0
4101 2.67061588E8
4102 0
4103 5155.0
4104 0
4105 0
4106 7752.0
4107 0
4108 0
4109 7916.0
4110 0
4111 0
4112 6396.0
4113 3067490.5
4114 0
4115 2.11809374E8
4116 0
4117 7900.0
4118 0
4119 8122.0
4120 0
4121 0
4122 0
4123 0
4124 7423.0
4125 0
4126 0
4127 0
4128 4.6391187E7
4129 0
4130 8140.0
4131 0
4132 0
4133 0
4134 0
4135 0
4136 0
4137 0
4138 0
4139 0
4140 0
4141 0
4142 7824.0
4143 0
4144 0
4145 0
4146 2318.0
4147 7943.0
4148 0
4149 0
4150 0
4151 6257.0
4152 0
4153 2.34636494E8
4154 7207.0
4155 7281.0
4156 0
4157 0
4158 0
4159 2.938787E7
4160 5.28501485E7
4161 6322.0
4162 0
4163 7322.0
4164 1.729647515E8
4165 0
4166 7.0080783E7
4167 0
4168 0
4169 0
4170 0
4171 1.7817798E7
4172 4.8720829E7
4173 1.36858023E8
4174 7980.0
4175 0
4176 0
4177 0
4178 8142.0
4179 11583.0
4180 0
4181 7679.0
4182 1.1104999E7
4183 2.15845371E8
4184 6037416.0
4185 7992.0
4186 7978.0
4187 0
4188 0
4189 0
4190 1532.0
4191 0
4192 0
4193 0
4194 0
4195 6.13536847E8
4196 0
4197 1.29925297E8
4198 0
4199 1465.0
4200 9.2732211E7
4201 0
4202 8363.5
4203 0
4204 9012.0
4205 0
4206 0
4207 51170.0
4208 1467.0
4209 8112.0
4210 0
4211 3.0245520666666668E7
4212 3.358053E7
4213 0
4214 0
4215 0
4216 0
4217 0
4218 1238178.0
4219 0
4220 0
4221 0
4222 0
4223 0
4224 0
4225 9062.0
4226 0
4227 0
4228 7524.0
4229 0
4230 8094.0
4231 0
4232 0
4233 0
4234 0
4235 7.92312285E7
4236 2.0619507E7
4237 0
4238 0
4239 9.5128286E7
4240 0
4241 0
4242 0
4243 2.23654567E8
4244 7831.0
4245 0
4246 8256.0
4247 5.345192E7
4248 0
4249 2995.0
4250 9.0844596E7
4251 0
4252 7556.0
4253 0
4254 1515.0
4255 0
4256 0
4257 0
4258 0
4259 0
4260 0
4261 1.894382E7
4262 6439.666666666667
4263 0
4264 0
4265 0
4266 0
4267 8432.0
4268 0
4269 0
4270 0
4271 0
4272 0
4273 4546.0
4274 0
4275 0
4276 0
4277 0
4278 2.37243886E8
4279 8479.0
4280 0
4281 0
4282 0
4283 0
4284 0
4285 846664.0
4286 0
4287 1.7606532E7
4288 8184.0
4289 8458.0
4290 0
4291 8347.0
4292 1.31151436E8
4293 0
4294 2.64796265E8
4295 9.9590431E7
4296 8375.0
4297 1.32913975E7
4298 0
4299 0
4300 0
4301 8097555.0
4302 1.09486994E8
4303 0
4304 2.180389E7
4305 0
4306 0
4307 0
4308 0
4309 0
4310 0
4311 0
4312 0
4313 0
4314 0
4315 1.15448428E8
4316 2.95820449E8
4317 0
4318 0
4319 0
4320 7545.5
4321 0
4322 1.036595315E8
4323 0
4324 3.8062902E7
4325 0
4326 0
4327 0
4328 3.08944933E8
4329 7774.0
4330 0
4331 0
4332 8695.0
4333 0
4334 0
4335 0
4336 0
4337 8282.0
4338 0
4339 1.61984824E8
4340 7587.0
4341 0
4342 0
4343 0
4344 0
4345 0
4346 0
4347 0
4348 5309.5
4349 0
4350 0
4351 0
4352 0
4353 0
4354 0
4355 0
4356 0
4357 10035.0
4358 7049198.5
4359 0
4360 0
4361 0
4362 0
4363 0
4364 8260.0
4365 3.24463445E8
4366 0
4367 0
4368 4.5322435E7
4369 8.33259195E7
4370 0
4371 4.18573005E7
4372 5125.5
4373 0
4374 0
4375 0
4376 1.65458758E8
4377 0
4378 0
4379 0
4380 0
4381 2.64268349E8
4382 8.61711015E7
4383 0
4384 0
4385 7.304992133333333E7
4386 0
4387 8296.0
4388 0
4389 4.94759619E8
4390 8322.0
4391 0
4392 5.00264341E8
4393 8418.0
4394 0
4395 0
4396 0
4397 0
4398 0
4399 0
4400 8332.0
4401 1.1978121E7
4402 0
4403 0
4404 0
4405 0
4406 8673.0
4407 1.68841855E8
4408 2.28233535E8
4409 0
4410 1.03302595E7
4411 0
4412 0
4413 0
4414 0
4415 0
4416 0
4417 8739.0
4418 0
4419 8.663505E7
4420 2.67878911E8
4421 7628.0
4422 1.2892295333333334E7
4423 0
4424 8479.0
4425 0
4426 0
4427 0
4428 0
4429 0
4430 0
4431 0
4432 0
4433 0
4434 8321.0
4435 0
4436 1.11341123E8
4437 0
4438 8491.0
4439 0
4440 4917496.5
4441 9715.0
4442 0
4443 0
4444 1.9553775E7
4445 0
4446 0
4447 8519.0
4448 7828.0
4449 6921.0
4450 8841.0
4451 0
4452 0
4453 4663.0
4454 0
4455 0
4456 0
4457 0
4458 1.40935808E8
4459 0
4460 0
4461 0
4462 8008.0
4463 0
4464 0
4465 9088.0
4466 0
4467 0
4468 0
4469 1540.0
4470 0
4471 0
4472 0
4473 0
4474 8493.0
4475 0
4476 1.6155806E7
4477 0
4478 8130.0
4479 6.8761273E7
4480 0
4481 0
4482 0
4483 2.11139852E8
4484 0
4485 0
4486 0
4487 0
4488 0
4489 2.6421165E7
4490 9570.5
4491 0
4492 0
4493 2.08337903E8
4494 7.41121243E8
4495 2.01180388E8
4496 0
4497 0
4498 0
4499 0
4500 0
4501 171864.0
4502 0
4503 0
4504 0
4505 0
4506 1519.0
4507 13717.0
4508 0
4509 8488.0
4510 0
4511 5123.0
4512 0
4513 9152.0
4514 0
4515 0
4516 0
4517 7835.0
4518 9573.0
4519 0
4520 0
4521 0
4522 0
4523 0
4524 0
4525 0
4526 8808.0
4527 1563.0
4528 0
4529 11244.0
4530 9065.0
4531 0
4532 8590.0
4533 0
4534 0
4535 0
4536 0
4537 0
4538 0
4539 0
4540 0
4541 6.4684561E7
4542 9434.0
4543 0
4544 0
4545 0
4546 1584.0
4547 9340.0
4548 5234.5
4549 1578.0
4550 1.01781498E8
4551 8934.0
4552 0
4553 0
4554 0
4555 0
4556 2.1446277E7
4557 0
4558 0
4559 0
4560 0
4561 0
4562 0
4563 0
4564 1.23563022E8
4565 0
4566 0
4567 8846.0
4568 0
4569 3.3895984E7
4570 7.33730495E8
4571 8893.0
4572 0
4573 0
4574 2.00068653E8
4575 7.9060739E7
4576 9.2171069E7
4577 9464.0
4578 8033.0
4579 9092.0
4580 8750.0
4581 1717.0
4582 9008.0
4583 0
4584 0
4585 0
4586 0
4587 0
4588 0
4589 0
4590 0
4591 3.5651743E7
4592 0
4593 8708.0
4594 8858.0
4595 0
4596 0
4597 0
4598 7932.0
4599 1.659330605E8
4600 7936.0
4601 0
4602 15913.0
4603 0
4604 0
4605 7369.0
4606 2418338.0
4607 0
4608 0
4609 0
4610 0
4611 0
4612 0
4613 567132.0
4614 8.3781366E7
4615 0
4616 0
4617 0
4618 0
4619 0
4620 0
4621 8858.0
4622 8057.0
4623 0
4624 0
4625 0
4626 7869.0
4627 2.74930047E8
4628 0
4629 0
4630 0
4631 0
4632 0
4633 0
4634 0
4635 8705.0
4636 9.9932703E7
4637 0
4638 1.29547976E8
4639 0
4640 9011.0
4641 0
4642 0
4643 8871.0
4644 0
4645 8.32202638E8
4646 0
4647 0
4648 0
4649 8250.0
4650 9.15991443E8
4651 0
4652 0
4653 0
4654 0
4655 0
4656 0
4657 7.5276902E7
4658 8833.0
4659 1607.0
4660 0
4661 0
4662 6.6046047333333336E7
4663 9240.0
4664 0
4665 2.1804414E7
4666 1604.0
4667 8742.0
4668 0
4669 9060.0
4670 0
4671 8822.0
4672 0
4673 2.55935902E8
4674 0
4675 0
4676 0
4677 0
4678 0
4679 1635.0
4680 0
4681 0
4682 0
4683 0
4684 0
4685 0
4686 298195.0
4687 1577.0
4688 0
4689 6.7929535E7
4690 8757.0
4691 2.45313102E8
4692 0
4693 0
4694 0
4695 8805.0
4696 0
4697 0
4698 0
4699 0
4700 8384.0
4701 5852.5
4702 0
4703 0
4704 8865.0
4705 1.0109512E7
4706 0
4707 1.43698451E8
4708 4.75673468E8
4709 0
4710 0
4711 0
4712 2204831.0
4713 9.21675903E8
4714 0
4715 8749.0
4716 0
4717 0
4718 9011.0
4719 9053.0
4720 0
4721 2.230536025E8
4722 0
4723 1626.0
4724 1.124647905E8
4725 0
4726 1871.0
4727 9062.5
4728 0
4729 0
4730 0
4731 0
4732 0
4733 0
4734 2.79537711E8
4735 0
4736 0
4737 0
4738 1646.0
4739 0
4740 0
4741 6925255.0
4742 2206548.0
4743 3.50375062E8
4744 0
4745 7.1630391E7
4746 9132.0
4747 0
4748 0
4749 0
4750 8350.0
4751 0
4752 0
4753 0
4754 0
4755 0
4756 0
4757 8037.5
4758 8849.0
4759 0
4760 1.69718451E8
4761 0
4762 0
4763 0
4764 0
4765 1.327701518E9
4766 0
4767 8744.0
4768 0
4769 1650.0
4770 0
4771 0
4772 0
4773 0
4774 0
4775 9052.0
4776 8250.0
4777 9094.5
4778 10525.0
4779 8371.0
4780 0
4781 5618.0
4782 1.056497735E8
4783 0
4784 1.09038705E8
4785 0
4786 1.7624354E8
4787 0
4788 0
4789 9063.0
4790 12608.0
4791 1.45265838E8
4792 1.156875025E8
4793 9279.0
4794 2241902.0
4795 6984756.5
4796 0
4797 0
4798 0
4799 0
4800 0
4801 0
4802 0
4803 0
4804 0
4805 0
4806 0
4807 0
4808 0
4809 0
4810 9025.0
4811 0
4812 2.4369513E7
4813 0
4814 0
4815 0
4816 1.13986407E8
4817 6797569.5
4818 8382.0
4819 8331.0
4820 0
4821 9446.0
4822 0
4823 8036.5
4824 0
4825 0
4826 0
4827 0
4828 0
4829 0
4830 0
4831 0
4832 0
4833 4.43778305E7
4834 3.10891786E8
4835 8578.0
4836 0
4837 0
4838 39544.0
4839 9354.0
4840 116497.0
4841 0
4842 0
4843 0
4844 0
4845 0
4846 2.7034417E7
4847 8439.0
4848 0
4849 8.75028945E7
4850 0
4851 2.20589591E8
4852 0
4853 1.18027858E8
4854 0
4855 0
4856 6199.5
4857 0
4858 0
4859 0
4860 9401.0
4861 0
4862 0
4863 0
4864 0
4865 0
4866 0
4867 8.39264275E7
4868 7.79598648E8
4869 0
4870 0
4871 16908.0
4872 0
4873 1.40744057E8
4874 0
4875 8477.0
4876 0
4877 0
4878 9290.0
4879 0
4880 0
4881 4.85505607E8
4882 0
4883 3.4914209E7
4884 0
4885 39255.0
4886 0
4887 0
4888 0
4889 0
4890 0
4891 0
4892 8546.0
4893 0
4894 9400.0
4895 8583.0
4896 0
4897 0
4898 9298.0
4899 1.54862581E8
4900 0
4901 0
4902 0
4903 0
4904 186263.0
4905 0
4906 0
4907 0
4908 0
4909 0
4910 8.81274642E8
4911 0
4912 0
4913 0
4914 8495.0
4915 7738.0
4916 4.113349515E8
4917 2.27935548E8
4918 0
4919 1719.0
4920 0
4921 0
4922 0
4923 2.02826822E8
4924 0
4925 0
4926 0
4927 3172.0
4928 0
4929 0
4930 2851234.0
4931 0
4932 5.9839017E7
4933 0
4934 0
4935 0
4936 9364.0
4937 0
4938 0
4939 0
4940 9342.0
4941 1.41533814E8
4942 2.60102185E7
4943 0
4944 25997.0
4945 0
4946 1722.0
4947 0
4948 0
4949 9407.0
4950 9644.0
4951 0
4952 0
4953 0
4954 1.00985256E8
4955 0
4956 0
4957 9854.0
4958 0
4959 0
4960 0
4961 0
4962 1718.0
4963 9437.0
4964 0
4965 8879.0
4966 8695.0
4967 0
4968 2.00856809E8
4969 9646.0
4970 0
4971 0
4972 0
4973 0
4974 0
4975 0
4976 0
4977 0
4978 0
4979 0
4980 0
4981 2.01554987E8
4982 0
4983 0
4984 0
4985 0
4986 8787.0
4987 0
4988 9709.0
4989 1.2885197E8
4990 0
4991 0
4992 0
4993 0
4994 0
4995 0
4996 0
4997 0
4998 0
4999 0
