1 176.55774550484094
2 254.56301089918256
3 475.7907921462424
4 578.4490693739425
5 995.6357069143447
6 613.4023109243698
7 864.5217993079585
8 717.9162663006177
9 1321.8465163244698
10 1462.9980191482337
11 1025.2093913043477
12 1752.0635395874917
13 1568.0407193756362
14 1922.8497528830312
15 1846.144340254521
16 1952.1021996615905
17 1591.8600552868004
18 2461.6763787721125
19 2538.546308724832
20 3058.274347969627
21 2599.1444591029026
22 2406.1492234976367
23 2934.761337305528
24 2493.899967094439
25 2849.98282127519
26 3400.9576300378917
27 2592.9058265582657
28 3641.8551587301586
29 3724.7488199595414
30 4055.787049399199
31 4155.8153526970955
32 4014.368585298197
33 3919.023605884365
34 4469.332870531066
35 4076.5538358008075
36 3799.7825196312733
37 4492.315682967959
38 4783.286734693877
39 4068.5536309127247
40 4445.61198630137
41 5196.50633344745
42 4118.686394557823
43 5091.342277261782
44 5096.846785225718
45 5559.0437834224595
46 5682.251796099898
47 6118.296489398679
48 4518.184157075152
49 5871.624791179419
50 5970.551505016722
51 5817.17716802168
52 6133.3145718232045
53 6094.021155137676
54 6453.993265993266
55 6992.781671159029
56 6396.989181879649
57 7727.683574879227
58 7253.0768974700395
59 7225.089496791625
60 7282.674410659378
61 9347.998917358354
62 8175.5073554567225
63 7319.116355293347
64 7551.188791593695
65 7989.33477825942
66 8563.874297055905
67 7600.7799860529985
68 8319.651455026455
69 8740.785208775655
70 8125.40249662618
71 9498.113882507385
72 8852.001039861352
73 9319.640161725067
74 8784.47074829932
75 8589.446967129787
76 9266.872464764523
77 8950.644866385373
78 8830.390524534687
79 10176.747586206897
80 9172.060199518404
81 9014.202948234488
82 9985.327439646378
83 10891.386230636834
84 10571.55616815989
85 9805.337313432836
86 10228.794854660875
87 9706.565188396133
88 10190.63611491108
89 9535.447165380745
90 11543.651869975532
91 11690.159220691972
92 11048.245671349232
93 11649.88218988219
94 11611.28143100511
95 11025.140133779265
96 12128.14251455978
97 11943.788109229174
98 12719.835111876077
99 12719.629856850715
100 12931.666778298728
101 12922.763253210405
102 13123.320054017555
103 12225.567641996558
104 13132.27446954141
105 14643.23488372093
106 12560.234939759037
107 12307.092747559274
108 12999.565231898565
109 12857.19376083189
110 13640.579557069846
111 13985.441729943876
112 14451.873413493655
113 13504.496375560924
114 13359.909766813113
115 13353.232258064516
116 14322.316768086544
117 13263.504412763068
118 13622.43632639126
119 15519.663661581137
120 16123.140173913043
121 15202.478863478864
122 14898.545850066934
123 14723.108954715697
124 14918.435317592284
125 15756.632367972743
126 15192.972593353888
127 16437.88255146811
128 15795.750838363514
129 16230.579626485569
130 16357.38123752495
131 16346.538124156545
132 16092.923812777588
133 16275.044776119403
134 15731.151237707698
135 15965.808496060296
136 17234.125430737422
137 17390.50340599455
138 17504.229794520546
139 16370.498638529612
140 16639.480186480185
141 17769.654055896386
142 17076.648897663705
143 17424.16886632826
144 17808.71654061164
145 17624.70472854641
146 18108.218316998988
147 18318.66619519095
148 18923.01541623844
149 18462.78938297139
150 17716.523024054983
151 18328.401694915254
152 19566.818394648828
153 18841.636515353806
154 17922.69212410501
155 19904.249407783416
156 19276.517074853396
157 18938.4820650352
158 19577.21872887086
159 19808.529036589458
160 20164.613582342954
161 18203.052899287894
162 18426.39198664441
163 20482.451546391752
164 19311.387933830683
165 19721.08805668016
166 20057.44573776104
167 20673.827388963662
168 20448.224829931973
169 19836.136813374276
170 21257.928571428572
171 20338.443374294253
172 19873.403375818118
173 19740.340555179417
174 20671.837847344355
175 21439.450855417646
176 20217.472459016393
177 22220.02666216672
178 20683.74826101358
179 21622.41969273743
180 22342.849069373944
181 21938.51455026455
182 23155.87068381855
183 21373.756989989644
184 21880.473454301075
185 23337.694407008086
186 22705.16965157929
187 22977.707283396616
188 23106.701048359824
189 22555.67278287462
190 23997.415240013426
191 23908.2441584829
192 23903.40170068027
193 24411.287910552062
194 23310.518147251987
195 25114.43190266982
196 23667.076842472932
197 24370.256027164687
198 24661.458550121402
199 24071.867651998655
200 24428.608858603067
201 24575.46855345912
202 24073.897418706
203 23786.05678022712
204 25142.805042016807
205 25449.633973710817
206 24718.411905576464
207 26391.1783927976
208 25787.403153925265
209 25783.575257731958
210 26084.256383712906
211 25649.41366417403
212 26705.771570014145
213 24861.267116357503
214 26444.046211348963
215 26091.386760752688
216 29318.961898395723
217 25673.556830031284
218 27227.477717758273
219 27227.15933694181
220 26861.868305826876
221 26636.541302887843
222 27060.052719386054
223 26118.61380985427
224 28819.972945205478
225 27507.18815697267
226 30697.0667802385
227 30276.1567839196
228 28420.024716098866
229 29859.076458752515
230 29140.291281373844
231 28046.535509929316
232 28740.48594649509
233 31573.622795558458
234 28962.33846153846
235 29010.823069071113
236 27560.675703151475
237 28778.018054162487
238 29545.00203596878
239 28416.404660321627
240 28976.254955570745
241 30169.029055690073
242 31808.71383975026
243 30020.057142857142
244 29772.423246357168
245 30572.011414735385
246 33261.26641841571
247 29568.75075885329
248 31744.41764508554
249 30143.271978021978
250 30877.319444444445
251 30372.39448604493
252 31994.502398903358
253 32531.443649982975
254 31645.21103117506
255 32310.220557491288
256 34672.36017520216
257 32414.56071179344
258 30199.04537815126
259 32838.67332002661
260 32702.77896138482
261 33428.9523649782
262 33539.61968911917
263 31921.08428860418
264 36319.513388429754
265 33546.45288858322
266 36111.88964810386
267 34902.45366861867
268 33042.946135012244
269 35774.59505512864
270 33100.556704584626
271 35525.09918200409
272 34217.020944148935
273 32655.06046511628
274 35118.75102739726
275 35729.734476843914
276 35258.83036935705
277 40166.28660949868
278 36204.9388034188
279 34161.22463768116
280 34272.98322920092
281 38465.73128205128
282 34385.31973267675
283 37091.51328903654
284 35215.32671957672
285 35115.504347826085
286 34719.0563654033
287 36569.863715580344
288 37597.25156794425
289 38761.55003357958
290 35758.822408026754
291 35058.87166146375
292 37282.727517682724
293 35555.72584343269
294 37141.580852503386
295 37216.14206896552
296 36872.487945670626
297 39586.04066985646
298 39055.625802093884
299 37218.591324974586
300 38710.47080914988
301 37212.76820728291
302 38163.88847957133
303 38233.27353646012
304 38510.657
305 38098.41215764863
306 37621.56808149406
307 39501.68034701368
308 39584.57142857143
309 42191.820530973455
310 39347.288
311 41851.32636986301
312 41141.16243478261
313 41302.127260769485
314 40811.602635914336
315 42232.769791666666
316 44026.86021505376
317 38985.21063394683
318 40833.30819112628
319 40004.62095106823
320 40488.311904761904
321 41912.195869420386
322 39616.45783521809
323 44078.340893929286
324 44107.794147325934
325 41201.23868588669
326 38895.56068965517
327 41772.1386001386
328 44060.02742474916
329 39690.905303030304
330 41782.370307167235
331 46497.33545576408
332 44076.62362637363
333 45954.648657498365
334 42909.69714095745
335 41752.66643454039
336 44248.3544991511
337 43460.8044077135
338 42963.280248190276
339 43187.71070234114
340 46239.977953840855
341 45949.75154639175
342 48890.2959148644
343 44915.343938379105
344 45644.24313326551
345 42560.80348598769
346 47129.04489112228
347 47266.28019158399
348 46953.50601983003
349 44319.65999332666
350 46757.859768550035
351 52635.43396857238
352 46045.166609647626
353 44001.37809557028
354 47422.16949728261
355 52357.84716459198
356 52416.11733684904
357 48977.740677386246
358 46761.33535557803
359 49108.95023380093
360 52385.48671375715
361 55001.599861783
362 51758.06463620981
363 53942.884393063585
364 52375.93487603306
365 52590.02459546926
366 47984.95264431386
367 49879.942413793106
368 49534.35797799175
369 51871.575726842464
370 50808.24817518248
371 59983.98907849829
372 51070.752808988764
373 53291.63462184874
374 47740.13507995917
375 51835.11666107945
376 55258.67148396193
377 49473.32608695652
378 53581.56327106098
379 57859.70344827586
380 53602.58961937716
381 56087.289312457455
382 58731.05331556148
383 53253.53081375553
384 59769.354439091534
385 53066.82961460446
386 53005.5480836237
387 63047.57450386815
388 57775.63092783505
389 62666.6370967742
390 55969.99402786994
391 53536.78383007879
392 54390.46125461254
393 54315.39187327824
394 57025.23501683502
395 56624.11338842975
396 67706.14093054619
397 58128.8658495063
398 57301.60459614735
399 60005.59709557582
400 70466.06555740432
401 54320.58106712565
402 65318.94602851324
403 59340.47818619031
404 57643.365526492285
405 60937.51237458194
406 63941.34981623789
407 68847.13523743978
408 74535.10129163835
409 80508.52706359945
410 65121.47574819402
411 71435.0385786802
412 78962.87954239569
413 76952.03829059828
414 69134.04422687374
415 76449.20187630299
416 68685.66745923914
417 78108.00721153847
418 80350.16782487839
419 67460.71811858231
420 73108.04818865345
421 60955.84686774942
422 88002.56355645707
423 64084.189296333
424 90178.62935656836
425 81515.93521991135
426 72470.067802385
427 72072.4859813084
428 87638.29633436108
429 93687.05637676177
430 92437.72161046111
431 98062.01924353019
432 91308.06956521739
433 107638.09690864883
434 83344.60027855153
435 94487.51183533447
436 73278.18259723138
437 90848.75267333564
438 77327.62597226919
439 103115.69863481229
440 94762.61651917404
441 88005.85758091992
442 96056.73128915265
443 105356.18590398366
444 90961.24537192864
445 123635.98662092624
446 98196.42979452055
447 101789.2534923339
448 101448.78030050083
449 115842.15835065836
450 94579.93360853114
451 112437.78106911815
452 101770.18739635158
453 123393.12273641852
454 140558.16047745358
455 188798.9871967655
456 164651.96123767426
457 105323.617095205
458 129640.54856766546
459 128654.0260311021
460 151872.9318885449
461 185974.4398766701
462 279103.1939581188
463 150881.0891318754
464 143444.40111511972
465 224763.64106004697
466 161327.29550908468
467 384953.702738811
468 154398.87410926365
469 244507.74469496022
470 117258.50174947515
471 350607.44826412527
472 327192.82258064515
473 293518.26192098093
474 235850.72543059778
475 192178.13484692122
476 283733.14256410254
477 268105.9119136011
478 379256.93473827327
479 281360.0709389993
480 565815.5492371706
481 816453.5241545894
482 402273.83437283436
483 731768.939738292
484 1549530.4719529087
485 1054179.3572413793
486 470835.5281312793
487 795601.6266353573
488 2963505.308948622
489 657561.8007467752
490 3828846.988952126
491 4731501.3004726535
492 7248104.810957051
493 2374065.614784673
494 7003540.915405777
495 3611095.6748240027
496 2353103.8407534244
497 6518679.042176871
498 4107076.171755725
499 5980907.471121558
