1 4765.270148949194
2 32245.656344869458
3 47401.69613034623
4 70001.8428978429
5 82301.95747290943
6 146642.33319943765
7 131321.21471774194
8 174370.61608405737
9 178917.89392420292
10 206392.03219106956
11 209396.23760932946
12 231315.57434460675
13 264129.3480194018
14 251879.64577319587
15 258521.44677754678
16 268953.6801374015
17 265398.9268390459
18 330640.5787794176
19 334652.7641546271
20 394837.54752233956
21 397176.70565886825
22 433530.2693658335
23 444150.7872038874
24 496270.74442231073
25 494939.86468580604
26 507352.8773623665
27 527810.9663663664
28 475177.53832263243
29 494251.6565024233
30 614713.6453034248
31 595770.2823553466
32 591568.1971370144
33 678183.3404945277
34 675335.8423153693
35 614768.6529552715
36 632728.7072916667
37 714053.5239335069
38 869602.4943441158
39 746525.4171090241
40 777008.2860008023
41 746791.0392515762
42 759019.5545895674
43 770481.976833199
44 776154.9665358397
45 903323.1686201933
46 909092.0173859685
47 851375.5305466237
48 945989.3846001583
49 1019728.7889160555
50 972532.9415427883
51 963212.8751258812
52 1024581.7792099792
53 1020186.3093074904
54 1004234.8253968254
55 1002174.5277055411
56 1017996.9543610548
57 1069671.5551695954
58 1030043.9371221282
59 1186934.246212121
60 1068306.014675907
61 1118260.5889708898
62 1081243.406469761
63 1138713.0853391686
64 1200588.1443839483
65 1155348.6792796438
66 1279265.0244498777
67 1341184.020470829
68 1312653.4210418377
69 1315962.46252588
70 1380352.4929465528
71 1301152.7540160643
72 1364888.59182856
73 1294004.1857490866
74 1488774.7230237757
75 1396688.917579136
76 1461150.0544286
77 1353081.7117080993
78 1496691.28125
79 1500797.1759128505
80 1376108.6302809783
81 1595284.37968343
82 1518433.7970094224
83 1516621.740342493
84 1469563.696804207
85 1664058.331946096
86 1559923.4100452862
87 1548889.489481066
88 1600651.8535464536
89 1594462.658639374
90 1738222.2038539553
91 1695212.8610271902
92 1685119.6096355775
93 1833078.2337272181
94 1741337.3850299402
95 1786256.9814037192
96 1801740.4055318283
97 1945451.9511646915
98 1814869.3539568346
99 1842122.0725689405
100 1904284.4260070967
101 1935412.5667602245
102 1940475.198249542
103 1904249.9827551635
104 1829160.253651512
105 1950562.0078979344
106 1988925.9108727048
107 2069354.718275154
108 2049395.4328027403
109 2047901.3570559612
110 1977261.0162451162
111 2031433.706365092
112 2002087.3160040774
113 2150715.7360111913
114 2146829.656365884
115 2220323.5311326347
116 2146581.26769418
117 2178993.314885115
118 2223427.409090909
119 2253379.4505695687
120 2159716.3322334504
121 2175883.5939076054
122 2271295.0995566305
123 2325602.4885139256
124 2191675.072452069
125 2440662.192354616
126 2344038.5738671003
127 2381429.1447368423
128 2548669.4257526444
129 2472893.0646358132
130 2440199.249593496
131 2331773.1062035738
132 2535894.134153722
133 2508039.997953755
134 2367941.2013368444
135 2583879.884289176
136 2567664.7230208544
137 2588152.0486928755
138 2672537.4590790267
139 2554380.8664252665
140 2578608.675758193
141 2764303.1493083807
142 2717669.8528648433
143 2702917.2860979135
144 2684276.5239844867
145 2595162.789505796
146 2805403.9980087616
147 2655861.4206161136
148 2770671.6558853635
149 2887053.431841406
150 2679738.0295135356
151 2764463.3619104717
152 2806888.1599919093
153 2952187.8331313133
154 2868018.8230706076
155 2946806.9097392014
156 2924851.257172131
157 2943151.938411004
158 2984427.4491644856
159 3014627.6287148595
160 3147442.473173629
161 3018067.2320992677
162 3081493.286251236
163 3058059.4275420336
164 3319499.910646005
165 3070242.090333129
166 3174747.610563091
167 3065074.529602595
168 3067523.602002002
169 3122088.4917538213
170 3066818.7750963294
171 3354939.8176684147
172 3219140.305622977
173 3255184.144201268
174 3163755.6786798947
175 3385334.4871900827
176 3395006.8451756155
177 3436745.723123123
178 3466984.846264368
179 3412026.92377747
180 3299469.7684509326
181 3366688.681298489
182 3525588.5052740434
183 3580310.4405052974
184 3349343.440619968
185 3481262.180960197
186 3427590.1678
187 3619956.391446695
188 3416425.0899078893
189 3732146.800040355
190 3655422.883711254
191 3674998.612331251
192 3554682.6238396624
193 3767463.0853609084
194 3622561.577039275
195 3597588.393593144
196 3711669.5636700266
197 3682199.1426834213
198 3712006.8971924027
199 3799144.870287799
200 3602489.910002088
201 3941019.754437252
202 3858880.8398950133
203 3740366.5529925185
204 3911660.5419496605
205 3905612.8220883533
206 4079744.8468559836
207 4098943.7097772276
208 4019841.4205816556
209 3950933.5416666665
210 4061283.850148075
211 4014752.9105987055
212 3978502.601401401
213 4030024.1641671667
214 4310348.755210381
215 4105955.1122199595
216 4231115.117931173
217 4403787.450070893
218 4189903.6770956316
219 4215683.935580375
220 4469567.2270688955
221 4243536.781616162
222 4251223.107142857
223 4433031.277485853
224 4291358.83988475
225 4171326.0054740957
226 4411343.622981367
227 4390046.874922344
228 4344051.729827379
229 4715168.275123559
230 4376443.985480573
231 4267152.835830084
232 4396848.943838063
233 4523076.502002403
234 4396408.526778577
235 4550888.934751773
236 4670410.386836261
237 4598324.964757709
238 4564815.364760746
239 4618526.664163961
240 4557942.088150881
241 4864014.347754088
242 4475084.906444906
243 4706159.652699436
244 4568108.432210353
245 4639849.870336391
246 4739255.2059304705
247 4883665.538616656
248 4866626.192778458
249 4951252.122444849
250 5036037.0369079355
251 4993907.112288567
252 4982568.698848718
253 5158457.16011846
254 4812464.856436663
255 4829281.542207792
256 4923288.848841934
257 5086263.777298569
258 5065324.008020855
259 5009230.73877551
260 5041874.582471089
261 4854027.376831683
262 5054174.44494659
263 5132042.594889759
264 4943551.077453366
265 5151194.3027504515
266 4985749.694684052
267 5351747.71213355
268 5370395.95893386
269 5432650.646103228
270 5390314.116636345
271 5029555.383437437
272 5642914.566930734
273 5159411.628231018
274 5293358.350686616
275 5323510.5036378335
276 5685642.331127156
277 5237665.011140369
278 5377960.398298217
279 5529210.625
280 5705821.658011273
281 5552761.999208234
282 5563113.054716211
283 5523794.527613613
284 5714533.263317805
285 5532744.902039184
286 5798672.707566053
287 5930090.565190777
288 5912324.027226203
289 5795680.98206278
290 5605330.698263819
291 5801403.95357717
292 5649388.1452536015
293 6044592.731507397
294 5718374.583807974
295 5927693.238802931
296 5741914.990150753
297 6035751.261188119
298 5754810.958588331
299 6200983.540568159
300 6033556.300304568
301 5885183.550418493
302 6246484.510972418
303 6363259.7210137695
304 6223482.467653277
305 6554184.466720944
306 6529646.995182658
307 6253323.677740203
308 6236863.883390793
309 6842374.824112304
310 6880021.127655229
311 6488020.175786035
312 6688106.855172413
313 6458713.315370483
314 6122183.496711878
315 6942096.760526316
316 6288852.721649485
317 6837121.088897828
318 6363658.167180119
319 6597348.590800951
320 6545407.640007977
321 7046463.017185604
322 6772464.511405296
323 6894577.817204301
324 6488507.1169451075
325 6735930.448310338
326 7131826.992227449
327 6454342.50112222
328 6890665.819939577
329 7246325.594182826
330 6967401.72548215
331 6674673.365396627
332 7541671.981522394
333 6480806.8022540985
334 6627592.031613298
335 6929570.303280338
336 7614223.4085132135
337 7561538.526565074
338 6811571.759442537
339 7538472.20221998
340 7712286.17027559
341 6889612.02042922
342 6967455.4733631555
343 7443443.0026125405
344 7127662.028058135
345 7686201.0394295305
346 8163738.489969605
347 7688983.666137356
348 7412213.812411276
349 7466387.505565675
350 7286223.383419689
351 7417303.71213355
352 7194805.925809617
353 7822869.278726062
354 7628442.386604235
355 7688054.868134129
356 7029233.730098256
357 8129841.218005652
358 7626232.560184258
359 8153109.559499798
360 8052068.82631794
361 8267344.303382029
362 8107015.3464116715
363 8250602.34552283
364 8334073.292712798
365 8594487.553968579
366 8459263.29279098
367 8619147.270140281
368 8059698.635593221
369 8411719.047986986
370 8911629.132739862
371 7930654.224826743
372 7955773.069962296
373 9590151.845657868
374 8085094.471328382
375 8437003.494887525
376 8974733.52043707
377 9406868.149238782
378 8251446.916093813
379 9180257.164805625
380 9664180.438735178
381 9055461.861562872
382 9746639.763602251
383 8441512.777422577
384 9658862.456526125
385 8850861.527199192
386 9468749.529506223
387 9643303.644081308
388 8871529.009433962
389 9037719.93994112
390 9544673.180891465
391 9199891.392592592
392 9400426.044126537
393 9280948.891781937
394 9539443.94010522
395 1.2253513302676596E7
396 9283005.557278035
397 1.0150920081075616E7
398 1.0481357960648606E7
399 1.0653011809667068E7
400 1.1077150207010994E7
401 1.1460660054534314E7
402 1.2189930158014009E7
403 9732222.941789215
404 1.0617518492940942E7
405 1.187293102124183E7
406 1.1316716061342116E7
407 1.061071158605401E7
408 1.4003536840667069E7
409 1.1777402785204284E7
410 1.2750345928615384E7
411 1.2391333364545818E7
412 1.2850841187728565E7
413 1.2156631105360065E7
414 1.305820277440525E7
415 1.5003631471005676E7
416 1.1639463859123344E7
417 1.3074592972540984E7
418 1.6533739643931795E7
419 1.1970946162472317E7
420 1.5543104060569596E7
421 2.1234669981078904E7
422 1.41582163263761E7
423 1.3999490143580751E7
424 1.831562918607517E7
425 1.5409424230081132E7
426 1.9539058568524852E7
427 1.3860899227347273E7
428 1.3534934845271073E7
429 1.3125624728820598E7
430 1.5487308278688524E7
431 1.8981940174759272E7
432 2.3815148981851548E7
433 1.820629609664616E7
434 2.570399769613595E7
435 1.9723184056711145E7
436 1.9168514641826924E7
437 2.2353369952505533E7
438 1.7763872978319783E7
439 1.9076835613493312E7
440 2.257817032193159E7
441 2.2150663052990455E7
442 2.497376801654412E7
443 1.8773748623140495E7
444 1.7875237299736362E7
445 2.7012265840073157E7
446 2.4383707468979593E7
447 1.819149077245509E7
448 3.0179997014940646E7
449 2.8320839224278163E7
450 2.4991488882090762E7
451 2.6154322078490116E7
452 3.985317406556033E7
453 2.8042057440880116E7
454 2.025952092192623E7
455 3.139856275106426E7
456 2.5621126695354626E7
457 3.7012165616963916E7
458 2.6821592871255063E7
459 3.1383245007679537E7
460 3.5729962835672155E7
461 3.566172488719696E7
462 3.253075888199265E7
463 3.906177692038795E7
464 4.9653705231687576E7
465 3.132276727711813E7
466 5.398282308541209E7
467 3.635695371930517E7
468 3.796653022970779E7
469 4.867941203545111E7
470 4.157571322781675E7
471 4.581562098129881E7
472 5.635178281906301E7
473 4.6542478140237756E7
474 3.48012576097512E7
475 4.174426680911681E7
476 3.7962788418538176E7
477 5.159939055026031E7
478 5.6269520003657795E7
479 3.547638168076536E7
480 5.33492706074579E7
481 6.350613730493827E7
482 5.905964367937824E7
483 5.808508939604159E7
484 4.211206275954276E7
485 4.8479590813750744E7
486 4.35104055859545E7
487 5.938910734823958E7
488 4.2835421429782085E7
489 5.043541390647922E7
490 5.135852210962291E7
491 6.830051052078289E7
492 6.63717161159657E7
493 5.142746999900616E7
494 5.649823632588645E7
495 6.589715773618756E7
496 6.585287723100679E7
497 4.9980509945841E7
498 7.044546357022414E7
499 4.349504591052526E7
