1 311.0033311125916
2 335.49390042861853
3 662.5671950379049
4 613.0629394040843
5 667.818462594372
6 935.5430107526881
7 1165.2238703001035
8 1408.092218032225
9 1274.0701290109164
10 1215.66344873502
11 1519.712780421482
12 1422.7998626845176
13 1491.6585782638415
14 2327.3051752921538
15 2282.8656410256413
16 1840.7022510231923
17 2213.772664835165
18 2198.5493155493155
19 2212.479008947006
20 2466.423533401153
21 2510.4429752066117
22 2593.71319178559
23 2894.6957680773075
24 3366.1864874181315
25 3124.0367994598246
26 3580.2343802769333
27 4496.224627875507
28 3388.1674796747966
29 3732.330724736305
30 3705.2713618157545
31 4024.8684392265195
32 4038.1211257570358
33 3885.4128919860627
34 4537.920656634747
35 4099.7132063074905
36 4769.242166212534
37 4482.986887508627
38 5248.917554105118
39 4677.289264756645
40 5564.353217158177
41 4641.419429708223
42 5032.574747474748
43 5267.166496772002
44 5446.827834041163
45 5495.139360978926
46 6482.910226899046
47 5481.984893267652
48 5863.192783869827
49 5711.24209486166
50 5789.744049672301
51 5730.787058435127
52 5905.224436458674
53 6430.730191256831
54 6340.12082616179
55 6176.212142117972
56 6971.430413223141
57 7356.949726402188
58 6504.891340688733
59 6283.246450304259
60 6241.046832884097
61 6714.5735785953175
62 6917.6160081053695
63 6869.903671269788
64 7453.317734825365
65 8380.689142461964
66 7975.992805755395
67 8326.21827586207
68 8844.091850828729
69 7833.111692844677
70 8104.467493297587
71 8772.708980418636
72 8525.124075319434
73 9881.33044058745
74 8189.431718061674
75 8767.032096288867
76 9146.225785123966
77 9624.785034013605
78 9175.412127440904
79 8602.430696416497
80 9948.220877981334
81 10731.45903814262
82 9927.10836627141
83 9527.862751792421
84 10128.11988011988
85 9793.859450171822
86 10801.856948691811
87 10452.18840082361
88 11591.893516963386
89 10225.367388362652
90 10884.70609919571
91 11734.086137281292
92 11377.10294117647
93 9756.44776119403
94 11853.16916269571
95 10970.665006640107
96 11467.930463576158
97 10824.531594784354
98 11624.138068370396
99 11899.478363759297
100 11714.24551724138
101 12809.464631956913
102 11853.723926380368
103 13840.073903818953
104 12600.356202356203
105 12715.299966181941
106 13216.028193525932
107 12807.799659863946
108 12965.910213618157
109 13945.70802175391
110 11951.192766973729
111 13536.67330130405
112 13504.864639037432
113 12831.24025974026
114 13695.992967180175
115 14584.291245791246
116 13299.932220708446
117 13382.86748216106
118 14213.71132267936
119 14149.887439945092
120 14015.316519972917
121 15749.028689941237
122 13900.49778836339
123 15089.504887091338
124 14496.841538963155
125 15488.79780146569
126 15499.193692149469
127 15035.47131147541
128 15189.363852153272
129 16087.697493224932
130 15209.796308954205
131 14694.525738957158
132 16262.694396699897
133 16744.890406395738
134 16117.02027491409
135 15581.173018549747
136 15398.865913902611
137 16032.665413533834
138 17069.3600552868
139 15702.634596695822
140 16677.17743031951
141 16950.397302904563
142 16393.86869043417
143 15169.541054739653
144 17125.79454855196
145 16272.6518861681
146 16092.223926380368
147 18326.665314401624
148 17770.12405757368
149 17866.06116409076
150 17393.13092016238
151 18425.50881355932
152 18324.96685082873
153 18567.251776649748
154 17674.496907216493
155 17443.87170715019
156 18603.902222222223
157 18204.011293634496
158 18666.551221166894
159 19332.266145479265
160 21212.16622691293
161 19417.4662411824
162 19130.66132879046
163 19121.714525891057
164 19105.25
165 19911.804430598822
166 19724.504221546777
167 19986.525435302152
168 19992.774550484093
169 21339.825716234653
170 19366.97207859359
171 20076.857540926507
172 21749.39622004725
173 19947.08205652026
174 19260.18614270941
175 21571.450495049507
176 21182.753177257524
177 21360.551625580563
178 21029.866022099446
179 21248.74975401771
180 21146.419411352486
181 21304.952095808385
182 21552.641107561234
183 21268.61078667125
184 22940.024725274725
185 21881.06318306011
186 22422.327942188575
187 21471.63109444255
188 23116.977688977688
189 21927.591520861373
190 21480.20288881424
191 22789.320252743597
192 25035.650442477876
193 23378.59781529295
194 22564.193978788917
195 21540.861984626135
196 24268.59876754536
197 22970.257086999023
198 25013.511627906977
199 24235.808771929824
200 23989.34189189189
201 23993.036369703037
202 24168.22537508154
203 24825.365828092243
204 24990.878252168113
205 24291.995853489978
206 24004.44424778761
207 25536.696101299567
208 25479.26158707865
209 24681.87985274431
210 25116.583789329685
211 25112.876373626375
212 26578.250085999312
213 25496.774371339994
214 25655.415986394557
215 24663.825537726185
216 25033.79965397924
217 28423.08431237042
218 24851.52431712192
219 26103.609449354182
220 25432.58367768595
221 26838.255910987482
222 28842.86275886276
223 25666.264569181265
224 25900.702473737718
225 26841.01270053476
226 27874.588376068376
227 26737.20507614213
228 29041.255474452555
229 27343.68267638291
230 26588.967654068776
231 28066.559701492537
232 28786.470865611318
233 27165.465528781795
234 31391.286454733934
235 27532.518296739854
236 27991.66967697117
237 28145.964981830195
238 26849.508229761504
239 28950.18674071503
240 29858.428125
241 30479.09935789118
242 28015.837373737373
243 34591.53212243525
244 28443.585757271816
245 28535.269114179857
246 30481.036805555555
247 30601.689244383935
248 30381.98060564818
249 31392.71030183727
250 29924.145997938853
251 30209.111073712556
252 30378.618799861255
253 29141.762769969147
254 32078.82356902357
255 30318.42105263158
256 31485.090438384537
257 32847.51128590971
258 30154.43045685279
259 30844.97436740059
260 34653.5712338105
261 30930.620917189048
262 32105.61722488038
263 32061.561193006513
264 31712.613296206055
265 32478.396593673966
266 32306.471355060035
267 32219.344486172755
268 31361.80560242997
269 31051.6662238459
270 33827.617100371746
271 31851.646153846155
272 33022.61506565307
273 32769.09610123119
274 31118.009424083768
275 32901.64700033145
276 34271.47567199728
277 33671.827012641384
278 32784.27895652174
279 33506.79360852197
280 33143.957344341245
281 34812.192217376716
282 34817.531440162275
283 36925.37113402062
284 32818.131354486526
285 33604.93007694881
286 36602.017988007996
287 32875.271986417654
288 35872.59596305166
289 37649.56624383369
290 35436.34206052363
291 37183.11896782842
292 35770.94459279039
293 34772.361347285805
294 34610.52713952714
295 36803.482
296 37051.57918710582
297 36587.184427581655
298 36327.80717020536
299 37293.2666894899
300 35003.68909512761
301 38274.946096047046
302 35356.76830937714
303 37420.35898293744
304 37126.14897959184
305 36708.625
306 37529.95990644838
307 40282.87864721486
308 38946.93616310161
309 38109.68445945946
310 37880.23541594753
311 39783.62665759946
312 38538.875512995895
313 47395.93703199455
314 38667.084064821065
315 40747.42343541944
316 39108.12952316537
317 40165.879559532004
318 38325.553872053875
319 39737.920805369125
320 41851.10912162162
321 38734.793855302276
322 42508.65947075209
323 42613.544581618655
324 42141.86812458582
325 37180.68892733564
326 40688.836616847824
327 40439.3381443299
328 39398.03962131837
329 44997.03649635037
330 43327.492171545266
331 40599.33981576254
332 42072.69800768962
333 41291.684775086505
334 44539.3852112676
335 42405.02048114434
336 40597.08568548387
337 42061.60425970457
338 41194.83168654174
339 45155.03727333781
340 42068.819277108436
341 41410.0873655914
342 40477.55153768165
343 40346.13492063492
344 43421.4222737819
345 43847.34335924299
346 47644.914371058745
347 40792.245625841184
348 46239.75234456408
349 44736.73542298618
350 43757.36053260499
351 42376.89499474974
352 46954.68643490116
353 43965.428816466556
354 56786.19518072289
355 42477.3115818244
356 45974.67
357 46072.07393397524
358 47455.334921715454
359 53623.90552523875
360 46278.491355463346
361 44869.20714285714
362 46905.43309253526
363 48813.705369127514
364 50090.17448777264
365 46772.888664648504
366 50376.793709841055
367 50030.42979159549
368 47846.47721739131
369 48197.438486842104
370 44935.28527918782
371 57274.35976454293
372 46736.334510433386
373 53784.138703208555
374 51100.516052720515
375 48673.62627637849
376 50311.32096664397
377 50994.04610281924
378 51867.79544658494
379 49452.18088284102
380 49063.810519217805
381 51629.26221610461
382 47785.07525423729
383 46149.42659758204
384 52019.08927967535
385 56956.02848211185
386 46541.09959623149
387 61819.33776414451
388 50146.07430856381
389 65971.24482173174
390 54459.16491347133
391 49827.02653963933
392 53971.52036973639
393 49179.202792553195
394 56721.54655172414
395 53828.51210235131
396 51821.88181510328
397 55114.022851296046
398 51893.38066465257
399 51486.158762193074
400 60064.09209621993
401 55182.71373239437
402 60569.70893275343
403 62939.33950201884
404 53895.768374915715
405 60400.251992031874
406 54635.26453388373
407 62430.47068676717
408 54654.07434944238
409 57448.696016771486
410 75714.90313490666
411 60600.43241355222
412 65670.05010295127
413 60936.59151636607
414 67931.96439471007
415 64993.373779637375
416 68304.13158789527
417 55860.95467032967
418 60018.65925668635
419 66886.65934065935
420 64676.79426475492
421 64654.23150684931
422 61001.98668487538
423 63127.169447170425
424 60869.91647019199
425 81744.41094458
426 60565.41120864281
427 72486.33310415951
428 74839.05535178393
429 98480.61139542818
430 78951.26566164155
431 86252.6091994382
432 83460.84552568902
433 104994.95807770961
434 72949.66060817897
435 79652.56981132076
436 116756.19513031551
437 82345.19883641342
438 91229.10344827586
439 93915.02818791947
440 76815.84973913044
441 73684.43233082707
442 80683.51138294258
443 85584.07631759069
444 87736.6117566644
445 78348.46702923182
446 74212.7437117607
447 66339.93631840796
448 105869.29158249158
449 105939.16960425673
450 85187.90289054888
451 93787.14063534084
452 145756.53385930308
453 103639.00171057133
454 102964.45426725603
455 95167.28422515636
456 121210.31485284051
457 110026.9434856176
458 175025.1290849673
459 110684.69407783418
460 133516.36684599865
461 112416.60140797854
462 159243.27024221452
463 130218.8640608786
464 93986.2462633452
465 202661.36659589526
466 110141.16442501682
467 164519.28230148047
468 76305.20343550017
469 229999.47854223434
470 264400.9208250166
471 161381.17288135595
472 161864.00441876275
473 231062.47840422025
474 141455.7877673797
475 233478.4965011663
476 424229.0412265758
477 490338.08589362405
478 201539.9361632116
479 382934.6546374368
480 312770.0472146739
481 429926.0514933059
482 390330.576486306
483 783904.0043463724
484 890036.2364139841
485 808847.7541563495
486 488801.599796334
487 1926731.6159944846
488 1608015.6818774445
489 2153980.995818815
490 847249.8121133181
491 710870.6793248946
492 4710428.889924086
493 3255994.5732118757
494 3061930.6209563995
495 1209308.7862257075
496 3604278.2247112356
497 5065122.088536505
498 5350446.014613778
499 493566.19918283966
